1591008913.65871215,0.25832537,0.06298769,1.02150357
1591008913.67008853,0.24981967,0.06755835,1.02200902
1591008913.68249941,0.22281095,0.08105564,1.02301979
1591008913.69407153,0.24460825,0.06969884,1.01821852
1591008913.70668554,0.25592688,0.06579289,0.99193811
1591008913.71831250,0.25044325,0.07323353,0.96616298
1591008913.73057508,0.25601444,0.07800199,0.93609208
1591008913.74216032,0.26422489,0.07662509,0.90779001
1591008913.75451088,0.26423535,0.08047663,0.89919835
1591008913.76610518,0.25970054,0.08068107,0.91334939
1591008913.77845287,0.26197386,0.07714309,0.93407047
1591008913.79027057,0.25387913,0.08424611,0.96388870
1591008913.80261207,0.26109317,0.09404185,0.97071159
1591008913.81417918,0.27240089,0.10577363,0.95959288
1591008913.82662368,0.27399114,0.10869472,0.93685013
1591008913.83824205,0.27074635,0.11375286,0.91486555
1591008913.85060072,0.27971157,0.10308115,0.91082245
1591008913.86215591,0.27762973,0.09701419,0.91562361
1591008913.87452149,0.28688914,0.09392616,0.91006434
1591008913.88608599,0.29432702,0.09245035,0.90602118
1591008913.89869285,0.28322777,0.09869458,0.89793485
1591008913.91024947,0.27839354,0.08633567,0.90273613
1591008913.92258787,0.27751997,0.07438914,0.91334939
1591008913.93413877,0.27429932,0.07077619,0.92648959
1591008913.94646978,0.26814848,0.07999250,0.93508130
1591008913.95829535,0.27089888,0.08088890,0.94089335
1591008913.97064948,0.28290504,0.06551695,0.94771612
1591008913.98222327,0.28865331,0.04970192,0.95378083
1591008913.99462223,0.28518105,0.04549594,0.95100123
1591008914.00621009,0.27485952,0.04452454,0.95554972
1591008914.01853871,0.24231941,0.03625904,0.98764217
1591008914.03013396,0.24016401,0.02396819,1.02706289
1591008914.04252458,0.25337020,0.02762878,1.03995049
1591008914.05409026,0.25668043,0.02428514,1.03464389
1591008914.06669354,0.25317726,0.03316745,1.04045582
1591008914.07831454,0.26971608,0.03298676,1.04828942
1591008914.09045076,0.28534389,0.02742426,1.04374087
1591008914.10227799,0.29338855,0.02244461,1.03287494
1591008914.11461282,0.30372977,0.00753628,1.01316464
1591008914.12607121,0.32117900,-0.00702095,0.99143267
1591008914.13855720,0.32485667,-0.01381729,0.98284101
1591008914.15013170,0.32017249,-0.01427744,0.98688412
1591008914.16247416,0.31929463,-0.01994224,0.99320161
1591008914.17431116,0.31477377,-0.01869141,1.01038492
1591008914.18667006,0.30940744,0.01444849,1.02857912
1591008914.19824910,0.30823055,0.03799038,1.02731562
1591008914.21058083,0.30651885,0.03774503,1.01392269
1591008914.22214818,0.30698681,0.01169799,1.00330949
1591008914.23450160,0.31292373,-0.02913134,1.00204599
1591008914.24611783,0.32967368,-0.08990057,1.03262222
1591008914.25849533,0.28740522,-0.07832845,1.04374087
1591008914.27006674,0.23717630,-0.02296902,1.03135872
1591008914.28266644,0.20757523,0.00842926,1.02352512
1591008914.29422283,0.20058337,-0.00202088,1.01089036
1591008914.30656672,0.24582717,-0.04013707,0.99522316
1591008914.31815004,0.29030463,-0.09216008,1.00962687
1591008914.33065629,0.31567091,-0.13210376,1.01316464
1591008914.34216523,0.33092341,-0.13649958,1.00659442
1591008914.35453725,0.35181016,-0.13464071,0.97677624
1591008914.36611557,0.36729538,-0.13694587,0.93609208
1591008914.37850285,0.37089920,-0.14246021,0.90854818
1591008914.39009619,0.37650517,-0.15216571,0.88454193
1591008914.40245724,0.42084846,-0.19905120,0.84992248
1591008914.41427279,0.42582336,-0.20327440,0.83551872
1591008914.42667246,0.41224727,-0.17741811,0.82894868
1591008914.43824506,0.37108210,-0.13406029,0.85017520
1591008914.45050311,0.33850393,-0.09580712,0.89187014
1591008914.46209073,0.33560449,-0.08459692,0.92042488
1591008914.47445393,0.35726860,-0.08181150,0.93786097
1591008914.48629189,0.33232263,-0.05481012,0.94872695
1591008914.49864650,0.30134004,-0.03530740,1.00886869
1591008914.51020741,0.29590902,-0.06128974,1.01948202
1591008914.52256989,0.29697165,-0.07178073,0.98966384
1591008914.53415108,0.31280819,-0.06175650,0.96085638
1591008914.54661465,0.31187826,-0.06450699,0.93558663
1591008914.55823159,0.33085272,-0.07286440,0.92901653
1591008914.57059526,0.34496418,-0.07382212,0.91537094
1591008914.58215404,0.35024911,-0.06121448,0.93735558
1591008914.59451151,0.35324994,-0.03800685,1.00507832
1591008914.60607505,0.34439537,-0.00699055,1.07608604
1591008914.61850929,0.34923321,0.01971760,1.11929727
1591008914.63025451,0.34161478,0.09601811,1.16730964
1591008914.64263487,0.37157190,0.10489702,1.15972877
1591008914.65424442,0.36527753,0.10881685,1.11399055
1591008914.66659808,0.35437495,0.08475709,1.05309069
1591008914.67815804,0.38428065,0.03420372,1.00330949
1591008914.69050598,0.40789863,0.00020153,0.96970081
1591008914.70206499,0.41935524,-0.01815270,0.95554972
1591008914.71452236,0.42651561,-0.03895760,0.94645262
1591008914.72610664,0.43620190,-0.05388982,0.94064057
1591008914.73850727,0.43311462,-0.05467714,0.93280703
1591008914.75028038,0.43506309,-0.05754356,0.91865599
1591008914.76268053,0.44344625,-0.06955819,0.91259128
1591008914.77434230,0.44423470,-0.08338330,0.91183317
1591008914.78649235,0.44799051,-0.09908447,0.90627384
1591008914.79812694,0.44932392,-0.10688511,0.89793485
1591008914.81047273,0.45113084,-0.11703150,0.87746644
1591008914.82229137,0.46006057,-0.13908775,0.86457884
1591008914.83474827,0.46663287,-0.14540651,0.85194403
1591008914.84619212,0.47689715,-0.13976519,0.85396564
1591008914.85864568,0.47627214,-0.13233744,0.85068053
1591008914.87025833,0.47982290,-0.13338301,0.84689009
1591008914.88260198,0.48065105,-0.14368382,0.83855116
1591008914.89419198,0.48572287,-0.14616132,0.83349717
1591008914.90654302,0.49163708,-0.15718491,0.82465279
1591008914.91810584,0.49952373,-0.15627585,0.81707186
1591008914.93044114,0.49738595,-0.14990731,0.81024909
1591008914.94227314,0.49458423,-0.14284308,0.81833535
1591008914.95464134,0.49367556,-0.13696980,0.82995945
1591008914.96619987,0.49927810,-0.13073744,0.83956188
1591008914.97853804,0.48895785,-0.11524539,0.84436315
1591008914.99009013,0.48873463,-0.10390376,0.83804572
1591008915.00269389,0.49253443,-0.09258495,0.82288390
1591008915.01424408,0.49012360,-0.08252987,0.80797482
1591008915.02658939,0.48906448,-0.08027068,0.80317354
1591008915.03817272,0.49645934,-0.08184340,0.81378686
1591008915.05051637,0.49628839,-0.09218480,0.83400255
1591008915.06213665,0.49464366,-0.09634854,0.85093325
1591008915.07450294,0.49402210,-0.10154864,0.87317055
1591008915.08606720,0.47926965,-0.08521539,0.89945102
1591008915.09867644,0.48319301,-0.08860165,0.92977470
1591008915.11024094,0.49216887,-0.09441087,0.95403355
1591008915.12257290,0.49875185,-0.09801100,0.96515220
1591008915.13411736,0.49867442,-0.09397885,0.96919537
1591008915.14647698,0.50102544,-0.09590177,0.96313059
1591008915.15807891,0.50363004,-0.09814750,0.95378083
1591008915.17050195,0.50685871,-0.11006209,0.94291484
1591008915.18212438,0.51385140,-0.11807185,0.93381780
1591008915.19447827,0.51408648,-0.12372696,0.91815060
1591008915.20631266,0.52150571,-0.12766828,0.90779001
1591008915.21866608,0.52242088,-0.12425014,0.88150954
1591008915.23021269,0.52664399,-0.11732258,0.86432618
1591008915.24255848,0.52972567,-0.10941762,0.85219669
1591008915.25411534,0.53060043,-0.10223989,0.84891170
1591008915.26656890,0.55548227,-0.10621290,0.84840626
1591008915.27813601,0.53300464,-0.09668480,0.86179918
1591008915.29047441,0.51610661,-0.08955225,0.88252038
1591008915.30229402,0.51140213,-0.09192497,0.89869297
1591008915.31464744,0.49554172,-0.08104689,0.90096724
1591008915.32620406,0.48888478,-0.07231554,0.89641869
1591008915.33855033,0.49268577,-0.06778913,0.88428921
1591008915.35010481,0.49692717,-0.07169850,0.86255735
1591008915.36244130,0.49205288,-0.06836508,0.86356813
1591008915.37428880,0.48055634,-0.06740400,0.89060664
1591008915.38644576,0.47010574,-0.07012741,0.91865599
1591008915.39827514,0.46816179,-0.07351549,0.95453900
1591008915.41061354,0.45467266,-0.07216927,0.98789489
1591008915.42216539,0.45797935,-0.07395533,1.00305665
1591008915.43466783,0.46166733,-0.07817493,1.00052977
1591008915.44611549,0.46252665,-0.07593215,0.98587334
1591008915.45845437,0.46383062,-0.08105151,0.96414143
1591008915.47011781,0.47237018,-0.08515118,0.94923228
1591008915.48248792,0.47696856,-0.09291092,0.94013524
1591008915.49431944,0.48118779,-0.10150696,0.94190407
1591008915.50667667,0.48147115,-0.10881200,0.94291484
1591008915.51824927,0.47697333,-0.11653528,0.94240952
1591008915.53058887,0.47315976,-0.12074928,0.93710291
1591008915.54216146,0.46397802,-0.12563151,0.93028003
1591008915.55451298,0.45743605,-0.13039105,0.92118299
1591008915.56606674,0.45490959,-0.13425514,0.90475768
1591008915.57867336,0.46137992,-0.13518275,0.88024610
1591008915.59023666,0.46108732,-0.13346006,0.86685312
1591008915.60258722,0.46558920,-0.12266396,0.85674530
1591008915.61414409,0.46413597,-0.11789095,0.85169137
1591008915.62660217,0.47024062,-0.11430889,0.85017520
1591008915.63816833,0.47197685,-0.11393617,0.84790087
1591008915.65051222,0.47380814,-0.10917680,0.84309965
1591008915.66207004,0.47358635,-0.10451287,0.84006733
1591008915.67445254,0.47400841,-0.09639403,0.84714276
1591008915.68627763,0.47229198,-0.09278457,0.85901958
1591008915.69861341,0.47594705,-0.09833029,0.86912739
1591008915.71025372,0.47653839,-0.10364424,0.87493950
1591008915.72260451,0.48045489,-0.10488069,0.87468678
1591008915.73416042,0.48396429,-0.10109855,0.87872994
1591008915.74654174,0.48734060,-0.10137124,0.88378388
1591008915.75810146,0.49455371,-0.10355324,0.88252038
1591008915.77049017,0.49575648,-0.10868533,0.88959581
1591008915.78207397,0.49626586,-0.11707669,0.90147263
1591008915.79470372,0.50476182,-0.12018599,0.90349424
1591008915.80625463,0.50493085,-0.12980476,0.91031700
1591008915.81849790,0.50396299,-0.13335495,0.91587639
1591008915.83030844,0.50354135,-0.13743703,0.91739255
1591008915.84266138,0.50845098,-0.14007355,0.91991949
1591008915.85421443,0.50262392,-0.13692336,0.91713983
1591008915.86644578,0.49081376,-0.13214576,0.91663444
1591008915.87828445,0.48241243,-0.12487258,0.91158050
1591008915.89064550,0.48395345,-0.12080872,0.90576845
1591008915.90219307,0.49453601,-0.11729960,0.88706887
1591008915.91453338,0.49654928,-0.11271779,0.85775608
1591008915.92609715,0.50147963,-0.10812218,0.84208882
1591008915.93843889,0.50771987,-0.10138994,0.83779305
1591008915.95026159,0.51706529,-0.10302639,0.84031999
1591008915.96260214,0.51980758,-0.10807209,0.85042787
1591008915.97420359,0.51331139,-0.11307213,0.87822449
1591008915.98656201,0.50290918,-0.11310828,0.89742947
1591008915.99812794,0.49939993,-0.11638561,0.91183317
1591008916.01046300,0.49277052,-0.12061769,0.91612905
1591008916.02228880,0.49432233,-0.12146318,0.91789788
1591008916.03463721,0.49444988,-0.11963585,0.91183317
1591008916.04618740,0.49462965,-0.11638561,0.91183317
1591008916.05861521,0.49637076,-0.11602652,0.90981162
1591008916.07012081,0.49830839,-0.12070869,0.90854818
1591008916.08257699,0.50229430,-0.12528177,0.90526307
1591008916.09415460,0.50631618,-0.12193610,0.90349424
1591008916.10657740,0.50755811,-0.11781295,0.91511822
1591008916.11825061,0.50752926,-0.10808478,0.93407047
1591008916.13062596,0.50616264,-0.09996594,0.94114602
1591008916.14218092,0.51101196,-0.09951586,0.94670534
1591008916.15452981,0.51115453,-0.09750667,0.94190407
1591008916.16608977,0.51147449,-0.09465185,0.94923228
1591008916.17869258,0.51599884,-0.09855653,0.96136177
1591008916.19026136,0.52261460,-0.10219280,0.99168539
1591008916.20260572,0.52286911,-0.10891126,1.00962687
1591008916.21415520,0.52462792,-0.09962858,1.02756834
1591008916.22656155,0.52072179,-0.09668307,1.01468074
1591008916.23812318,0.51170266,-0.08873276,0.99244344
1591008916.25047135,0.50116885,-0.09165148,0.96313059
1591008916.26229239,0.49915442,-0.09466121,0.92623693
1591008916.27462935,0.50561202,-0.10632166,0.87822449
1591008916.28618503,0.50906610,-0.11522731,0.83476061
1591008916.29852438,0.50824499,-0.11980991,0.79458183
1591008916.31008482,0.50893986,-0.12552877,0.77082837
1591008916.32267785,0.51118326,-0.12961560,0.75389773
1591008916.33423209,0.51246154,-0.13081132,0.73898858
1591008916.34656978,0.51600778,-0.12449731,0.73317653
1591008916.35813284,0.50745547,-0.11674216,0.73772514
1591008916.37049890,0.50788140,-0.10908246,0.74404252
1591008916.38210249,0.50025225,-0.09579951,0.76198399
1591008916.39446616,0.50010073,-0.08258472,0.78118896
1591008916.40628338,0.50312793,-0.07800244,0.79357105
1591008916.41862226,0.50582552,-0.07955693,0.80848014
1591008916.43018699,0.51118290,-0.07569648,0.83349717
1591008916.44253445,0.50262249,-0.07504214,0.85725069
1591008916.45408821,0.50184476,-0.07642943,0.87847722
1591008916.46647692,0.50297308,-0.07665443,0.89161742
1591008916.47829890,0.49744722,-0.07248600,0.90854818
1591008916.49064851,0.49132845,-0.07114995,0.91966683
1591008916.50220227,0.49293146,-0.06994680,0.92876387
1591008916.51454306,0.49083629,-0.06710079,0.93432319
1591008916.52609277,0.48135415,-0.06227112,0.94796878
1591008916.53869033,0.48307249,-0.06769050,0.94973773
1591008916.55029225,0.49540362,-0.07754757,0.93508130
1591008916.56269217,0.50294614,-0.08797446,0.91815060
1591008916.57425356,0.50145590,-0.08825651,0.90020913
1591008916.58647895,0.50509012,-0.07891078,0.88858509
1591008916.59813905,0.50673485,-0.07093167,0.87974072
1591008916.61048913,0.50821161,-0.07197804,0.87670833
1591008916.62209034,0.49921295,-0.06965351,0.87847722
1591008916.63444662,0.50014949,-0.06890368,0.88252038
1591008916.64626932,0.50975549,-0.07212802,0.87948799
1591008916.65860319,0.51202035,-0.07653850,0.88049877
1591008916.67022729,0.50311685,-0.07491612,0.88631082
1591008916.68261170,0.50477469,-0.07343350,0.89919835
1591008916.69418550,0.50518775,-0.07158618,0.90981162
1591008916.70665097,0.50555992,-0.06897196,0.91966683
1591008916.71824145,0.49791339,-0.07078865,0.92194104
1591008916.73058987,0.50008714,-0.07969143,0.92547882
1591008916.74214768,0.50338769,-0.08905174,0.92421532
1591008916.75448990,0.50517762,-0.09242024,0.91713983
1591008916.76630378,0.50209761,-0.09102017,0.91436011
1591008916.77864814,0.50101173,-0.08778818,0.91006434
1591008916.79025006,0.50564826,-0.08292417,0.91259128
1591008916.80260181,0.50293338,-0.08193773,0.91284394
1591008916.81415796,0.50419736,-0.08258775,0.91562361
1591008916.82651544,0.50274765,-0.08561982,0.91158050
1591008916.83808732,0.50489736,-0.08630186,0.89641869
1591008916.85050130,0.50313199,-0.08328357,0.88681620
1591008916.86206961,0.50028658,-0.08192901,0.88024610
1591008916.87474132,0.50007796,-0.08307905,0.88302571
1591008916.88629651,0.50256741,-0.08225164,0.89085931
1591008916.89868927,0.49932346,-0.08167884,0.89414442
1591008916.91024756,0.50445509,-0.08365171,0.89363903
1591008916.92257071,0.50616765,-0.08298806,0.89060664
1591008916.93412471,0.50211489,-0.07979697,0.88706887
1591008916.94647169,0.50109816,-0.08343355,0.88959581
1591008916.95828915,0.50071406,-0.08807021,0.89212286
1591008916.97062635,0.49883947,-0.09068850,0.89894563
1591008916.98218536,0.49601647,-0.09158394,0.90627384
1591008916.99459267,0.49629667,-0.09287953,0.90248340
1591008917.00616741,0.49633768,-0.09591161,0.89844030
1591008917.01851344,0.49708274,-0.10059376,0.89717680
1591008917.03006577,0.49745396,-0.10057554,0.90147263
1591008917.04265761,0.49555126,-0.09554331,0.90551573
1591008917.05422521,0.49591717,-0.08659263,0.91107512
1591008917.06656742,0.49295989,-0.08666080,0.91233861
1591008917.07812524,0.49092838,-0.08591978,0.91713983
1591008917.09049845,0.49743602,-0.08891555,0.90779001
1591008917.10209107,0.49794105,-0.09224774,0.89540786
1591008917.11443663,0.50315917,-0.09317520,0.88479465
1591008917.12611723,0.50368071,-0.09386168,0.87898260
1591008917.13846755,0.50132883,-0.09417987,0.88024610
1591008917.15029168,0.49779436,-0.09250696,0.88631082
1591008917.16263151,0.49687234,-0.08996128,0.89010125
1591008917.17419147,0.49412933,-0.08665192,0.89363903
1591008917.18653607,0.49507156,-0.08168343,0.88959581
1591008917.19814825,0.49216941,-0.07471845,0.89161742
1591008917.21049833,0.49222562,-0.07164745,0.88403654
1591008917.22231269,0.49389574,-0.06957513,0.88150954
1591008917.23465180,0.49495348,-0.06658936,0.87999338
1591008917.24620438,0.49256703,-0.06202553,0.88959581
1591008917.25853515,0.49377951,-0.06316735,0.88833237
1591008917.27008939,0.49093500,-0.06681094,0.88858509
1591008917.28243971,0.49313119,-0.06885599,0.89060664
1591008917.29434609,0.49208727,-0.07079539,0.89515519
1591008917.30643749,0.49226919,-0.06807888,0.89414442
1591008917.31826210,0.48727158,-0.06871285,0.89692402
1591008917.33059859,0.48964134,-0.07624203,0.89742947
1591008917.34214640,0.49087086,-0.07678056,0.89844030
1591008917.35448194,0.48680034,-0.07902671,0.89970374
1591008917.36622000,0.49023882,-0.08279702,0.90096724
1591008917.37857008,0.48858967,-0.08722916,0.89970374
1591008917.39012671,0.49194553,-0.09170681,0.89464986
1591008917.40258861,0.49306104,-0.09328428,0.88681620
1591008917.41409039,0.49578759,-0.09542537,0.88479465
1591008917.42661309,0.49425873,-0.09509353,0.88327843
1591008917.43815327,0.49610475,-0.09368427,0.88959581
1591008917.45068932,0.49571154,-0.09807092,0.89212286
1591008917.46206641,0.49471149,-0.10085742,0.89742947
1591008917.47469020,0.49397692,-0.10310298,0.90197796
1591008917.48632216,0.49477032,-0.09877992,0.90526307
1591008917.49848533,0.49478546,-0.09327048,0.90046179
1591008917.51007390,0.50535059,-0.09234779,0.89262825
1591008917.52267170,0.50108778,-0.10342577,0.89869297
1591008917.53423095,0.49643984,-0.10360317,0.88807964
1591008917.54661942,0.49537078,-0.10484867,0.89262825
1591008917.55818391,0.49341944,-0.10169847,0.88984859
1591008917.57052350,0.49303225,-0.10032567,0.88757432
1591008917.58213973,0.48842803,-0.10012101,0.89768219
1591008917.59448934,0.49108014,-0.10093018,0.89414442
1591008917.60614824,0.49264136,-0.09467974,0.89414442
1591008917.61860037,0.49034223,-0.09004308,0.89161742
1591008917.63014817,0.48764125,-0.08932030,0.89212286
1591008917.64250565,0.49150899,-0.09064317,0.88883781
1591008917.65406609,0.48963067,-0.09280232,0.89641869
1591008917.66666603,0.48580369,-0.09271591,0.89945102
1591008917.67807102,0.48776153,-0.09521149,0.90399957
1591008917.69048262,0.48748437,-0.09841178,0.89844030
1591008917.70210409,0.48566034,-0.10078020,0.89136475
1591008917.71458483,0.49143454,-0.10557604,0.88757432
1591008917.72619820,0.49736455,-0.10172591,0.87645566
1591008917.73864722,0.49885461,-0.10727622,0.88201493
1591008917.75012374,0.49250367,-0.11879970,0.88706887
1591008917.76271582,0.48898104,-0.12540464,0.89363903
1591008917.77410460,0.48951432,-0.12674098,0.90450495
1591008917.78650165,0.49210891,-0.12334980,0.90652657
1591008917.79815054,0.48895022,-0.11836308,0.90677923
1591008917.81060505,0.48861775,-0.11849040,0.90450495
1591008917.82220674,0.49351427,-0.12243614,0.90349424
1591008917.83459830,0.49163178,-0.11903132,0.90526307
1591008917.84631419,0.49051115,-0.11564460,0.91663444
1591008917.85868573,0.48868677,-0.11240341,0.92143565
1591008917.87006187,0.48748073,-0.11191700,0.92168832
1591008917.88249278,0.48506293,-0.11137608,0.92093033
1591008917.89410114,0.48613045,-0.10547125,0.90880084
1591008917.90669131,0.48879561,-0.09964363,0.90273613
1591008917.91807532,0.48998931,-0.09919813,0.90374690
1591008917.93067384,0.48606196,-0.09837991,0.90248340
1591008917.94219160,0.48512402,-0.09825720,0.90020913
1591008917.95465827,0.48875502,-0.10222118,0.89490253
1591008917.96626329,0.48908147,-0.10252573,0.89591330
1591008917.97860479,0.48674801,-0.09801638,0.89111209
1591008917.99022603,0.48974928,-0.09784818,0.89262825
1591008918.00257564,0.48797175,-0.09720720,0.89464986
1591008918.01412010,0.48626485,-0.09945735,0.89464986
1591008918.02657342,0.48759934,-0.10299850,0.89540786
1591008918.03814411,0.49039730,-0.10578960,0.89616603
1591008918.05062246,0.49107459,-0.10646687,0.89945102
1591008918.06220818,0.48725173,-0.10863523,0.89793485
1591008918.07456875,0.48515818,-0.10928984,0.89616603
1591008918.08630776,0.49086490,-0.10806243,0.90121990
1591008918.09850907,0.48955229,-0.10548045,0.89970374
1591008918.11033154,0.48206207,-0.10268475,0.90349424
1591008918.12252760,0.48357865,-0.10208468,0.90627384
1591008918.13412285,0.48517969,-0.10463940,0.90728468
1591008918.14671278,0.48427388,-0.11060794,0.91132778
1591008918.15813470,0.48075041,-0.11031243,0.91511822
1591008918.17050600,0.48262998,-0.11101697,0.91890872
1591008918.18206692,0.48046443,-0.10743032,0.92194104
1591008918.19447947,0.47996929,-0.10642582,0.91259128
1591008918.20620537,0.48237720,-0.10895786,0.90854818
1591008918.21866345,0.48634478,-0.10058013,0.89692402
1591008918.23024845,0.48277965,-0.09798007,0.88580537
1591008918.24260426,0.48387954,-0.09614815,0.88428921
1591008918.25422382,0.48575851,-0.09707545,0.88757432
1591008918.26674604,0.48975745,-0.09652531,0.89591330
1591008918.27834463,0.48299739,-0.09808883,0.91562361
1591008918.29064083,0.48071173,-0.10638936,0.92118299
1591008918.30219936,0.48171905,-0.10984869,0.92042488
1591008918.31462693,0.48541322,-0.11045797,0.90854818
1591008918.32608581,0.48824200,-0.11114904,0.89818752
1591008918.33845234,0.49106130,-0.11360848,0.88353115
1591008918.35008812,0.48913851,-0.11076283,0.88176227
1591008918.36244130,0.49062887,-0.10896721,0.88555270
1591008918.37428713,0.48793510,-0.10355307,0.89641869
1591008918.38650823,0.48809293,-0.09934367,0.89717680
1591008918.39808083,0.48772314,-0.09689803,0.89818752
1591008918.41055727,0.48636582,-0.09082486,0.90147263
1591008918.42214179,0.48021433,-0.09180669,0.90576845
1591008918.43449211,0.48298475,-0.09053853,0.89616603
1591008918.44630194,0.48359123,-0.09567063,0.90324146
1591008918.45869780,0.48431715,-0.09827988,0.90526307
1591008918.47026253,0.47925696,-0.10228460,0.91461289
1591008918.48259234,0.47808334,-0.10054351,0.91941404
1591008918.49420953,0.47474870,-0.09926616,0.91890872
1591008918.50666261,0.47186878,-0.09803890,0.91006434
1591008918.51824284,0.47176334,-0.09931181,0.90121990
1591008918.53062916,0.47985664,-0.09079774,0.88706887
1591008918.54219484,0.47923985,-0.09118870,0.88504732
1591008918.55461216,0.47656640,-0.09452517,0.89591330
1591008918.56617713,0.47369024,-0.09527062,0.90046179
1591008918.57852364,0.47561452,-0.09946638,0.89945102
1591008918.59008169,0.47593138,-0.10888524,0.89793485
1591008918.60269570,0.47817948,-0.10917173,0.88934314
1591008918.61431098,0.47710648,-0.10132131,0.87822449
1591008918.62657976,0.47520277,-0.10054858,0.87317055
1591008918.63815880,0.47747770,-0.10130307,0.88252038
1591008918.65054154,0.47712657,-0.10064830,0.89818752
1591008918.66214728,0.47671732,-0.10515749,0.91688710
1591008918.67474270,0.47757915,-0.10792577,0.92648959
1591008918.68612099,0.47657409,-0.10738942,0.92118299
1591008918.69868255,0.47805598,-0.10893503,0.91739255
1591008918.71031618,0.47769967,-0.10697579,0.91815060
1591008918.72252727,0.47725824,-0.10920772,0.92244649
1591008918.73410821,0.47920385,-0.11458540,0.92017215
1591008918.74645805,0.48152730,-0.11396265,0.91789788
1591008918.75828290,0.48284915,-0.11146708,0.91334939
1591008918.77064252,0.48693404,-0.10095270,0.91309667
1591008918.78223848,0.48098883,-0.09786148,0.92067754
1591008918.79460573,0.48068085,-0.10848938,0.93230164
1591008918.80627680,0.47608349,-0.11323971,0.93230164
1591008918.81852055,0.48178020,-0.11069418,0.92219377
1591008918.83009148,0.48679516,-0.11256258,0.91511822
1591008918.84243917,0.49063787,-0.11073081,0.89970374
1591008918.85432148,0.48669001,-0.10648955,0.90450495
1591008918.86657667,0.48576865,-0.10372113,0.90880084
1591008918.87831306,0.48462990,-0.10695757,0.92244649
1591008918.89047384,0.48090026,-0.11073509,0.92295182
1591008918.90228462,0.46965972,-0.10879868,0.91486555
1591008918.91462040,0.47175595,-0.10753512,0.90071452
1591008918.92617989,0.47813168,-0.10348506,0.88125688
1591008918.93853736,0.48493651,-0.09778476,0.87291789
1591008918.95011950,0.47979799,-0.09999844,0.88150954
1591008918.96246386,0.47668466,-0.10310298,0.90197796
1591008918.97427845,0.47184756,-0.11463533,0.92573148
1591008918.98662686,0.46426567,-0.12403136,0.93305969
1591008918.99818778,0.46455672,-0.12490873,0.93078548
1591008919.01053023,0.47104743,-0.11630380,0.91031700
1591008919.02215910,0.47338232,-0.10438493,0.89793485
1591008919.03451490,0.47549853,-0.10295317,0.88530004
1591008919.04607224,0.47613922,-0.10464874,0.88428921
1591008919.05866957,0.48041871,-0.10718982,0.88504732
1591008919.07021666,0.47504011,-0.10423955,0.89060664
1591008919.08255553,0.47237989,-0.10093923,0.89894563
1591008919.09411430,0.47397527,-0.09657985,0.89692402
1591008919.10646987,0.47460893,-0.09382522,0.88757432
1591008919.11817956,0.47807607,-0.09328888,0.88226771
1591008919.13050771,0.48372039,-0.09216625,0.86609507
1591008919.14208221,0.49037579,-0.08200654,0.85851419
1591008919.15469885,0.49374124,-0.07394460,0.84587932
1591008919.16626811,0.49420366,-0.06338874,0.84309965
1591008919.17846560,0.49513134,-0.05504156,0.84537393
1591008919.19012690,0.49605659,-0.05100262,0.85573447
1591008919.20249581,0.48702011,-0.04962908,0.87064362
1591008919.21409369,0.48193482,-0.05756051,0.88757432
1591008919.22646952,0.47828171,-0.08181058,0.90121990
1591008919.23829675,0.48083147,-0.09270656,0.92244649
1591008919.25062752,0.47627822,-0.09735686,0.92522609
1591008919.26218581,0.47231016,-0.10494854,0.90374690
1591008919.27452612,0.47244748,-0.11840446,0.86584234
1591008919.28606892,0.48609200,-0.09218465,0.84790087
1591008919.29865956,0.48367503,-0.08457980,0.82743245
1591008919.31022167,0.47773728,-0.09384884,0.80923831
1591008919.32264686,0.47931036,-0.09638104,0.79129684
1591008919.33421874,0.47992542,-0.08751674,0.79382378
1591008919.34657025,0.48409519,-0.09210315,0.81858808
1591008919.35813379,0.47849968,-0.09465295,0.85194403
1591008919.37050962,0.46749625,-0.09618905,0.88504732
1591008919.38208008,0.45199171,-0.09764335,0.91663444
1591008919.39470792,0.44494399,-0.09547943,0.92750037
1591008919.40606904,0.43861786,-0.09237918,0.93028003
1591008919.41867995,0.44087020,-0.08908805,0.92952198
1591008919.43014503,0.43974981,-0.08749694,0.93710291
1591008919.44253564,0.44411620,-0.10093860,0.95453900
1591008919.45409298,0.43478921,-0.09929739,0.97045887
1591008919.46675897,0.42546263,-0.08879665,0.97045887
1591008919.47827816,0.41688487,-0.08367600,0.96793187
1591008919.49064302,0.41302380,-0.08908773,0.95731860
1591008919.50220346,0.41384366,-0.10603899,0.95175928
1591008919.51457477,0.42680708,-0.12539941,0.95378083
1591008919.52621269,0.43891582,-0.14442341,0.95883477
1591008919.53856754,0.44148073,-0.14650077,0.96489954
1591008919.55012584,0.42747077,-0.14157303,0.97551274
1591008919.56249857,0.41652063,-0.14225031,0.97879779
1591008919.57419777,0.41078761,-0.14760976,0.98081946
1591008919.58650041,0.39923996,-0.16168809,0.97298574
1591008919.59819245,0.40031984,-0.18744910,0.96388870
1591008919.61061859,0.39767641,-0.20388225,0.94872695
1591008919.62222171,0.40202817,-0.21778779,0.94695801
1591008919.63458347,0.39613125,-0.22778849,0.94695801
1591008919.64620614,0.39549607,-0.22969779,0.94064057
1591008919.65856004,0.39508313,-0.22359750,0.92952198
1591008919.67010903,0.38663584,-0.21860617,0.93432319
1591008919.68249369,0.38331583,-0.22449292,0.93685013
1591008919.69405961,0.38365892,-0.22596575,0.93634480
1591008919.70666838,0.37654299,-0.22383371,0.94316757
1591008919.71822786,0.36159074,-0.22920203,0.96388870
1591008919.73070025,0.34941265,-0.24671692,0.96414143
1591008919.74228668,0.34679052,-0.26965952,0.95378083
1591008919.75478840,0.34500170,-0.28642908,0.93558663
1591008919.76628351,0.33632067,-0.29059315,0.92472076
1591008919.77865124,0.33520725,-0.28862947,0.91612905
1591008919.79010987,0.34318450,-0.29375255,0.91840333
1591008919.80259681,0.32899359,-0.29784811,0.93407047
1591008919.81418896,0.32173938,-0.29796159,0.94544184
1591008919.82659388,0.32001874,-0.29792973,0.94948506
1591008919.83814645,0.32139096,-0.30051190,0.93710291
1591008919.85047746,0.32753608,-0.30248508,0.90880084
1591008919.86228919,0.33140728,-0.30959466,0.91082245
1591008919.87475848,0.32049346,-0.31659958,0.92017215
1591008919.88606191,0.30980799,-0.33142781,0.92623693
1591008919.89866018,0.30860734,-0.34520146,0.93129086
1591008919.91021562,0.30626023,-0.35086086,0.93887174
1591008919.92255211,0.30018151,-0.36298442,0.94114602
1591008919.93419766,0.29923606,-0.37641260,0.94443107
1591008919.94654632,0.30307162,-0.38078576,0.93280703
1591008919.95809364,0.30256870,-0.37706736,0.92876387
1591008919.97051501,0.31338927,-0.36845323,0.91739255
1591008919.98215246,0.31916994,-0.35100213,0.90905350
1591008919.99450326,0.32384795,-0.35046104,0.92219377
1591008920.00631356,0.31875369,-0.35969788,0.93583941
1591008920.01864862,0.32028723,-0.36587572,0.92522609
1591008920.03025794,0.31327131,-0.37081265,0.90551573
1591008920.04260635,0.29469118,-0.37721768,0.90374690
1591008920.05414796,0.30333295,-0.39526442,0.89995646
1591008920.06648278,0.31556258,-0.40980649,0.88681620
1591008920.07813048,0.31878236,-0.41945270,0.88024610
1591008920.09047699,0.30902526,-0.42904884,0.88201493
1591008920.10229659,0.30417076,-0.43301725,0.88605815
1591008920.11461067,0.29471019,-0.44277677,0.90475768
1591008920.12606573,0.28854564,-0.46817377,0.92598420
1591008920.13844609,0.26646975,-0.49079332,0.94670534
1591008920.15025973,0.25053084,-0.51239014,0.96237254
1591008920.16259456,0.25736365,-0.53262347,0.95277005
1591008920.17415452,0.24673960,-0.53231448,0.94240952
1591008920.18656826,0.23671326,-0.52421409,0.93129086
1591008920.19813371,0.23969221,-0.50884026,0.92901653
1591008920.21046782,0.24224564,-0.50292182,0.91663444
1591008920.22204185,0.24832296,-0.49326211,0.90905350
1591008920.23469353,0.24515796,-0.49223921,0.91789788
1591008920.24628735,0.23300970,-0.48931161,0.92851120
1591008920.25863171,0.22008666,-0.49681672,0.92396265
1591008920.27019668,0.22155720,-0.51195890,0.90804273
1591008920.28253984,0.21848172,-0.51640487,0.89313358
1591008920.29409671,0.21037766,-0.51137275,0.88327843
1591008920.30644059,0.19365367,-0.51235908,0.89692402
1591008920.31826329,0.19446376,-0.52165502,0.90703189
1591008920.33060598,0.19893143,-0.52725101,0.89490253
1591008920.34222007,0.20275831,-0.52251464,0.86735857
1591008920.35457015,0.21230283,-0.52376062,0.83021212
1591008920.36606193,0.20340878,-0.53467071,0.80999643
1591008920.37857223,0.20731407,-0.55814052,0.81403953
1591008920.39013553,0.19111952,-0.57980072,0.84941703
1591008920.40267849,0.19372582,-0.59534252,0.86407351
1591008920.41418743,0.19134626,-0.59844261,0.87519217
1591008920.42654991,0.19872764,-0.56879503,0.88176227
1591008920.43819976,0.18945441,-0.50359482,0.89667135
1591008920.45048380,0.19909799,-0.45570937,0.91739255
1591008920.46208310,0.19536036,-0.44583583,0.92901653
1591008920.47467756,0.19757077,-0.47832003,0.91941404
1591008920.48611569,0.18561056,-0.51501364,0.90905350
1591008920.49871469,0.17707169,-0.52984208,0.90121990
1591008920.51037025,0.19149628,-0.52191871,0.90728468
1591008920.52265763,0.19403228,-0.50030351,0.90981162
1591008920.53425527,0.19630742,-0.48126128,0.90905350
1591008920.54661870,0.19399625,-0.47367436,0.91208589
1591008920.55824995,0.19701177,-0.47175139,0.91815060
1591008920.57061934,0.21335280,-0.47495627,0.90804273
1591008920.58218455,0.21752894,-0.46924251,0.88555270
1591008920.59458685,0.21540073,-0.44512284,0.86483163
1591008920.60616183,0.20340574,-0.42832586,0.89641869
1591008920.61859822,0.15722665,-0.42886600,0.96666837
1591008920.63018727,0.13060072,-0.46164054,1.01341736
1591008920.64256072,0.12235035,-0.51250315,1.01543880
1591008920.65413308,0.12051888,-0.54900610,0.98764217
1591008920.66648459,0.13705178,-0.57249457,0.94569451
1591008920.67830706,0.13959424,-0.56749910,0.91334939
1591008920.69064093,0.14225650,-0.55796248,0.88024610
1591008920.70218086,0.14786872,-0.55607617,0.86382079
1591008920.71452165,0.14485432,-0.55755359,0.85876685
1591008920.72610927,0.13709882,-0.55860806,0.87367600
1591008920.73845291,0.13698089,-0.58788735,0.87418133
1591008920.75010991,0.14268306,-0.61586666,0.86912739
1591008920.76245713,0.12597725,-0.63563615,0.87872994
1591008920.77426600,0.11110920,-0.63322204,0.90349424
1591008920.78659296,0.10456470,-0.61980259,0.93280703
1591008920.79815030,0.09426028,-0.58893198,0.95378083
1591008920.81048560,0.10161133,-0.55633891,0.94746345
1591008920.82206082,0.11390777,-0.54106545,0.91461289
1591008920.83474970,0.12873593,-0.56209910,0.88277304
1591008920.84608769,0.12109387,-0.59662008,0.85068053
1591008920.85853124,0.12185110,-0.62965882,0.84208882
1591008920.87028503,0.10454859,-0.64000469,0.87165439
1591008920.88266087,0.09317929,-0.64286345,0.91537094
1591008920.89422250,0.09865040,-0.63620371,0.93558663
1591008920.90656471,0.09386088,-0.62167996,0.93053275
1591008920.91813183,0.08362679,-0.62163007,0.92497343
1591008920.93046737,0.07696649,-0.63609493,0.90576845
1591008920.94228196,0.07949024,-0.65774214,0.88530004
1591008920.95445871,0.07124844,-0.66768843,0.87039089
1591008920.96628499,0.07846884,-0.66747952,0.85725069
1591008920.97861910,0.08293457,-0.65747899,0.84335232
1591008920.99017811,0.07356615,-0.64237326,0.85068053
1591008921.00252128,0.08227709,-0.63986391,0.85977769
1591008921.01407290,0.09131002,-0.64858270,0.86382079
1591008921.02667594,0.10135362,-0.65078747,0.85371292
1591008921.03823495,0.10710059,-0.62258577,0.83147562
1591008921.05064106,0.12942667,-0.58715630,0.80039388
1591008921.06220841,0.15309623,-0.56617326,0.78219968
1591008921.07461929,0.16031754,-0.55839556,0.76779604
1591008921.08617926,0.16165429,-0.56104577,0.77057570
1591008921.09852624,0.16293293,-0.55590433,0.78649557
1591008921.11008239,0.16432914,-0.54711258,0.79963577
1591008921.12241721,0.16037098,-0.53543884,0.81959885
1591008921.13423800,0.14972728,-0.52514684,0.84663743
1591008921.14658403,0.14838636,-0.53089714,0.86053574
1591008921.15814209,0.14839777,-0.55717611,0.87493950
1591008921.17048454,0.14585821,-0.57782733,0.89161742
1591008921.18229842,0.14459039,-0.58737338,0.90172529
1591008921.19463038,0.13485181,-0.59926516,0.89970374
1591008921.20619488,0.13543341,-0.60505658,0.88656348
1591008921.21853876,0.14251351,-0.60977983,0.87215978
1591008921.23009658,0.13548072,-0.60412484,0.87392867
1591008921.24269986,0.13812010,-0.60753411,0.88150954
1591008921.25424552,0.14126772,-0.60581589,0.87746644
1591008921.26662660,0.14590576,-0.60611594,0.86912739
1591008921.27830124,0.13480735,-0.60188836,0.87418133
1591008921.29067373,0.13257149,-0.60253376,0.88150954
1591008921.30224681,0.14333273,-0.61018425,0.88428921
1591008921.31458354,0.14287722,-0.62331247,0.88201493
1591008921.32613897,0.15210709,-0.64268214,0.87493950
1591008921.33871698,0.15657628,-0.65826499,0.87645566
1591008921.35027719,0.16514832,-0.65822393,0.88959581
1591008921.36248970,0.16339642,-0.64604568,0.90020913
1591008921.37411165,0.17302331,-0.63787711,0.88782698
1591008921.38647246,0.18025482,-0.63904554,0.87241250
1591008921.39830351,0.18312895,-0.65545583,0.86609507
1591008921.41063952,0.17785704,-0.66374272,0.87140173
1591008921.42219448,0.16817445,-0.66171515,0.88479465
1591008921.43474197,0.15151230,-0.64885503,0.89667135
1591008921.44625521,0.14420442,-0.63457215,0.90071452
1591008921.45848107,0.13759130,-0.61456615,0.90526307
1591008921.47018981,0.13539287,-0.59417379,0.90728468
1591008921.48257303,0.14543509,-0.58970094,0.89389169
1591008921.49415326,0.15698138,-0.59485596,0.87822449
1591008921.50651932,0.15001303,-0.60217041,0.85623991
1591008921.51808691,0.14993329,-0.60334808,0.83172828
1591008921.53049850,0.15064536,-0.59655207,0.83551872
1591008921.54206634,0.15182216,-0.57637310,0.86003035
1591008921.55473495,0.16351968,-0.54443425,0.87974072
1591008921.56631136,0.17100969,-0.51419556,0.89389169
1591008921.57865000,0.17542019,-0.48614809,0.89768219
1591008921.59021163,0.17777243,-0.46934241,0.89667135
1591008921.60255432,0.17386842,-0.45787787,0.90197796
1591008921.61410093,0.17727187,-0.45026383,0.89060664
1591008921.62658358,0.18765935,-0.45170036,0.88479465
1591008921.63816190,0.18659145,-0.43803120,0.88631082
1591008921.65050554,0.18679467,-0.41880715,0.88681620
1591008921.66214347,0.18701035,-0.39849657,0.89035398
1591008921.67450070,0.18632770,-0.37974527,0.89035398
1591008921.68631172,0.18702671,-0.37425852,0.89060664
1591008921.69865417,0.17766583,-0.37252185,0.90475768
1591008921.71022463,0.17451039,-0.37303981,0.92825842
1591008921.72256160,0.17210162,-0.36893490,0.93558663
1591008921.73412561,0.16415495,-0.36473897,0.95049578
1591008921.74646831,0.16179571,-0.35499734,0.95529699
1591008921.75806642,0.16253796,-0.35165164,0.95352817
1591008921.77045465,0.16831768,-0.37300795,0.93230164
1591008921.78230405,0.16936550,-0.38353610,0.91890872
1591008921.79464364,0.16913095,-0.38679981,0.93305969
1591008921.80620384,0.16433775,-0.38578135,0.95125389
1591008921.81866384,0.15894973,-0.38611302,0.96666837
1591008921.83023429,0.16713428,-0.38290355,0.98132479
1591008921.84258556,0.17663121,-0.37033004,0.97071159
1591008921.85415649,0.15630263,-0.35789272,0.97652352
1591008921.86645746,0.13838461,-0.36285648,0.99901354
1591008921.87820554,0.12848021,-0.37394333,1.02377784
1591008921.89055681,0.12018700,-0.36579710,1.04424632
1591008921.90212107,0.12257996,-0.33194467,1.04702604
1591008921.91447043,0.13296643,-0.30640200,1.04626787
1591008921.92627907,0.14285874,-0.29769245,1.03312767
1591008921.93861985,0.15584242,-0.29024675,1.00634181
1591008921.95017982,0.15350242,-0.28487843,0.98562074
1591008921.96256948,0.14397210,-0.28468296,0.98663139
1591008921.97413588,0.14977525,-0.28193259,1.00052977
1591008921.98648477,0.15305509,-0.27991423,1.00482559
1591008921.99831772,0.15295178,-0.28562373,1.00406754
1591008922.01066470,0.15558273,-0.29618821,0.99598122
1591008922.02221155,0.15985695,-0.29361081,0.98991644
1591008922.03461194,0.16223249,-0.27911437,0.98536789
1591008922.04617214,0.15928477,-0.25761747,0.98081946
1591008922.05850434,0.16126803,-0.24908057,0.97551274
1591008922.07010198,0.15985113,-0.23818444,0.96818459
1591008922.08245277,0.15966597,-0.22336063,0.97146964
1591008922.09426546,0.16564071,-0.20954134,0.98410439
1591008922.10661244,0.16214260,-0.19591293,1.00027704
1591008922.11827040,0.16158414,-0.18530755,1.00760531
1591008922.13066649,0.16057855,-0.17585239,1.00381482
1591008922.14224696,0.15885535,-0.17390710,0.97702897
1591008922.15459156,0.15987003,-0.16050634,0.96035093
1591008922.16615129,0.15455596,-0.13928673,0.95630783
1591008922.17849541,0.15252979,-0.12437223,0.93937713
1591008922.19006610,0.15879449,-0.12483136,0.93861908
1591008922.20267105,0.16421697,-0.12919517,0.94999039
1591008922.21422005,0.17193967,-0.11997180,0.95049578
1591008922.22657228,0.16990694,-0.09275635,0.94190407
1591008922.23812842,0.16447926,-0.06805858,0.93861908
1591008922.25047302,0.17129111,-0.03286335,0.94114602
1591008922.26228976,0.14673969,-0.00374537,0.96211988
1591008922.27452970,0.14672329,0.01665733,0.96970081
1591008922.28627706,0.15961903,0.01600973,0.97273314
1591008922.29845929,0.15867078,0.02826640,0.96085638
1591008922.31016088,0.15233500,0.05855015,0.95125389
1591008922.32252693,0.15413997,0.08466884,0.93811363
1591008922.33408785,0.15058896,0.11466625,0.93381780
1591008922.34646487,0.14313665,0.14194033,0.93962985
1591008922.35828424,0.13645947,0.16135457,0.95656049
1591008922.37071037,0.12038732,0.17191716,0.98056674
1591008922.38233018,0.11802483,0.17144674,0.99825549
1591008922.39470410,0.10530537,0.16359034,1.00482559
1591008922.40606976,0.10372432,0.15195742,1.00962687
1591008922.41850901,0.10397646,0.14041652,1.01720774
1591008922.43011284,0.10279933,0.13692628,1.02807379
1591008922.44244814,0.10335381,0.14483379,1.02504134
1591008922.45427132,0.09429468,0.16138846,1.01872396
1591008922.46666884,0.10892104,0.17064908,1.02200902
1591008922.47813916,0.09184921,0.17322931,1.00558376
1591008922.49050641,0.09393945,0.16670567,0.99193811
1591008922.50205946,0.09914251,0.17473932,0.98208296
1591008922.51446152,0.09341612,0.19114400,0.97854519
1591008922.52628994,0.09881549,0.18345127,0.96414143
1591008922.53863025,0.09996653,0.17425880,0.95959288
1591008922.55021977,0.09515624,0.18628706,0.96540487
1591008922.56258869,0.09180820,0.21202056,0.96388870
1591008922.57414961,0.08791558,0.22742996,0.96085638
1591008922.58659053,0.08431236,0.23941734,0.96742648
1591008922.59830475,0.07943192,0.24732822,0.97778702
1591008922.61067867,0.08316152,0.25599235,0.98764217
1591008922.62226677,0.08385414,0.26912838,0.98637879
1591008922.63462496,0.09369695,0.27753016,0.96970081
1591008922.64620113,0.09370956,0.28438795,0.95024312
1591008922.65854740,0.09698404,0.28803843,0.92295182
1591008922.67009282,0.09790191,0.28903034,0.90905350
1591008922.68249679,0.09708980,0.29007331,0.89869297
1591008922.69406390,0.09716527,0.29550627,0.91461289
1591008922.70667195,0.09193051,0.30770150,0.93078548
1591008922.71828222,0.08690169,0.31149846,0.94114602
1591008922.73062897,0.08335613,0.31097358,0.94190407
1591008922.74217248,0.08250768,0.30780375,0.93786097
1591008922.75450778,0.09156583,0.30940914,0.93053275
1591008922.76606417,0.09384315,0.31424570,0.91713983
1591008922.77869296,0.09797269,0.31781778,0.90475768
1591008922.79027271,0.09770720,0.31620559,0.90324146
1591008922.80262613,0.09562460,0.32097051,0.91360205
1591008922.81418967,0.09207883,0.32652617,0.92724770
1591008922.82653618,0.09634522,0.33989054,0.92623693
1591008922.83809710,0.08992703,0.35808465,0.92093033
1591008922.85069227,0.09431089,0.36047742,0.90349424
1591008922.86224580,0.09411785,0.35496947,0.89793485
1591008922.87464714,0.09568721,0.35018748,0.89237553
1591008922.88625979,0.09306672,0.34631893,0.88782698
1591008922.89861369,0.09195739,0.34391257,0.88757432
1591008922.91024351,0.09755613,0.35188833,0.88327843
1591008922.92263293,0.10418758,0.35901195,0.86786395
1591008922.93418145,0.09886765,0.36580148,0.86761123
1591008922.94644642,0.09948803,0.36204201,0.86104119
1591008922.95828843,0.09311338,0.35804737,0.86331534
1591008922.97062802,0.09130879,0.35163265,0.88353115
1591008922.98230267,0.08434403,0.34181297,0.90854818
1591008922.99474645,0.09052341,0.33970991,0.93407047
1591008923.00630450,0.09041324,0.34762076,0.94443107
1591008923.01870346,0.09210603,0.35785282,0.94316757
1591008923.03026628,0.10389325,0.35867766,0.93685013
1591008923.04259276,0.10760871,0.37362358,0.92446798
1591008923.05414033,0.11280552,0.37518808,0.91789788
1591008923.06655741,0.12209579,0.37372249,0.90020913
1591008923.07813168,0.13399607,0.36858267,0.88782698
1591008923.09053588,0.12862565,0.37008581,0.87342322
1591008923.10209846,0.11144334,0.37927493,0.86457884
1591008923.11467671,0.11257088,0.38380128,0.87039089
1591008923.12608981,0.10578643,0.39225408,0.87519217
1591008923.13846016,0.09209052,0.39936742,0.89136475
1591008923.15027738,0.09891264,0.40402666,0.89919835
1591008923.16262293,0.10075831,0.41705704,0.89540786
1591008923.17418504,0.08871417,0.43147799,0.90172529
1591008923.18652415,0.09229587,0.43860498,0.89970374
1591008923.19809842,0.08429468,0.44712600,0.90324146
1591008923.21063781,0.08074394,0.45266807,0.89919835
1591008923.22210169,0.08212033,0.46078011,0.89237553
1591008923.23445702,0.06584950,0.47057250,0.88580537
1591008923.24608684,0.07367556,0.47207221,0.87595028
1591008923.25869918,0.06534761,0.48691592,0.85649258
1591008923.27025723,0.07296698,0.49051866,0.83905649
1591008923.28259754,0.07628846,0.49859664,0.82389474
1591008923.29427195,0.06831104,0.50205618,0.81808269
1591008923.30670357,0.07319866,0.49716511,0.81454492
1591008923.31820631,0.06673396,0.49755028,0.82086229
1591008923.33049273,0.05507179,0.49376693,0.82819051
1591008923.34211349,0.05347677,0.48844299,0.82819051
1591008923.35450745,0.05418944,0.49435660,0.81277603
1591008923.36628413,0.04861447,0.50338548,0.80241549
1591008923.37855148,0.05105442,0.50732905,0.79660344
1591008923.39017677,0.05892920,0.50633031,0.80165738
1591008923.40258336,0.05743508,0.50547147,0.79963577
1591008923.41415930,0.05583747,0.51421398,0.79458183
1591008923.42650580,0.05525535,0.52022648,0.79079139
1591008923.43813801,0.06123722,0.52622527,0.78725362
1591008923.45048475,0.05993830,0.52652526,0.78169435
1591008923.46229386,0.05996324,0.52298057,0.77562958
1591008923.47466683,0.06399190,0.52208757,0.76526904
1591008923.48629498,0.06719948,0.52120477,0.75920433
1591008923.49847007,0.06878509,0.52416676,0.75364494
1591008923.51011610,0.06257845,0.52553350,0.75970972
1591008923.52246022,0.05175333,0.53187311,0.76779604
1591008923.53436375,0.04717813,0.53175724,0.77891469
1591008923.54645348,0.03374623,0.53766388,0.79053873
1591008923.55827713,0.02904855,0.54115069,0.80216277
1591008923.57066607,0.02640034,0.55361855,0.81328142
1591008923.58222508,0.01817273,0.58012229,0.82440007
1591008923.59457326,0.00587631,0.59745401,0.83956188
1591008923.60614491,-0.00083777,0.58063006,0.86432618
1591008923.61859679,0.00009838,0.55432057,0.86306268
1591008923.63014150,-0.01777844,0.55602473,0.86735857
1591008923.64249492,-0.01834003,0.55614400,0.86963278
1591008923.65406895,-0.00604465,0.55938888,0.86331534
1591008923.66667414,-0.01148590,0.57129782,0.86685312
1591008923.67823386,-0.02269345,0.57244653,0.85901958
1591008923.69064617,-0.01261687,0.55855721,0.86078840
1591008923.70227218,-0.01106206,0.54276955,0.84840626
1591008923.71462154,-0.01462886,0.53448713,0.83147562
1591008923.72617030,-0.01780193,0.53546196,0.82237858
1591008923.73850489,-0.01392704,0.53891128,0.81227064
1591008923.75006700,-0.00596172,0.53610963,0.80140471
1591008923.76267076,0.01126581,0.52111953,0.78321052
1591008923.77422500,0.02761687,0.49959210,0.76956487
1591008923.78655148,0.03768152,0.49374321,0.77032298
1591008923.79809713,0.04836755,0.49173227,0.78068352
1591008923.81069708,0.05676848,0.48661616,0.79028606
1591008923.82226944,0.06488599,0.47906992,0.79559267
1591008923.83461332,0.06708387,0.47745439,0.79862499
1591008923.84617162,0.06102635,0.48681387,0.79559267
1591008923.85851288,0.06959881,0.48550162,0.78851712
1591008923.87010741,0.08505151,0.48260453,0.77942008
1591008923.88244987,0.09362161,0.47825888,0.76577443
1591008923.89427423,0.09907122,0.47824183,0.77057570
1591008923.90670729,0.09583865,0.48266926,0.78270513
1591008923.91828227,0.08914302,0.48764214,0.80266821
1591008923.93062186,0.07841833,0.49586990,0.82060963
1591008923.94217563,0.06711802,0.49947944,0.82995945
1591008923.95451808,0.06834996,0.51302093,0.84360510
1591008923.96607280,0.07887436,0.53421098,0.85901958
1591008923.97867465,0.08533041,0.54145038,0.86836928
1591008923.99022174,0.09160212,0.52695435,0.89035398
1591008924.00259733,0.09726146,0.49863389,0.89945102
1591008924.01416159,0.10600561,0.47173133,0.90020913
1591008924.02651691,0.10939428,0.43657359,0.90147263
1591008924.03807998,0.10005982,0.41715583,0.90703189
1591008924.05050015,0.08714436,0.40426177,0.92623693
1591008924.06206489,0.08083071,0.39103025,0.94721073
1591008924.07472563,0.09380598,0.39317074,0.94342029
1591008924.08628941,0.11450899,0.40770081,0.92977470
1591008924.09864068,0.12729757,0.42678803,0.89894563
1591008924.11027479,0.13974082,0.44017294,0.87064362
1591008924.12263632,0.15001509,0.44770911,0.82515818
1591008924.13433313,0.16256860,0.44216374,0.79786694
1591008924.14649487,0.18315864,0.43082061,0.77487147
1591008924.15823984,0.19705242,0.42184630,0.76627988
1591008924.17063236,0.20763031,0.42336985,0.76046783
1591008924.18219376,0.21283436,0.43164545,0.76855409
1591008924.19454145,0.22726536,0.43236467,0.75970972
1591008924.20621467,0.24316108,0.42903128,0.74075747
1591008924.21856642,0.26032966,0.42376190,0.73974663
1591008924.23012543,0.28231353,0.41383317,0.74884379
1591008924.24262190,0.28814352,0.41727564,0.76577443
1591008924.25424504,0.28870645,0.42605561,0.78245246
1591008924.26663971,0.29125631,0.43058532,0.80165738
1591008924.27811050,0.29460308,0.42781767,0.81707186
1591008924.29056454,0.29274681,0.42437166,0.84057266
1591008924.30214953,0.28894210,0.41032901,0.84966975
1591008924.31459737,0.30403385,0.38554308,0.84259427
1591008924.32617807,0.33018720,0.36346686,0.82566357
1591008924.33851933,0.35063750,0.35384837,0.81555569
1591008924.35007429,0.34773749,0.35709313,0.82717973
1591008924.36268330,0.34521744,0.36246818,0.83071750
1591008924.37426877,0.34233284,0.36222270,0.85320753
1591008924.38659120,0.33302823,0.36500394,0.85548180
1591008924.39828897,0.33626264,0.36838847,0.86003035
1591008924.41046381,0.34854808,0.37035856,0.85042787
1591008924.42229700,0.35704780,0.36428478,0.84638470
1591008924.43464828,0.35744613,0.36614582,0.83880383
1591008924.44624662,0.34149095,0.36682406,0.84865904
1591008924.45865226,0.32093662,0.36506528,0.86331534
1591008924.47022748,0.32301155,0.36447558,0.87872994
1591008924.48255038,0.32031727,0.35435596,0.89136475
1591008924.49412823,0.32560802,0.35003749,0.89515519
1591008924.50646210,0.34342176,0.33743668,0.86407351
1591008924.51813793,0.36592710,0.32961789,0.83855116
1591008924.53049755,0.39358202,0.33478847,0.82793784
1591008924.54231215,0.41231951,0.35158172,0.82616901
1591008924.55464864,0.40664378,0.37823889,0.82995945
1591008924.56622791,0.40009496,0.40288165,0.83071750
1591008924.57864356,0.40548435,0.41598025,0.80772209
1591008924.59021354,0.41477606,0.42468879,0.79432917
1591008924.60255408,0.42842057,0.42920154,0.78245246
1591008924.61413980,0.43716583,0.42954588,0.77158648
1591008924.62659335,0.45702592,0.41407514,0.76678520
1591008924.63815665,0.47446701,0.39503574,0.76981753
1591008924.65049958,0.49461630,0.37853217,0.77967274
1591008924.66232324,0.50738120,0.36959535,0.77487147
1591008924.67473650,0.51829314,0.35562775,0.75566655
1591008924.68630195,0.53169823,0.35522553,0.75415039
1591008924.69864702,0.54252565,0.35561067,0.76046783
1591008924.71021271,0.54026115,0.35396782,0.76400560
1591008924.72257614,0.53099251,0.34494916,0.76072049
1591008924.73414350,0.53492963,0.33090654,0.75187612
1591008924.74654913,0.54135859,0.31417468,0.74353707
1591008924.75816202,0.53796947,0.30756241,0.74050474
1591008924.77051067,0.54738247,0.30621263,0.74758029
1591008924.78207159,0.53961742,0.29305956,0.75364494
1591008924.79451704,0.54095948,0.28028828,0.75263423
1591008924.80630946,0.54338729,0.27625954,0.74656951
1591008924.81854558,0.54296649,0.29088166,0.73570353
1591008924.83015347,0.54607487,0.30433810,0.71953094
1591008924.84252834,0.55102003,0.30164552,0.70664340
1591008924.85408854,0.54290581,0.29164866,0.69906253
1591008924.86664963,0.54133093,0.27910236,0.68491143
1591008924.87818670,0.55425978,0.28677472,0.67278206
1591008924.89056206,0.56402194,0.31662902,0.66216874
1591008924.90213418,0.56815755,0.35850814,0.66191608
1591008924.91447449,0.58436704,0.37744191,0.65635669
1591008924.92615128,0.59451616,0.38910544,0.66444302
1591008924.93853545,0.59935343,0.39366588,0.66065258
1591008924.95010090,0.59787238,0.40468523,0.66722268
1591008924.96246862,0.58431375,0.40576568,0.67859405
1591008924.97439504,0.57450974,0.40463737,0.71296084
1591008924.98656154,0.57427227,0.38546839,0.74530602
1591008924.99818635,0.57519805,0.36635402,0.75869888
1591008925.01053071,0.57073867,0.34381756,0.76375288
1591008925.02224827,0.56855178,0.33348674,0.75339228
1591008925.03462434,0.56378376,0.34018427,0.75035995
1591008925.04622817,0.56825936,0.33368781,0.75415039
1591008925.05868840,0.57114267,0.32747769,0.75263423
1591008925.07020688,0.57780397,0.31874874,0.75743538
1591008925.08253193,0.58885539,0.31890893,0.75895166
1591008925.09412932,0.59138489,0.33060658,0.75743538
1591008925.10650802,0.58908463,0.34700447,0.74505335
1591008925.11824489,0.60459185,0.35779554,0.73342925
1591008925.13049245,0.61631584,0.36115974,0.71144468
1591008925.14207006,0.62891066,0.36719608,0.69375581
1591008925.15468431,0.64442265,0.37300742,0.68920732
1591008925.16627073,0.65600955,0.37141225,0.70083135
1591008925.17863679,0.66697836,0.36187211,0.71169734
1591008925.19019365,0.69257665,0.35010281,0.71902555
1591008925.20266962,0.72783029,0.35489160,0.73342925
1591008925.21441340,0.73814499,0.36025295,0.75516123
1591008925.22667480,0.72866619,0.36100265,0.79508728
1591008925.23810720,0.72008240,0.35330978,0.83450794
1591008925.25047731,0.68785763,0.34933883,0.87670833
1591008925.26230550,0.65470850,0.33787960,0.91865599
1591008925.27470875,0.61507702,0.33830896,0.95554972
1591008925.28628564,0.58323121,0.32520697,0.98309362
1591008925.29863906,0.56857145,0.29896897,0.99395967
1591008925.31023788,0.54616499,0.29239416,0.99471772
1591008925.32259917,0.52522063,0.29580605,0.96287793
1591008925.33437824,0.52963090,0.29136506,0.91511822
1591008925.34656549,0.54266334,0.27724761,0.86281002
1591008925.35813618,0.56368268,0.26938796,0.82010424
1591008925.37051940,0.56640255,0.26143965,0.78801173
1591008925.38209295,0.56983316,0.25767353,0.73671430
1591008925.39446163,0.56685936,0.26327017,0.73166037
1591008925.40609074,0.56615770,0.28587809,0.73873585
1591008925.41853690,0.55821872,0.29530916,0.74783295
1591008925.43008900,0.54543185,0.29502618,0.76653254
1591008925.44254637,0.53050268,0.29685304,0.78649557
1591008925.45436883,0.50213397,0.28794333,0.81707186
1591008925.46660733,0.50653374,0.26608181,0.81858808
1591008925.47804308,0.51898956,0.24460888,0.80393165
1591008925.49046373,0.52448344,0.23122072,0.78295785
1591008925.50229073,0.52682364,0.22116935,0.77638775
1591008925.51462626,0.52623832,0.22635010,0.78801173
1591008925.52617908,0.51377785,0.24419978,0.82945400
1591008925.53861547,0.48794118,0.26234263,0.85649258
1591008925.55023766,0.46469334,0.27147025,0.89363903
1591008925.56257892,0.44925645,0.26482376,0.91815060
1591008925.57416058,0.44402608,0.24994603,0.92926925
1591008925.58651876,0.45239237,0.23618644,0.88378388
1591008925.59808111,0.46625450,0.23156139,0.83046484
1591008925.61050940,0.47861794,0.23843971,0.78371596
1591008925.62209392,0.48118445,0.24959883,0.78321052
1591008925.63469911,0.46862003,0.25365478,0.80671132
1591008925.64626980,0.45246235,0.26728153,0.83223367
1591008925.65862417,0.44152382,0.27459255,0.83577144
1591008925.67019057,0.44609365,0.26845399,0.82844323
1591008925.68252039,0.44815335,0.26896527,0.82793784
1591008925.69406843,0.44205967,0.27172267,0.82616901
1591008925.70666528,0.43285599,0.27161360,0.82819051
1591008925.71823072,0.43288353,0.26871306,0.82364202
1591008925.73064566,0.43807498,0.26402313,0.82086229
1591008925.74225521,0.45443854,0.27383599,0.80494249
1591008925.75461602,0.46270767,0.27859074,0.79306567
1591008925.76617193,0.47949120,0.26990271,0.79710883
1591008925.77851081,0.46073690,0.27093539,0.81833535
1591008925.79006720,0.44224539,0.27293605,0.83956188
1591008925.80266571,0.41986391,0.27258831,0.85497642
1591008925.81422043,0.42204198,0.27580580,0.86710584
1591008925.82656145,0.41873744,0.27199522,0.87493950
1591008925.83811259,0.43533584,0.26100653,0.86331534
1591008925.85044932,0.44312808,0.24789101,0.85522908
1591008925.86226296,0.44552347,0.25171533,0.82920134
1591008925.87466049,0.44884244,0.26650447,0.81075448
1591008925.88622975,0.45497552,0.28350231,0.78725362
1591008925.89866066,0.45718852,0.27834204,0.76627988
1591008925.91022873,0.45462212,0.26351881,0.77638775
1591008925.92258072,0.44881627,0.25506935,0.78497940
1591008925.93414402,0.44856641,0.24999413,0.81176525
1591008925.94655657,0.45268729,0.25383541,0.81681919
1591008925.95815039,0.45108095,0.25915590,0.82136774
1591008925.97048497,0.45395699,0.25600651,0.82591623
1591008925.98209119,0.46814004,0.25093827,0.80772209
1591008925.99445510,0.48738179,0.23854193,0.79079139
1591008926.00623035,0.51247215,0.21588287,0.78017819
1591008926.01868725,0.52518761,0.21661228,0.77562958
1591008926.03013682,0.52266812,0.22825542,0.77512425
1591008926.04254699,0.52308989,0.23352480,0.77613497
1591008926.05410409,0.53850639,0.23746151,0.77942008
1591008926.06670380,0.53693962,0.25024304,0.78472668
1591008926.07825899,0.53504395,0.25901285,0.79710883
1591008926.09064269,0.52219915,0.24545756,0.80165738
1591008926.10220337,0.49387017,0.22321764,0.82364202
1591008926.11471701,0.48039576,0.20131521,0.82591623
1591008926.12631059,0.44993898,0.21053834,0.82541090
1591008926.13846469,0.44950995,0.22431520,0.81227064
1591008926.15015221,0.44685343,0.23960191,0.81151259
1591008926.16251421,0.43358579,0.24135375,0.82389474
1591008926.17409205,0.43212280,0.23606396,0.81429219
1591008926.18644476,0.42419389,0.22595122,0.79988855
1591008926.19826913,0.43484125,0.22529691,0.77613497
1591008926.21059990,0.43363765,0.22378024,0.75490844
1591008926.22215629,0.43682179,0.22315314,0.73064959
1591008926.23450184,0.44115314,0.23693007,0.69956785
1591008926.24616265,0.44264230,0.25615019,0.67076045
1591008926.25852156,0.45333984,0.26075503,0.64372188
1591008926.27008367,0.48441508,0.24604097,0.63386667
1591008926.28268862,0.50229895,0.23630998,0.63032889
1591008926.29425001,0.51479840,0.22576094,0.62401152
1591008926.30659890,0.51697767,0.20967673,0.61264014
1591008926.31815886,0.51967990,0.19727352,0.60480660
1591008926.33050299,0.51745963,0.19572268,0.61112398
1591008926.34232187,0.50278735,0.20309499,0.64043683
1591008926.35449052,0.48037949,0.21327232,0.69400859
1591008926.36623788,0.46361944,0.20816289,0.76627988
1591008926.37855434,0.44922301,0.19768523,0.82591623
1591008926.39011526,0.43964455,0.18813130,0.87291789
1591008926.40245843,0.43095914,0.19174416,0.89566058
1591008926.41426849,0.42623928,0.19703053,0.90981162
1591008926.42660856,0.42854819,0.19507416,0.90121990
1591008926.43815517,0.42700770,0.19608304,0.90046179
1591008926.45053220,0.42523023,0.20384057,0.90020913
1591008926.46212745,0.42705229,0.20849648,0.89464986
1591008926.47447896,0.43090388,0.20487338,0.88555270
1591008926.48632145,0.43465957,0.20781823,0.88479465
1591008926.49865723,0.43496987,0.20107982,0.88858509
1591008926.51021600,0.42968979,0.19698280,0.91966683
1591008926.52255392,0.42524824,0.19605567,0.93685013
1591008926.53409672,0.42016676,0.19891530,0.94215685
1591008926.54670644,0.40969422,0.20420517,0.93381780
1591008926.55832529,0.40670958,0.20095699,0.92674226
1591008926.57049012,0.42229715,0.19634888,0.90450495
1591008926.58232260,0.43475237,0.18698266,0.88075143
1591008926.59469342,0.43119791,0.18300848,0.87367600
1591008926.60625792,0.42570242,0.18253127,0.88252038
1591008926.61844230,0.42860410,0.18213245,0.89439708
1591008926.63030386,0.43175581,0.17948069,0.89869297
1591008926.64265752,0.43674597,0.17579281,0.88631082
1591008926.65426397,0.44746301,0.16932371,0.87165439
1591008926.66662717,0.45727268,0.15963370,0.84941703
1591008926.67818809,0.45847240,0.16390109,0.82414740
1591008926.69053292,0.44999990,0.17679171,0.80949098
1591008926.70208812,0.43952563,0.17304923,0.83400255
1591008926.71469164,0.44195762,0.15413585,0.86609507
1591008926.72624350,0.43267724,0.14089066,0.90526307
1591008926.73865557,0.42598429,0.12077752,0.94165140
1591008926.75022268,0.42220470,0.12286688,0.93432319
1591008926.76259041,0.43032989,0.12585615,0.91031700
1591008926.77415848,0.45179817,0.12147982,0.88378388
1591008926.78655434,0.45150957,0.11407001,0.86862206
1591008926.79813361,0.43501362,0.12257059,0.86356813
1591008926.81047583,0.42235896,0.11993247,0.86761123
1591008926.82229662,0.42061618,0.11309859,0.87317055
1591008926.83464217,0.41871610,0.10478203,0.88378388
1591008926.84619451,0.43691406,0.09413759,0.87923527
1591008926.85844421,0.45734158,0.07635938,0.86786395
1591008926.87029529,0.46904710,0.06897336,0.85674530
1591008926.88265038,0.46613517,0.07415082,0.83703494
1591008926.89421725,0.47765020,0.08269231,0.83122295
1591008926.90657115,0.48699954,0.10464594,0.81454492
1591008926.91813135,0.46522048,0.12178680,0.81530303
1591008926.93047690,0.44383481,0.11010614,0.82995945
1591008926.94220519,0.44617686,0.07109003,0.84891170
1591008926.95451522,0.46235809,0.03147747,0.85649258
1591008926.96626544,0.47513124,0.00498392,0.84966975
1591008926.97864914,0.47094169,0.00478289,0.83097017
1591008926.99021435,0.47972074,0.01238709,0.82010424
1591008927.00257945,0.49246272,0.01608179,0.82338929
1591008927.01414347,0.52574182,0.01965721,0.82440007
1591008927.02657866,0.52193642,0.02380179,0.83728766
1591008927.03817677,0.49266025,0.03004597,0.84714276
1591008927.05059624,0.46143892,0.02894163,0.84966975
1591008927.06225109,0.44647273,0.03497107,0.85901958
1591008927.07462001,0.45479223,0.03762968,0.84562659
1591008927.08614469,0.46427378,0.03388729,0.83425528
1591008927.09860373,0.47176579,0.02270436,0.81277603
1591008927.11016321,0.47135952,0.00786417,0.80974364
1591008927.12255335,0.45395008,-0.01055842,0.85068053
1591008927.13413167,0.44479880,-0.03800992,0.90197796
1591008927.14650702,0.44341412,-0.05315368,0.96287793
1591008927.15809560,0.44782630,-0.05227783,0.99598122
1591008927.17053127,0.45822510,-0.02704202,1.01265919
1591008927.18211293,0.45053777,0.00871217,1.02276707
1591008927.19446850,0.44166645,0.02579515,1.01114297
1591008927.20631909,0.43533710,0.00498004,0.99775004
1591008927.21867204,0.44194719,-0.03739666,0.98031402
1591008927.23022509,0.44497189,-0.07801463,0.96616298
1591008927.24259090,0.44877943,-0.11151654,0.96060365
1591008927.25415659,0.46243033,-0.12653598,0.94240952
1591008927.26655698,0.46857789,-0.11797181,0.93659747
1591008927.27812839,0.47779515,-0.08941083,0.92623693
1591008927.29048467,0.48325005,-0.06113598,0.90450495
1591008927.30230784,0.47438547,-0.03131575,0.88555270
1591008927.31465697,0.45907804,-0.03121695,0.89717680
1591008927.32629323,0.43649307,-0.03723287,0.92345726
1591008927.33864856,0.42301360,-0.04696056,0.95125389
1591008927.35021496,0.42000720,-0.06548190,0.96262527
1591008927.36256051,0.42529806,-0.08323627,0.95529699
1591008927.37419796,0.42880693,-0.08527849,0.94695801
1591008927.38656282,0.42952439,-0.07130677,0.93154353
1591008927.39812827,0.43100229,-0.06348105,0.93002737
1591008927.41051197,0.43562374,-0.05915237,0.93053275
1591008927.42207241,0.44146958,-0.07133409,0.94999039
1591008927.43468189,0.43847618,-0.09315602,0.97248042
1591008927.44630480,0.42658207,-0.10810682,0.99471772
1591008927.45866203,0.40382293,-0.11219779,1.01493347
1591008927.47021413,0.38985145,-0.10939750,1.02327251
1591008927.48255944,0.39274222,-0.10336538,1.01341736
1591008927.49411321,0.39115980,-0.09245116,0.99648654
1591008927.50671196,0.40152988,-0.08322611,0.97753429
1591008927.51831269,0.40334329,-0.07705343,0.95731860
1591008927.53048325,0.40559897,-0.07885985,0.94594729
1591008927.54230475,0.40025955,-0.08481476,0.95226467
1591008927.55471921,0.39094537,-0.08150145,0.97248042
1591008927.56629682,0.38978657,-0.07182504,0.99497044
1591008927.57869339,0.38922054,-0.05198814,1.00406754
1591008927.59026098,0.38372555,-0.03148656,1.00533092
1591008927.60258627,0.37703934,-0.03025952,1.00052977
1591008927.61413050,0.37957668,-0.04111185,0.98637879
1591008927.62659025,0.38852423,-0.05499085,0.97450197
1591008927.63815403,0.39202935,-0.06583297,0.96464682
1591008927.65049171,0.39815700,-0.07107510,0.96313059
1591008927.66230869,0.40165526,-0.06281656,0.97601819
1591008927.67468715,0.40146717,-0.05360025,0.98460984
1591008927.68627691,0.39636058,-0.05216196,1.00280404
1591008927.69863605,0.39141658,-0.05530798,1.02074552
1591008927.71019959,0.37886772,-0.05715878,1.03262222
1591008927.72254157,0.37787259,-0.05665773,1.02782094
1591008927.73410034,0.37744823,-0.05521596,1.02352512
1591008927.74670124,0.37536052,-0.05415590,1.00836337
1591008927.75827432,0.36696234,-0.04712087,0.98562074
1591008927.77061439,0.37275639,-0.05142222,0.96666837
1591008927.78224349,0.37449560,-0.05282982,0.94342029
1591008927.79462910,0.37304851,-0.05167773,0.93103814
1591008927.80618453,0.37262577,-0.04614244,0.91815060
1591008927.81860256,0.37434483,-0.04895781,0.92547882
1591008927.83026052,0.37519360,-0.04079472,0.94013524
1591008927.84261894,0.36367232,-0.02396747,0.96464682
1591008927.85418797,0.35708332,-0.01063727,0.99117994
1591008927.86647844,0.35378861,-0.01078389,1.00735259
1591008927.87815452,0.34987980,-0.01782907,1.00785792
1591008927.89050555,0.34915525,-0.03282947,1.00330949
1591008927.90217423,0.34757835,-0.05077130,0.99497044
1591008927.91449404,0.33926207,-0.05628949,0.98511529
1591008927.92627978,0.35483471,-0.06343348,0.97399664
1591008927.93864751,0.36865333,-0.07043097,0.98258829
1591008927.95016789,0.36817309,-0.07811355,0.99042189
1591008927.96246266,0.35668266,-0.08172993,1.00811064
1591008927.97450495,0.34714168,-0.08430673,1.01998746
1591008927.98657584,0.34266973,-0.09202358,1.02099824
