1591242377.53605437,5.83089719,0.15615984,-0.11670319
1591242377.54754162,5.83052893,0.15472169,-0.11700164
1591242377.55988812,5.82932291,0.15325038,-0.11754269
1591242377.57161880,5.82739606,0.15162897,-0.11812912
1591242377.58387232,5.82494737,0.15003548,-0.11854625
1591242377.59546137,5.82228399,0.14858337,-0.11877838
1591242377.60807824,5.81943038,0.14753268,-0.11863177
1591242377.61966801,5.81639176,0.14704923,-0.11820242
1591242377.63200760,5.81343867,0.14693229,-0.11746240
1591242377.64362049,5.81064090,0.14716093,-0.11644488
1591242377.65592623,5.80787630,0.14790793,-0.11491946
1591242377.66760612,5.80539793,0.14892895,-0.11301007
1591242377.68001890,5.80359326,0.15013322,-0.11086331
1591242377.69157052,5.80243087,0.15177034,-0.10842334
1591242377.70389986,5.80183048,0.15371464,-0.10572681
1591242377.71544838,5.80180954,0.15587536,-0.10281560
1591242377.72801423,5.80228601,0.15791041,-0.10009289
1591242377.73955631,5.80289513,0.15983900,-0.09735272
1591242377.75194955,5.80344491,0.16179028,-0.09458114
1591242377.76349354,5.80388299,0.16365778,-0.09187064
1591242377.77583337,5.80418668,0.16573647,-0.08939751
1591242377.78763413,5.80434026,0.16799667,-0.08743227
1591242377.79995751,5.80426522,0.17014168,-0.08602553
1591242377.81148100,5.80403832,0.17211390,-0.08524188
1591242377.82394814,5.80388299,0.17399536,-0.08535184
1591242377.83550715,5.80393709,0.17569706,-0.08574104
1591242377.84784532,5.80434725,0.17707936,-0.08615992
1591242377.85946345,5.80513963,0.17824000,-0.08678126
1591242377.87205076,5.80607338,0.17944254,-0.08733628
1591242377.88363361,5.80706821,0.18070965,-0.08705877
1591242377.89595461,5.80814508,0.18204657,-0.08625417
1591242377.90754962,5.80991485,0.18223157,-0.08537278
1591242377.91986680,5.81264978,0.18099064,-0.08490503
1591242377.93165255,5.81603921,0.17873219,-0.08459785
1591242377.94401193,5.81989289,0.17590301,-0.08384038
1591242377.95556498,5.82411310,0.17250485,-0.08237780
1591242377.96787739,5.82853227,0.16898976,-0.08010189
1591242377.97944760,5.83273328,0.16544849,-0.07700916
1591242377.99202299,5.83635833,0.16140630,-0.07311708
1591242378.00361156,5.83923987,0.15713025,-0.06915169
1591242378.01593637,5.84125572,0.15299033,-0.06570990
1591242378.02754831,5.84231863,0.14877187,-0.06275680
1591242378.03986168,5.84241986,0.14487629,-0.06044599
1591242378.05164981,5.84198702,0.14085331,-0.05873033
1591242378.06401110,5.84084208,0.13696471,-0.05728520
1591242378.07554197,5.83901472,0.13308659,-0.05571789
1591242378.08790350,5.83694127,0.12899030,-0.05419596
1591242378.09945083,5.83485386,0.12497256,-0.05256757
1591242378.11202383,5.83297763,0.12117646,-0.05061804
1591242378.12364030,5.83129338,0.11789175,-0.04830373
1591242378.13595581,5.82979240,0.11530518,-0.04545012
1591242378.14754725,5.82851482,0.11342371,-0.04221079
1591242378.15985847,5.82743446,0.11208330,-0.03902382
1591242378.17151546,5.82656529,0.11105181,-0.03597996
1591242378.18388867,5.82579734,0.11026990,-0.03328517
1591242378.19543242,5.82507129,0.10958050,-0.03064275
1591242378.20799971,5.82469429,0.10853854,-0.02805617
1591242378.21952724,5.82464892,0.10595370,-0.02583436
1591242378.23184943,5.82438188,0.10305820,-0.02497043
1591242378.24364877,5.82406772,0.09968797,-0.02523921
1591242378.25595307,5.82438712,0.09614495,-0.02586578
1591242378.26755452,5.82539592,0.09353918,-0.02738247
1591242378.27990150,5.82645708,0.09153728,-0.02946290
1591242378.29149795,5.82722502,0.09042551,-0.03147178
1591242378.30386281,5.82792141,0.09032079,-0.03315253
1591242378.31564760,5.82866841,0.09080424,-0.03421369
1591242378.32794881,5.82939970,0.09142209,-0.03494149
1591242378.33948994,5.83007689,0.09188286,-0.03536910
1591242378.35180497,5.83067903,0.09219353,-0.03589095
1591242378.36359048,5.83105427,0.09230872,-0.03684216
1591242378.37590122,5.83109093,0.09206786,-0.03821398
1591242378.38755250,5.83057256,0.09175719,-0.03987554
1591242378.39987087,5.82957598,0.09173101,-0.04177446
1591242378.41168356,5.82819019,0.09202248,-0.04358262
1591242378.42398715,5.82656529,0.09259146,-0.04522672
1591242378.43550968,5.82486708,0.09359677,-0.04692667
1591242378.44782710,5.82307812,0.09489355,-0.04851492
1591242378.45961189,5.82145147,0.09609085,-0.04961273
1591242378.47194767,5.82013200,0.09729687,-0.05055346
1591242378.48348546,5.81896438,0.09841388,-0.05119051
1591242378.49583030,5.81767458,0.09953613,-0.05110324
1591242378.50763512,5.81638827,0.10042799,-0.05034053
1591242378.51993799,5.81535678,0.10109122,-0.04932824
1591242378.53155684,5.81447539,0.10164274,-0.04832642
1591242378.54387093,5.81370745,0.10218379,-0.04737696
1591242378.55540681,5.81303724,0.10275451,-0.04653920
1591242378.56797266,5.81256426,0.10356086,-0.04594230
1591242378.57953215,5.81226057,0.10439861,-0.04536111
1591242378.59188628,5.81191150,0.10529746,-0.04487416
1591242378.60350156,5.81153277,0.10610380,-0.04450066
1591242378.61582804,5.81131285,0.10682288,-0.04421094
1591242378.62762308,5.81122035,0.10747214,-0.04409923
1591242378.63994217,5.81111040,0.10777059,-0.04423013
1591242378.65148687,5.81097252,0.10784913,-0.04467519
1591242378.66383719,5.81067581,0.10796083,-0.04531049
1591242378.67565203,5.81020981,0.10812838,-0.04617269
1591242378.68795896,5.80957451,0.10868165,-0.04710295
1591242378.69957733,5.80889034,0.10951592,-0.04791278
1591242378.71183658,5.80831263,0.11053345,-0.04849223
1591242378.72364807,5.80785187,0.11158414,-0.04882035
1591242378.73596764,5.80776635,0.11250567,-0.04877672
1591242378.74760222,5.80816079,0.11281983,-0.04845907
1591242378.75993061,5.80850637,0.11308512,-0.04779410
1591242378.77164721,5.80900727,0.11293327,-0.04685511
1591242378.78386402,5.80973159,0.11254232,-0.04601386
1591242378.79546857,5.81042972,0.11216358,-0.04554611
1591242378.80786037,5.81103186,0.11184070,-0.04524592
1591242378.81944346,5.81158513,0.11155621,-0.04511327
1591242378.83179498,5.81218203,0.11137470,-0.04524941
1591242378.84362602,5.81274053,0.11118969,-0.04553389
1591242378.85598516,5.81331126,0.11111115,-0.04582362
1591242378.86756158,5.81392038,0.11114431,-0.04598070
1591242378.87993240,5.81466563,0.11120365,-0.04601735
1591242378.89151525,5.81556448,0.11122111,-0.04599815
1591242378.90393472,5.81651219,0.11134328,-0.04594056
1591242378.91550827,5.81748259,0.11155272,-0.04593358
1591242378.92785048,5.81839016,0.11178659,-0.04591612
1591242378.93942904,5.81921571,0.11197334,-0.04586376
1591242378.95177197,5.82011630,0.11222467,-0.04600339
1591242378.96360040,5.82105877,0.11247600,-0.04633675
1591242378.97594833,5.82197333,0.11275700,-0.04682369
1591242378.98758483,5.82285123,0.11304148,-0.04750437
1591242378.99994183,5.82356681,0.11334343,-0.04817458
1591242379.01140714,5.82419164,0.11358952,-0.04873832
1591242379.02393866,5.82479727,0.11386004,-0.04917989
1591242379.03541398,5.82540115,0.11418991,-0.04956211
1591242379.04782200,5.82594046,0.11462275,-0.05006477
1591242379.05946708,5.82646755,0.11517079,-0.05081875
1591242379.07180309,5.82711507,0.11573976,-0.05178566
1591242379.08360696,5.82793013,0.11610628,-0.05277527
1591242379.09592390,5.82882025,0.11608883,-0.05373520
1591242379.10756683,5.82967546,0.11557919,-0.05466197
1591242379.11995459,5.83051497,0.11489328,-0.05566553
1591242379.13148618,5.83128989,0.11396127,-0.05670575
1591242379.14380407,5.83194090,0.11297342,-0.05769186
1591242379.15559340,5.83239818,0.11189655,-0.05840570
1591242379.16791010,5.83265125,0.11089473,-0.05890661
1591242379.17943263,5.83276644,0.10997145,-0.05937785
1591242379.19202065,5.83268965,0.10933266,-0.05971993
1591242379.20361185,5.83239643,0.10893647,-0.05995206
1591242379.21591711,5.83199850,0.10867118,-0.06012136
1591242379.22750854,5.83156391,0.10875670,-0.06019117
1591242379.23982763,5.83108220,0.10907959,-0.06019466
1591242379.25161624,5.83060747,0.10963809,-0.06019641
1591242379.26392937,5.83011354,0.11025245,-0.06012485
1591242379.27547765,5.82963881,0.11092615,-0.05985956
1591242379.28780246,5.82934385,0.11161206,-0.05950526
1591242379.29959321,5.82926357,0.11217755,-0.05903576
1591242379.31200504,5.82943286,0.11258944,-0.05846853
1591242379.32359004,5.82993552,0.11280237,-0.05788559
1591242379.33591413,5.83083087,0.11268195,-0.05738119
1591242379.34751940,5.83201246,0.11232590,-0.05717000
1591242379.35982203,5.83325164,0.11186339,-0.05730090
1591242379.37141037,5.83442625,0.11133630,-0.05774596
1591242379.38378477,5.83542283,0.11085808,-0.05841617
1591242379.39561033,5.83612795,0.11064166,-0.05898515
1591242379.40800834,5.83675626,0.11056137,-0.05940054
1591242379.41959834,5.83739505,0.11056661,-0.05965361
1591242379.43194270,5.83809493,0.11057533,-0.05983861
1591242379.44349861,5.83888033,0.11047062,-0.06011612
1591242379.45584226,5.83968493,0.11018962,-0.06054722
1591242379.46740222,5.84043891,0.10983357,-0.06122440
1591242379.47984004,5.84103581,0.10937804,-0.06196966
1591242379.49142838,5.84145993,0.10892251,-0.06271492
1591242379.50377393,5.84186659,0.10851236,-0.06341654
1591242379.51539731,5.84225056,0.10819296,-0.06400297
1591242379.52802014,5.84243557,0.10797654,-0.06435553
1591242379.53958201,5.84246698,0.10779328,-0.06449166
1591242379.55193377,5.84236924,0.10769554,-0.06454228
1591242379.56349754,5.84220169,0.10751228,-0.06465049
1591242379.57581782,5.84221740,0.10720510,-0.06492101
1591242379.58760810,5.84237797,0.10678972,-0.06527880
1591242379.59993243,5.84241288,0.10628008,-0.06576924
1591242379.61157680,5.84222438,0.10567096,-0.06635742
1591242379.62393451,5.84187706,0.10482273,-0.06709569
1591242379.63545775,5.84125572,0.10378077,-0.06787062
1591242379.64776468,5.84026263,0.10239847,-0.06871187
1591242379.65955472,5.83897283,0.10081720,-0.06941000
1591242379.67197967,5.83750501,0.09915565,-0.06997723
1591242379.68352532,5.83586091,0.09746617,-0.06997025
1591242379.69581628,5.83416445,0.09613623,-0.06934193
1591242379.70760202,5.83272804,0.09515710,-0.06817082
1591242379.71995378,5.83188505,0.09463699,-0.06673965
1591242379.73149824,5.83163721,0.09460034,-0.06524913
1591242379.74385118,5.83163721,0.09508205,-0.06368881
1591242379.75537443,5.83203689,0.09586395,-0.06232047
1591242379.76794195,5.83274899,0.09688497,-0.06114237
1591242379.77947235,5.83358849,0.09791995,-0.06003234
1591242379.79178548,5.83466187,0.09857794,-0.05902529
1591242379.80358958,5.83576841,0.09869313,-0.05822244
1591242379.81591082,5.83665853,0.09832836,-0.05769011
1591242379.82751846,5.83734968,0.09762150,-0.05763426
1591242379.83983922,5.83775285,0.09673313,-0.05806012
1591242379.85136867,5.83800767,0.09593551,-0.05873906
1591242379.86393046,5.83843004,0.09532639,-0.05948955
1591242379.87543988,5.83899552,0.09495987,-0.06029763
1591242379.88774610,5.83941266,0.09498954,-0.06087883
1591242379.89944673,5.83962210,0.09534036,-0.06108478
1591242379.91180825,5.83955926,0.09601929,-0.06096086
1591242379.92339611,5.83929746,0.09699493,-0.06073048
1591242379.93597078,5.83908104,0.09810496,-0.06043552
1591242379.94755721,5.83898505,0.09919579,-0.06019466
1591242379.95992804,5.83908453,0.10020110,-0.06019117
1591242379.97151780,5.83936204,0.10107725,-0.06049835
1591242379.98383379,5.83972856,0.10194643,-0.06102544
1591242379.99538398,5.84009682,0.10274579,-0.06147922
1591242380.00797391,5.84043891,0.10334793,-0.06169390
1591242380.01958346,5.84074085,0.10390120,-0.06157522
1591242380.03190088,5.84114402,0.10434276,-0.06115110
1591242380.04351211,5.84168682,0.10468485,-0.06058736
1591242380.05582309,5.84248967,0.10484193,-0.06017546
1591242380.06735563,5.84340248,0.10484716,-0.05995904
1591242380.07974386,5.84424373,0.10475292,-0.06001489
1591242380.09154654,5.84487205,0.10470579,-0.06021386
1591242380.10387874,5.84512337,0.10476862,-0.06039363
1591242380.11541986,5.84509021,0.10503915,-0.06040061
1591242380.12779641,5.84496106,0.10547199,-0.06030113
1591242380.13937545,5.84489823,0.10587691,-0.06019117
1591242380.15193892,5.84500818,0.10626612,-0.06023829
1591242380.16347313,5.84535027,0.10638131,-0.06053675
1591242380.17579794,5.84573947,0.10630975,-0.06112492
1591242380.18761563,5.84608505,0.10609857,-0.06192254
1591242380.19992733,5.84618802,0.10582629,-0.06282313
1591242380.21154046,5.84596986,0.10575299,-0.06365565
1591242380.22391319,5.84577089,0.10583677,-0.06425953
1591242380.23546338,5.84563650,0.10607239,-0.06460860
1591242380.24779248,5.84527871,0.10643716,-0.06460511
1591242380.25958085,5.84473242,0.10706897,-0.06407976
1591242380.27190971,5.84403778,0.10786484,-0.06304129
1591242380.28354311,5.84324889,0.10885269,-0.06165899
1591242380.29593420,5.84246698,0.10990164,-0.06010390
1591242380.30754018,5.84170776,0.11094360,-0.05861514
1591242380.31992221,5.84106199,0.11185815,-0.05719269
1591242380.33154559,5.84046334,0.11264006,-0.05587672
1591242380.34393096,5.83990135,0.11324045,-0.05474225
1591242380.35550165,5.83940044,0.11350574,-0.05397082
1591242380.36784625,5.83870929,0.11349527,-0.05357463
1591242380.37945962,5.83777205,0.11319333,-0.05329363
1591242380.39180136,5.83697967,0.11272558,-0.05293409
1591242380.40334868,5.83648399,0.11228925,-0.05251521
1591242380.41592264,5.83614365,0.11198731,-0.05203699
1591242380.42757869,5.83600228,0.11187735,-0.05145580
1591242380.43994689,5.83608431,0.11191924,-0.05073498
1591242380.45149779,5.83640894,0.11216708,-0.04997750
1591242380.46387029,5.83690462,0.11256326,-0.04932999
1591242380.47541237,5.83743345,0.11289837,-0.04883257
1591242380.48773909,5.83803035,0.11312875,-0.04861266
1591242380.49951959,5.83862900,0.11318809,-0.04889889
1591242380.51184249,5.83906534,0.11309210,-0.04945390
1591242380.52337861,5.83927477,0.11291059,-0.05012760
1591242380.53578925,5.83926954,0.11283379,-0.05083271
1591242380.54733992,5.83916482,0.11279714,-0.05152910
1591242380.55974197,5.83909501,0.11273954,-0.05223072
1591242380.57152271,5.83904265,0.11265926,-0.05275432
1591242380.58387446,5.83899203,0.11259468,-0.05297249
1591242380.59542799,5.83887509,0.11253883,-0.05267404
1591242380.60773563,5.83883844,0.11250043,-0.05218360
1591242380.61939502,5.83887858,0.11252661,-0.05167222
1591242380.63173342,5.83882273,0.11257025,-0.05127079
1591242380.64352775,5.83866915,0.11273954,-0.05117131
1591242380.65584278,5.83837593,0.11304847,-0.05137202
1591242380.66736984,5.83792738,0.11351098,-0.05181533
1591242380.67977858,5.83736189,0.11402236,-0.05219756
1591242380.69157910,5.83684179,0.11435223,-0.05246634
1591242380.70389676,5.83658697,0.11457563,-0.05257630
1591242380.71543169,5.83663235,0.11461577,-0.05255361
1591242380.72774053,5.83664631,0.11465417,-0.05241573
1591242380.73960376,5.83657475,0.11467686,-0.05218534
1591242380.75193143,5.83665853,0.11481648,-0.05193751
1591242380.76346779,5.83689065,0.11519348,-0.05179265
1591242380.77583766,5.83725368,0.11570311,-0.05190086
1591242380.78736567,5.83765685,0.11622497,-0.05209110
1591242380.79976654,5.83793611,0.11658625,-0.05229356
1591242380.81156373,5.83810715,0.11672413,-0.05254139
1591242380.82388258,5.83821536,0.11657229,-0.05283461
1591242380.83541942,5.83832008,0.11619879,-0.05330585
1591242380.84772801,5.83845622,0.11570486,-0.05388530
1591242380.85953403,5.83858013,0.11521966,-0.05434781
1591242380.87189245,5.83862551,0.11483219,-0.05470560
1591242380.88350558,5.83857490,0.11460705,-0.05492900
1591242380.89583111,5.83835324,0.11450756,-0.05510179
1591242380.90736747,5.83795007,0.11460181,-0.05524316
1591242380.91984916,5.83742822,0.11488630,-0.05532170
1591242380.93139672,5.83680339,0.11530169,-0.05533217
1591242380.94378710,5.83614889,0.11585496,-0.05534265
1591242380.95533109,5.83551359,0.11646408,-0.05539151
1591242380.96792340,5.83486607,0.11698593,-0.05539501
1591242380.97945523,5.83427615,0.11742226,-0.05545784
1591242380.99178338,5.83380142,0.11764915,-0.05544911
1591242381.00332236,5.83348901,0.11772595,-0.05542991
1591242381.01589942,5.83343141,0.11769453,-0.05549623
1591242381.02751279,5.83354486,0.11760203,-0.05560968
1591242381.03987575,5.83368798,0.11757236,-0.05574756
1591242381.05140686,5.83385553,0.11751825,-0.05595526
1591242381.06372762,5.83405799,0.11738735,-0.05613677
1591242381.07551050,5.83421681,0.11719537,-0.05631828
1591242381.08782864,5.83427790,0.11704876,-0.05635145
1591242381.09945273,5.83435120,0.11691612,-0.05639333
1591242381.11179090,5.83442800,0.11687946,-0.05641777
1591242381.12333655,5.83454493,0.11691612,-0.05644569
1591242381.13590074,5.83473692,0.11696848,-0.05657485
1591242381.14756536,5.83504061,0.11678173,-0.05674764
1591242381.15971279,5.83547170,0.11640997,-0.05693962
1591242381.17149186,5.83598657,0.11597015,-0.05712288
1591242381.18385983,5.83666725,0.11536452,-0.05723458
1591242381.19543576,5.83751025,0.11488804,-0.05733058
1591242381.20779371,5.83833753,0.11406774,-0.05712637
1591242381.21935105,5.83901298,0.11340975,-0.05686283
1591242381.23170877,5.83951388,0.11322300,-0.05672669
1591242381.24333858,5.83989437,0.11343593,-0.05658008
1591242381.25577712,5.84004272,0.11400665,-0.05645966
1591242381.26735663,5.84007937,0.11477460,-0.05646315
1591242381.27981639,5.84012824,0.11558094,-0.05649631
1591242381.29139519,5.84022772,0.11606440,-0.05652598
1591242381.30375075,5.84036561,0.11601553,-0.05671098
1591242381.31532288,5.84053141,0.11548146,-0.05715604
1591242381.32793856,5.84074958,0.11458610,-0.05782974
1591242381.33950543,5.84094680,0.11357207,-0.05858547
1591242381.35193372,5.84128365,0.11267148,-0.05940926
1591242381.36351275,5.84170427,0.11195589,-0.06018768
1591242381.37586832,5.84205857,0.11153527,-0.06083694
1591242381.38751101,5.84243208,0.11122111,-0.06142861
1591242381.39989328,5.84283525,0.11111464,-0.06199759
1591242381.41148806,5.84321049,0.11114431,-0.06239028
1591242381.42385578,5.84347753,0.11114780,-0.06274982
1591242381.43543553,5.84361541,0.11107275,-0.06300290
1591242381.44779730,5.84370966,0.11091044,-0.06340781
1591242381.45937920,5.84374980,0.11061548,-0.06390698
1591242381.47180152,5.84385103,0.11026990,-0.06438345
1591242381.48338747,5.84404301,0.10980215,-0.06485294
1591242381.49572897,5.84428561,0.10940771,-0.06524215
1591242381.50755954,5.84452996,0.10914940,-0.06545334
1591242381.51993799,5.84475336,0.10903945,-0.06551617
1591242381.53151035,5.84500469,0.10900628,-0.06560344
1591242381.54387879,5.84515130,0.10914067,-0.06556155
1591242381.55548978,5.84521588,0.10924365,-0.06532767
1591242381.56786323,5.84543404,0.10923492,-0.06504668
1591242381.57943273,5.84579532,0.10918605,-0.06479186
1591242381.59179235,5.84619151,0.10914591,-0.06447595
1591242381.60337448,5.84665403,0.10915464,-0.06415307
1591242381.61572456,5.84721253,0.10911798,-0.06380924
1591242381.62756324,5.84782165,0.10901327,-0.06349159
1591242381.63991928,5.84843950,0.10880557,-0.06327691
1591242381.65148926,5.84907131,0.10847221,-0.06318092
1591242381.66390586,5.84963330,0.10804461,-0.06314078
1591242381.67547441,5.85012898,0.10758210,-0.06322455
1591242381.68778443,5.85059323,0.10707769,-0.06330309
1591242381.69930553,5.85096848,0.10673561,-0.06342527
1591242381.71168566,5.85112731,0.10645461,-0.06368357
1591242381.72347474,5.85112207,0.10620328,-0.06419670
1591242381.73577929,5.85123203,0.10585247,-0.06482676
1591242381.74731970,5.85142576,0.10547199,-0.06542192
1591242381.75975990,5.85141528,0.10515609,-0.06582160
1591242381.77129793,5.85136467,0.10488905,-0.06604849
1591242381.78389812,5.85168407,0.10455046,-0.06625619
1591242381.79550052,5.85227922,0.10410540,-0.06673092
1591242381.80781460,5.85296514,0.10358006,-0.06728244
1591242381.81934333,5.85373308,0.10302330,-0.06779906
1591242381.83189940,5.85446438,0.10255729,-0.06823888
1591242381.84350181,5.85517472,0.10214714,-0.06849894
1591242381.85589552,5.85586238,0.10158863,-0.06868918
1591242381.86743045,5.85653783,0.10092192,-0.06912551
1591242381.87983298,5.85731101,0.10027615,-0.06967703
1591242381.89136386,5.85806848,0.09975080,-0.07013780
1591242381.90371013,5.85863222,0.09936508,-0.07045894
1591242381.91551828,5.85901096,0.09918706,-0.07065791
1591242381.92785287,5.85915407,0.09910678,-0.07069805
1591242381.93947625,5.85908426,0.09913296,-0.07066664
1591242381.95180416,5.85887308,0.09908583,-0.07061951
1591242381.96338344,5.85854146,0.09900555,-0.07062300
1591242381.97572827,5.85815400,0.09886592,-0.07069282
1591242381.98754716,5.85775781,0.09862157,-0.07080975
1591242381.99988890,5.85731450,0.09837374,-0.07098254
1591242382.01143837,5.85687642,0.09804387,-0.07110471
1591242382.02374864,5.85642089,0.09774542,-0.07117802
1591242382.03554440,5.85595838,0.09745569,-0.07116929
1591242382.04785275,5.85557790,0.09720088,-0.07110646
1591242382.05945659,5.85531784,0.09701587,-0.07101570
1591242382.07178974,5.85518345,0.09680992,-0.07092494
1591242382.08333087,5.85514505,0.09655860,-0.07093891
1591242382.09589934,5.85523581,0.09599136,-0.07104363
1591242382.10750890,5.85535973,0.09534210,-0.07141713
1591242382.11984563,5.85549412,0.09464921,-0.07199309
1591242382.13138509,5.85564596,0.09406627,-0.07262140
1591242382.14374113,5.85577686,0.09362819,-0.07319387
1591242382.15553570,5.85585715,0.09341002,-0.07364591
1591242382.16789675,5.85591474,0.09358455,-0.07393040
1591242382.17945862,5.85595489,0.09407848,-0.07407003
1591242382.19177699,5.85596536,0.09468760,-0.07416602
1591242382.20331335,5.85591649,0.09535955,-0.07423758
1591242382.21588302,5.85570705,0.09586745,-0.07424107
1591242382.22741175,5.85541732,0.09617113,-0.07428296
1591242382.23980689,5.85518694,0.09628109,-0.07437022
1591242382.25134754,5.85497925,0.09622349,-0.07426201
1591242382.26368809,5.85482391,0.09604198,-0.07402639
1591242382.27546287,5.85478726,0.09582207,-0.07385186
1591242382.28777266,5.85480646,0.09568069,-0.07378903
1591242382.29932117,5.85483788,0.09561961,-0.07391644
1591242382.31190896,5.85480995,0.09561612,-0.07405607
1591242382.32350445,5.85465287,0.09569291,-0.07417126
1591242382.33583713,5.85428810,0.09578541,-0.07425329
1591242382.34737468,5.85384304,0.09583254,-0.07438419
1591242382.35976028,5.85357949,0.09594075,-0.07457094
1591242382.37138796,5.85347128,0.09611354,-0.07466519
1591242382.38374472,5.85330722,0.09628283,-0.07462679
1591242382.39528084,5.85316061,0.09640501,-0.07449065
1591242382.40789580,5.85327057,0.09641722,-0.07428296
1591242382.41944432,5.85358822,0.09636137,-0.07410668
1591242382.43175721,5.85397917,0.09618684,-0.07401767
1591242382.44335794,5.85437536,0.09592330,-0.07390422
1591242382.45567513,5.85478901,0.09562484,-0.07386932
1591242382.46755052,5.85519392,0.09529498,-0.07388677
1591242382.47988558,5.85550285,0.09495987,-0.07386932
1591242382.49143910,5.85572974,0.09462477,-0.07374714
1591242382.50374985,5.85584493,0.09429839,-0.07352374
1591242382.51552582,5.85585715,0.09403834,-0.07323402
1591242382.52787638,5.85598456,0.09391791,-0.07299665
1591242382.53950024,5.85627428,0.09378003,-0.07290240
1591242382.55178571,5.85657273,0.09372069,-0.07300363
1591242382.56329513,5.85687817,0.09363342,-0.07320609
1591242382.57580996,5.85712426,0.09349380,-0.07330732
1591242382.58736563,5.85732672,0.09340828,-0.07339982
1591242382.59976101,5.85756059,0.09328087,-0.07348883
1591242382.61129475,5.85774036,0.09309586,-0.07367558
1591242382.62375736,5.85769149,0.09307317,-0.07385012
1591242382.63533998,5.85750997,0.09314473,-0.07400894
1591242382.64766574,5.85742794,0.09330181,-0.07413286
1591242382.65951276,5.85745761,0.09354441,-0.07421664
1591242382.67183471,5.85745063,0.09381494,-0.07417300
1591242382.68335986,5.85740176,0.09409768,-0.07407701
1591242382.69564581,5.85738431,0.09443977,-0.07398625
1591242382.70763516,5.85741398,0.09483072,-0.07409446
1591242382.71981645,5.85742620,0.09511870,-0.07448891
1591242382.73136735,5.85739304,0.09516931,-0.07512944
1591242382.74367523,5.85715044,0.09498082,-0.07551516
1591242382.75527048,5.85657448,0.09461255,-0.07536855
1591242382.76784563,5.85559535,0.09426698,-0.07437372
1591242382.77953124,5.85457084,0.09402787,-0.07260395
1591242382.79166651,5.85390762,0.09361946,-0.07034899
1591242382.80346322,5.85373483,0.09296671,-0.06814464
1591242382.81579161,5.85388493,0.09203296,-0.06647261
1591242382.82730579,5.85425319,0.09063320,-0.06544287
1591242382.83967900,5.85473665,0.08914095,-0.06505366
1591242382.85125947,5.85511538,0.08779006,-0.06522295
1591242382.86386013,5.85524279,0.08668701,-0.06575179
1591242382.87544632,5.85515727,0.08593652,-0.06669950
1591242382.88776350,5.85496179,0.08537976,-0.06767340
1591242382.89933181,5.85454466,0.08506211,-0.06854432
1591242382.91179037,5.85396521,0.08477588,-0.06885498
1591242382.92333221,5.85346779,0.08447568,-0.06873107
1591242382.93589306,5.85304193,0.08414232,-0.06834709
1591242382.94750786,5.85273126,0.08393812,-0.06794741
1591242382.95984650,5.85265796,0.08380198,-0.06754250
1591242382.97136211,5.85276792,0.08356462,-0.06730862
1591242382.98386717,5.85294768,0.08355066,-0.06739414
1591242382.99544334,5.85309604,0.08370774,-0.06764024
1591242383.00775242,5.85317458,0.08399222,-0.06800326
1591242383.01931190,5.85313967,0.08433256,-0.06816383
1591242383.03187799,5.85306637,0.08474097,-0.06805039
1591242383.04339027,5.85304891,0.08506735,-0.06767165
1591242383.05570006,5.85321472,0.08532915,-0.06715678
1591242383.06756854,5.85363709,0.08544434,-0.06664191
1591242383.07969642,5.85415545,0.08533787,-0.06611307
1591242383.09129190,5.85476108,0.08492947,-0.06570990
1591242383.10385871,5.85544525,0.08420166,-0.06542367
1591242383.11537981,5.85613466,0.08323650,-0.06533989
1591242383.12768626,5.85668443,0.08218406,-0.06552839
1591242383.13946676,5.85702303,0.08100422,-0.06596472
1591242383.15177727,5.85715567,0.07986452,-0.06660351
1591242383.16329885,5.85703350,0.07893426,-0.06737844
1591242383.17586064,5.85670538,0.07841415,-0.06825459
1591242383.18732977,5.85621494,0.07826405,-0.06906093
1591242383.19978118,5.85562153,0.07845779,-0.06955661
1591242383.21132493,5.85505604,0.07883129,-0.06976430
1591242383.22364569,5.85448183,0.07943692,-0.06984808
1591242383.23544812,5.85389714,0.08020835,-0.06987251
1591242383.24774361,5.85333340,0.08112814,-0.06994058
1591242383.25932860,5.85273126,0.08214741,-0.07008021
1591242383.27167511,5.85211865,0.08317192,-0.07020936
1591242383.28325701,5.85150953,0.08419468,-0.07018493
1591242383.29585218,5.85100862,0.08525933,-0.07009242
1591242383.30736709,5.85076079,0.08616341,-0.06997549
1591242383.31975174,5.85083758,0.08671843,-0.06994931
1591242383.33132482,5.85109938,0.08700466,-0.06995978
1591242383.34362721,5.85131929,0.08708669,-0.07000865
1591242383.35542631,5.85149557,0.08715825,-0.07016398
1591242383.36775041,5.85176435,0.08734326,-0.07043276
1591242383.37933421,5.85211865,0.08758935,-0.07075216
1591242383.39179516,5.85225653,0.08800474,-0.07098952
1591242383.40334225,5.85225828,0.08844631,-0.07103141
1591242383.41565061,5.85221814,0.08889311,-0.07085164
1591242383.42751002,5.85219894,0.08932944,-0.07062475
1591242383.43982363,5.85243107,0.08979719,-0.07036469
1591242383.45142388,5.85290580,0.09023352,-0.07017096
1591242383.46372890,5.85349746,0.09060702,-0.07000865
1591242383.47525501,5.85420083,0.09084090,-0.06996152
1591242383.48762059,5.85480646,0.09078156,-0.07001388
1591242383.49942303,5.85526025,0.09054943,-0.07027045
1591242383.51186180,5.85552728,0.09024399,-0.07063347
1591242383.52331209,5.85569309,0.08983384,-0.07098952
1591242383.53565335,5.85581701,0.08937482,-0.07139618
1591242383.54753613,5.85594790,0.08877966,-0.07187615
1591242383.55986238,5.85588158,0.08795587,-0.07241720
1591242383.57143402,5.85555695,0.08703259,-0.07290938
1591242383.58383942,5.85499496,0.08599586,-0.07343996
1591242383.59547782,5.85417640,0.08519476,-0.07396531
1591242383.60785484,5.85320425,0.08470781,-0.07416777
1591242383.61944056,5.85218498,0.08437620,-0.07420616
1591242383.63179493,5.85115872,0.08442158,-0.07416777
1591242383.64335442,5.85017785,0.08478635,-0.07415904
1591242383.65570426,5.84913414,0.08524712,-0.07403512
1591242383.66729164,5.84806076,0.08588416,-0.07384837
1591242383.67984343,5.84706418,0.08668003,-0.07356214
1591242383.69125032,5.84620024,0.08752303,-0.07330732
1591242383.70369506,5.84540786,0.08826479,-0.07303505
1591242383.71543622,5.84467657,0.08884948,-0.07288320
1591242383.72783303,5.84392957,0.08928581,-0.07277848
1591242383.73933554,5.84320177,0.08964709,-0.07272263
1591242383.75167489,5.84274274,0.09000139,-0.07267551
1591242383.76346540,5.84251411,0.09038711,-0.07248876
1591242383.77577281,5.84258566,0.09084439,-0.07214318
1591242383.78735209,5.84295916,0.09133133,-0.07165449
1591242383.79977250,5.84344262,0.09172752,-0.07116580
1591242383.81130290,5.84396796,0.09202423,-0.07076612
1591242383.82385635,5.84452822,0.09212720,-0.07049559
1591242383.83553219,5.84510766,0.09207310,-0.07036469
1591242383.84791970,5.84574122,0.09191777,-0.07030535
1591242383.85946965,5.84647600,0.09172229,-0.07027045
1591242383.87186575,5.84716192,0.09140289,-0.07023554
1591242383.88341713,5.84781642,0.09095783,-0.07028266
1591242383.89572453,5.84861927,0.09035220,-0.07057588
1591242383.90727758,5.84947448,0.08959473,-0.07113787
1591242383.91967821,5.85013945,0.08870636,-0.07191629
1591242383.93126702,5.85045884,0.08769581,-0.07285528
1591242383.94383049,5.85048153,0.08668876,-0.07393913
1591242383.95535350,5.85020228,0.08585798,-0.07514864
1591242383.96764922,5.84970835,0.08538325,-0.07657108
1591242383.97946310,5.84899102,0.08541990,-0.07789055
1591242383.99160528,5.84803284,0.08607964,-0.07886270
1591242384.00345397,5.84698564,0.08719141,-0.07943342
1591242384.01577449,5.84606934,0.08848470,-0.07953116
1591242384.02730608,5.84532583,0.08978846,-0.07930602
1591242384.03972316,5.84472195,0.09099798,-0.07883303
1591242384.05126214,5.84432750,0.09189333,-0.07830769
1591242384.06368589,5.84396796,0.09236631,-0.07792895
1591242384.07524610,5.84359796,0.09247802,-0.07770031
1591242384.08781528,5.84316860,0.09242391,-0.07769682
1591242384.09942722,5.84275845,0.09242217,-0.07789230
1591242384.11173296,5.84254727,0.09247976,-0.07813490
1591242384.12325025,5.84248269,0.09266477,-0.07803716
1591242384.13580990,5.84242858,0.09316568,-0.07759559
1591242384.14733458,5.84253156,0.09328436,-0.07699869
1591242384.15971661,5.84250014,0.09359503,-0.07622900
1591242384.17142153,5.84239717,0.09373291,-0.07532667
1591242384.18379116,5.84237273,0.09360375,-0.07463901
1591242384.19538760,5.84232037,0.09332625,-0.07426551
1591242384.20769620,5.84231165,0.09290562,-0.07412413
1591242384.21930146,5.84233957,0.09241344,-0.07408050
1591242384.23162627,5.84234655,0.09209579,-0.07411366
1591242384.24341178,5.84232910,0.09215513,-0.07399847
1591242384.25576234,5.84236401,0.09266651,-0.07373842
1591242384.26730371,5.84248618,0.09361248,-0.07333350
1591242384.27971864,5.84265548,0.09486214,-0.07281863
1591242384.29123259,5.84285794,0.09614670,-0.07230026
1591242384.30373573,5.84318780,0.09724451,-0.07204370
1591242384.31545854,5.84360843,0.09807005,-0.07223394
1591242384.32785487,5.84403603,0.09849940,-0.07279070
1591242384.33941436,5.84440604,0.09863728,-0.07365115
1591242384.35172415,5.84476384,0.09861634,-0.07449414
1591242384.36323118,5.84514257,0.09852384,-0.07518704
1591242384.37578702,5.84563650,0.09849940,-0.07568097
1591242384.38731194,5.84633812,0.09846275,-0.07597244
1591242384.39970398,5.84719333,0.09836327,-0.07611032
1591242384.41123772,5.84815676,0.09817477,-0.07618188
1591242384.42361546,5.84910272,0.09786061,-0.07632150
1591242384.43540454,5.84992477,0.09738763,-0.07663392
1591242384.44771242,5.85072239,0.09687450,-0.07708770
1591242384.45924807,5.85135594,0.09642944,-0.07730936
1591242384.47180319,5.85177133,0.09594598,-0.07720988
1591242384.48330617,5.85202091,0.09565277,-0.07679100
1591242384.49559045,5.85230366,0.09548347,-0.07621155
1591242384.50762200,5.85272079,0.09537352,-0.07565130
1591242384.51960731,5.85322519,0.09522691,-0.07524987
1591242384.53140855,5.85380115,0.09474869,-0.07499156
1591242384.54373860,5.85425494,0.09417448,-0.07479434
1591242384.55526710,5.85455688,0.09344318,-0.07464424
1591242384.56781101,5.85474886,0.09266128,-0.07468787
1591242384.57933712,5.85481519,0.09202074,-0.07487462
1591242384.59163857,5.85465113,0.09156870,-0.07486590
1591242384.60321712,5.85435791,0.09135926,-0.07472627
1591242384.61563730,5.85417640,0.09145525,-0.07464599
1591242384.62756085,5.85410833,0.09195616,-0.07454999
1591242384.63967967,5.85397568,0.09269269,-0.07445226
1591242384.65122128,5.85371039,0.09355837,-0.07423583
1591242384.66378880,5.85353411,0.09442406,-0.07393913
1591242384.67532778,5.85338053,0.09518328,-0.07366162
1591242384.68766141,5.85323043,0.09586745,-0.07343996
1591242384.69945145,5.85308382,0.09634741,-0.07331256
1591242384.71158934,5.85273301,0.09680120,-0.07318340
1591242384.72339797,5.85229668,0.09741555,-0.07315198
1591242384.73569536,5.85202091,0.09809274,-0.07315722
1591242384.74722433,5.85198077,0.09872455,-0.07308217
1591242384.75959277,5.85209073,0.09920102,-0.07300712
1591242384.77134085,5.85221639,0.09963038,-0.07286051
1591242384.78381562,5.85234205,0.09988868,-0.07266155
1591242384.79538226,5.85252357,0.09983632,-0.07262140
1591242384.80773354,5.85284471,0.09942966,-0.07290589
1591242384.81926537,5.85322170,0.09859365,-0.07345044
1591242384.83182764,5.85344859,0.09748711,-0.07396880
1591242384.84326124,5.85346605,0.09621826,-0.07442433
1591242384.85577226,5.85327406,0.09518677,-0.07480656
1591242384.86732435,5.85293372,0.09398773,-0.07427598
1591242384.87977457,5.85249041,0.09229127,-0.07276452
1591242384.89133286,5.85205757,0.09017942,-0.07038215
1591242384.90365124,5.85200521,0.08828923,-0.06854781
1591242384.91545439,5.85223733,0.08717396,-0.06730339
1591242384.92778444,5.85283598,0.08550717,-0.06664365
1591242384.93931675,5.85319901,0.08382816,-0.06628760
1591242384.95160890,5.85313967,0.08234114,-0.06637487
1591242384.96339345,5.85319378,0.07995179,-0.06678677
1591242384.97570038,5.85335085,0.07701091,-0.06727023
1591242384.98720789,5.85324788,0.07489731,-0.06860540
1591242384.99961519,5.85280806,0.07268075,-0.06996152
1591242385.01142240,5.85192841,0.07063871,-0.07096858
1591242385.02373815,5.85064385,0.06971543,-0.07319213
1591242385.03530216,5.84895437,0.07039611,-0.07605970
1591242385.04761267,5.84721777,0.07197214,-0.07927285
1591242385.05938888,5.84505007,0.07476292,-0.08263436
1591242385.07170558,5.84215457,0.07801273,-0.08587020
1591242385.08324766,5.83833928,0.08208807,-0.08822116
1591242385.09580112,5.83391836,0.08693310,-0.08912698
1591242385.10732150,5.82930371,0.09224589,-0.08831366
1591242385.11977053,5.82446217,0.09853256,-0.08618610
1591242385.13130522,5.81956652,0.10553482,-0.08292408
1591242385.14359403,5.81465167,0.11305021,-0.07862883
1591242385.15538120,5.80968795,0.12074886,-0.07416602
1591242385.16770697,5.80465617,0.12827472,-0.06986204
1591242385.17949176,5.79957377,0.13522113,-0.06621256
1591242385.19170642,5.79411438,0.14086552,-0.06325771
1591242385.20325613,5.78834258,0.14500195,-0.06161536
1591242385.21560240,5.78252016,0.14707366,-0.06121044
1591242385.22738314,5.77660000,0.14746287,-0.06234316
1591242385.23959517,5.77075489,0.14624114,-0.06482327
1591242385.25139832,5.76513493,0.14365631,-0.06831568
1591242385.26370001,5.75947483,0.14024768,-0.07235088
1591242385.27527332,5.75375713,0.13643937,-0.07625693
1591242385.28758359,5.74789108,0.13265550,-0.07969697
1591242385.29939389,5.74191682,0.12918229,-0.08261341
1591242385.31170249,5.73593034,0.12576843,-0.08535358
1591242385.32331085,5.72991942,0.12235631,-0.08805710
1591242385.33563542,5.72379856,0.11871904,-0.09065066
1591242385.34741187,5.71749792,0.11476238,-0.09275727
1591242385.35980797,5.71097388,0.11063817,-0.09403485
1591242385.37133360,5.70442889,0.10649126,-0.09442580
1591242385.38381982,5.69803924,0.10246130,-0.09407325
1591242385.39541197,5.69174384,0.09866172,-0.09318662
1591242385.40775132,5.68548160,0.09517106,-0.09239424
1591242385.41937709,5.67912685,0.09207834,-0.09205739
1591242385.43173552,5.67252776,0.08933468,-0.09205739
1591242385.44337988,5.66569131,0.08694532,-0.09206612
1591242385.45573020,5.65876061,0.08465720,-0.09202947
1591242385.46727753,5.65200095,0.08228529,-0.09162804
1591242385.47968674,5.64544025,0.07999542,-0.09104859
1591242385.49124837,5.63934556,0.07733728,-0.09027366
1591242385.50378108,5.63364706,0.07407177,-0.08946383
1591242385.51528859,5.62809692,0.07073296,-0.08900132
1591242385.52768135,5.62270559,0.06762627,-0.08894023
1591242385.53925157,5.61738234,0.06506238,-0.08880933
1591242385.55167842,5.61218999,0.06299766,-0.08891929
1591242385.56326342,5.60712155,0.06137101,-0.08919331
1591242385.57561874,5.60211245,0.06036221,-0.08967851
1591242385.58723974,5.59724124,0.05984559,-0.09019513
1591242385.59970689,5.59257772,0.05970771,-0.09049358
1591242385.61128092,5.58800147,0.06013008,-0.09043074
1591242385.62362123,5.58329257,0.06127502,-0.08971341
1591242385.63519144,5.57854178,0.06321757,-0.08827701
1591242385.64780569,5.57391317,0.06587222,-0.08622799
1591242385.65937209,5.56941895,0.06887418,-0.08355764
1591242385.67159986,5.56502421,0.07205417,-0.08061152
1591242385.68327022,5.56091047,0.07533365,-0.07759908
1591242385.69567847,5.55727844,0.07880511,-0.07501251
1591242385.70723319,5.55420317,0.08229053,-0.07293731
1591242385.71973038,5.55168640,0.08586496,-0.07130019
1591242385.73137212,5.54987300,0.08944638,-0.07001737
1591242385.74374461,5.54894623,0.09288119,-0.06888116
1591242385.75530720,5.54881708,0.09620429,-0.06782699
1591242385.76767778,5.54941224,0.09929876,-0.06672394
1591242385.77923608,5.55081723,0.10200402,-0.06565405
1591242385.79157877,5.55283657,0.10444574,-0.06461209
1591242385.80340362,5.55533589,0.10671816,-0.06366612
1591242385.81575203,5.55823139,0.10889982,-0.06278822
1591242385.82731652,5.56135204,0.11104832,-0.06199933
1591242385.83974314,5.56462976,0.11323696,-0.06115808
1591242385.85122514,5.56802443,0.11535056,-0.05978625
1591242385.86356974,5.57166170,0.11743797,-0.05776865
1591242385.87537074,5.57582780,0.11959171,-0.05543864
1591242385.88768864,5.58081769,0.12167388,-0.05349609
1591242385.89921618,5.58663487,0.12353440,-0.05252219
1591242385.91176987,5.59290235,0.12505982,-0.05263564
1591242385.92340302,5.59894817,0.12609829,-0.05342104
1591242385.93574858,5.60407246,0.12691685,-0.05435130
1591242385.94727039,5.60800294,0.12757833,-0.05476145
1591242385.95966315,5.61082165,0.12821363,-0.05431814
1591242385.97118473,5.61276420,0.12917007,-0.05260422
1591242385.98358989,5.61433150,0.13076705,-0.04946438
1591242385.99518776,5.61626009,0.13300107,-0.04500331
1591242386.00776601,5.61923588,0.13571855,-0.03992790
1591242386.01929355,5.62346656,0.13882872,-0.03453483
1591242386.03170848,5.62886312,0.14196159,-0.02948908
1591242386.04324818,5.63505554,0.14488153,-0.02522001
1591242386.05553842,5.64174016,0.14722201,-0.02179742
1591242386.06733537,5.64862897,0.14897083,-0.01921608
1591242386.07975435,5.65549509,0.15019082,-0.01743235
1591242386.09128833,5.66230537,0.15095004,-0.01630138
1591242386.10358739,5.66938617,0.15131830,-0.01570622
1591242386.11536264,5.67685094,0.15126943,-0.01548980
1591242386.12769103,5.68469969,0.15082263,-0.01565560
1591242386.13931727,5.69283118,0.14996742,-0.01607797
1591242386.15164590,5.70101677,0.14887135,-0.01666266
1591242386.16323924,5.70895104,0.14774561,-0.01740791
1591242386.17577219,5.71639487,0.14674903,-0.01821251
1591242386.18738365,5.72335175,0.14589033,-0.01902060
