1591242522.52114511,0.03268652,-0.25619397,1.04247737
1591242522.53262138,0.01572627,-0.23419225,1.05637574
1591242522.54495144,-0.00037626,-0.22235042,1.06395662
1591242522.55675364,0.00667360,-0.22895092,1.06117702
1591242522.56908011,0.00431591,-0.21904582,1.04904747
1591242522.58062243,-0.00939906,-0.21876378,1.06698906
1591242522.59294868,-0.01123480,-0.19788042,1.07381177
1591242522.60474896,-0.02391431,-0.18560228,1.07330644
1591242522.61705184,-0.03880075,-0.15627302,1.06724167
1591242522.62864041,-0.06043141,-0.13903989,1.07684422
1591242522.64101791,-0.07900269,-0.11204718,1.06774712
1591242522.65256405,-0.08975777,-0.06757835,1.05081642
1591242522.66511774,-0.10454208,-0.03225015,1.03742349
1591242522.67664456,-0.10888647,-0.01341186,1.03363299
1591242522.68898559,-0.09854910,-0.01285291,1.04121399
1591242522.70061207,-0.09249737,-0.04806524,1.06142962
1591242522.71294570,-0.07134616,-0.08408196,1.07861304
1591242522.72475100,-0.04525588,-0.12773883,1.09908152
1591242522.73705173,-0.00961614,-0.15214084,1.07406449
1591242522.74859476,0.00548767,-0.16862407,1.05056381
1591242522.76099944,0.01150741,-0.18218875,1.04247737
1591242522.77251935,0.01283979,-0.17596574,1.02908444
1591242522.78507996,0.02998711,-0.18318468,1.00533092
1591242522.79660869,0.06481268,-0.21050510,0.97879779
1591242522.80897713,0.09996757,-0.24615788,0.95378083
1591242522.82050633,0.11671722,-0.27350983,0.95100123
1591242522.83307338,0.13120206,-0.27400067,0.96009827
1591242522.84466362,0.11053152,-0.26979542,0.99800277
1591242522.85697889,0.05263419,-0.26963103,1.06446207
1591242522.86875606,-0.01167993,-0.25652024,1.13193214
1591242522.88103580,-0.06911603,-0.21785773,1.19384289
1591242522.89256477,-0.11531696,-0.16998579,1.22871494
1591242522.90514159,-0.14383097,-0.14799757,1.25676441
1591242522.91666365,-0.17145248,-0.14031029,1.29037297
1591242522.92896700,-0.19146204,-0.14313751,1.31033599
1591242522.94072175,-0.19942620,-0.14373299,1.31210482
1591242522.95299268,-0.20192657,-0.13014138,1.29188919
1591242522.96459627,-0.20604002,-0.10928574,1.25752234
1591242522.97693300,-0.21198118,-0.07646117,1.20647764
1591242522.98882771,-0.21700822,-0.03893789,1.17034209
1591242523.00094652,-0.22299761,-0.01314979,1.14987350
1591242523.01258516,-0.21350844,-0.02100613,1.13850224
1591242523.02496004,-0.18175927,-0.04786090,1.11146367
1591242523.03651810,-0.14097133,-0.07895233,1.08669937
1591242523.04913878,-0.10639065,-0.10312836,1.06926334
1591242523.06077218,-0.07809254,-0.12472087,1.06168246
1591242523.07311177,-0.05234340,-0.13303533,1.03969777
1591242523.08472013,-0.03019346,-0.14270437,1.02428329
1591242523.09706855,-0.01188214,-0.15113236,1.01366997
1591242523.10863805,-0.00074288,-0.14594129,0.99623394
1591242523.12098384,-0.00268108,-0.14148188,0.99699199
1591242523.13253069,-0.01057369,-0.12986724,1.01341736
1591242523.14510703,-0.02725822,-0.11094311,1.01948202
1591242523.15664887,-0.04461636,-0.10576519,1.04399359
1591242523.16895175,-0.05033228,-0.10292859,1.04702604
1591242523.18072867,-0.03994616,-0.10682899,1.03590727
1591242523.19303608,-0.03510313,-0.12711228,1.03186417
1591242523.20456195,-0.02192024,-0.13324048,0.98789489
1591242523.21689963,-0.01205130,-0.13035442,0.94367301
1591242523.22872329,-0.01373746,-0.13300045,0.90930617
1591242523.24103141,-0.04526764,-0.10656707,0.88277304
1591242523.25256419,-0.10616495,-0.08532891,0.91082245
1591242523.26512957,-0.18674506,-0.04906700,0.96338338
1591242523.27663350,-0.26690614,-0.01398102,1.02175629
1591242523.28892779,-0.31375003,0.00766225,1.06016624
1591242523.30071473,-0.33488533,-0.01163973,1.10843134
1591242523.31309676,-0.33321959,-0.05646046,1.15871787
1591242523.32462335,-0.31652936,-0.10706349,1.20243442
1591242523.33691287,-0.29895586,-0.14438872,1.21304774
1591242523.34871793,-0.28220886,-0.16122201,1.18676734
1591242523.36102629,-0.25608855,-0.16701409,1.11803377
1591242523.37256408,-0.22485334,-0.16457860,1.02655756
1591242523.38511801,-0.19362134,-0.15999727,0.95554972
1591242523.39664936,-0.16743866,-0.15507904,0.92926925
1591242523.40894198,-0.14175424,-0.15254700,0.93331242
1591242523.42059755,-0.13108048,-0.15515150,0.95378083
1591242523.43299055,-0.12024304,-0.17895280,0.98713684
1591242523.44452977,-0.12356813,-0.17914337,1.01847124
1591242523.45707393,-0.12275090,-0.17707917,1.05435419
1591242523.46861076,-0.12517872,-0.17455617,1.06319857
1591242523.48094320,-0.11080691,-0.15875068,1.04828942
1591242523.49273419,-0.10917142,-0.15588698,1.03691816
1591242523.50502086,-0.09859141,-0.16473302,1.03868699
1591242523.51654792,-0.07325180,-0.18274333,1.04348826
1591242523.52893877,-0.02972975,-0.20570388,1.05662847
1591242523.54070735,-0.00634546,-0.20320830,1.05207992
1591242523.55294538,-0.00373016,-0.20122179,1.05233264
1591242523.56456494,-0.00647894,-0.20546749,1.05688119
1591242523.57692504,-0.01274259,-0.21903202,1.06269312
1591242523.58882356,-0.01460339,-0.21860476,1.05940819
1591242523.60092998,-0.02493595,-0.21132238,1.06345129
1591242523.61275601,-0.05058319,-0.20788094,1.08771014
1591242523.62495041,-0.07556775,-0.20585339,1.10110307
1591242523.63652515,-0.09218183,-0.20228925,1.12308776
1591242523.64912200,-0.11280259,-0.19464320,1.12965786
1591242523.66056824,-0.12644972,-0.18280596,1.13269019
1591242523.67316127,-0.13508619,-0.18294674,1.14456689
1591242523.68471432,-0.13919559,-0.18226011,1.16427732
1591242523.69700813,-0.14020312,-0.19004695,1.16958392
1591242523.70852733,-0.14026138,-0.18955168,1.15113699
1591242523.72094703,-0.12911293,-0.18477899,1.11828649
1591242523.73274875,-0.12576516,-0.17714244,1.08796287
1591242523.74505925,-0.12750477,-0.16560104,1.05940819
1591242523.75659394,-0.12429555,-0.15543687,1.04247737
1591242523.76892209,-0.12068648,-0.14651820,1.03009522
1591242523.78078532,-0.12808910,-0.13088997,1.01847124
1591242523.79313445,-0.13035858,-0.12074833,1.02049279
1591242523.80474782,-0.13415770,-0.11545706,1.01973474
1591242523.81706572,-0.12792540,-0.11924823,1.02049279
1591242523.82866979,-0.12014548,-0.12070742,1.01973474
1591242523.84100747,-0.11450809,-0.12572600,1.01543880
1591242523.85255742,-0.09915729,-0.13320370,1.02428329
1591242523.86513281,-0.09182609,-0.14436793,1.04121399
1591242523.87665486,-0.08988374,-0.15233631,1.07305372
1591242523.88894296,-0.09614193,-0.15384530,1.09175336
1591242523.90071917,-0.09463937,-0.14006247,1.09579647
1591242523.91305470,-0.11360735,-0.12231582,1.09124792
1591242523.92472196,-0.13084677,-0.11384709,1.08720481
1591242523.93706512,-0.12541430,-0.10135525,1.09200597
1591242523.94861126,-0.12855040,-0.11296512,1.09402752
1591242523.96091008,-0.14343202,-0.09304141,1.05839729
1591242523.97270083,-0.13735902,-0.07623228,1.04525709
1591242523.98499799,-0.12684703,-0.07612658,1.02984262
1591242523.99676752,-0.10944342,-0.10512437,1.03211689
1591242524.00905013,-0.10519493,-0.11986606,1.05511224
1591242524.02065229,-0.11009771,-0.12656628,1.07734954
1591242524.03307462,-0.11618746,-0.12990750,1.06976867
1591242524.04465222,-0.10625532,-0.13164859,1.06496739
1591242524.05694032,-0.11082196,-0.13314410,1.06951594
1591242524.06871653,-0.11740038,-0.13038471,1.07861304
1591242524.08102846,-0.12613842,-0.12407513,1.08215082
1591242524.09254932,-0.12717843,-0.12078860,1.07684422
1591242524.10512280,-0.12459904,-0.12071599,1.06623089
1591242524.11664605,-0.12407973,-0.12241617,1.06067157
1591242524.12896919,-0.11914246,-0.12791672,1.04677331
1591242524.14073443,-0.11539338,-0.13608994,1.05460691
1591242524.15313983,-0.11112729,-0.14069028,1.05182719
1591242524.16468000,-0.11225288,-0.14320853,1.06142962
1591242524.17697787,-0.11833476,-0.13726725,1.05789185
1591242524.18875647,-0.11853440,-0.13770814,1.06142962
1591242524.20105171,-0.11359745,-0.14376311,1.06244051
1591242524.21258783,-0.10882459,-0.14733611,1.05915534
1591242524.22514033,-0.11212087,-0.14874078,1.05738652
1591242524.23671722,-0.11414766,-0.14613169,1.04146659
1591242524.24903798,-0.11060535,-0.14475906,1.02529407
1591242524.26056910,-0.11007272,-0.14313164,1.02756834
1591242524.27313185,-0.11020067,-0.14601818,1.03009522
1591242524.28464437,-0.11520670,-0.14693628,1.04247737
1591242524.29693031,-0.12873638,-0.13912645,1.05991352
1591242524.30872536,-0.14352587,-0.13065755,1.06976867
1591242524.32103038,-0.15376434,-0.12109776,1.07330644
1591242524.33259010,-0.15499745,-0.11759751,1.07330644
1591242524.34514666,-0.15279375,-0.11869763,1.07052684
1591242524.35666037,-0.15124471,-0.11771578,1.06623089
1591242524.36897469,-0.13740571,-0.12023419,1.06193507
1591242524.38075233,-0.13686742,-0.11872932,1.08038199
1591242524.39306211,-0.14953044,-0.12817055,1.11171639
1591242524.40463972,-0.15946670,-0.11419667,1.12612009
1591242524.41694713,-0.16557497,-0.11759228,1.13344824
1591242524.42881465,-0.16509137,-0.09520914,1.11247444
1591242524.44092345,-0.15632865,-0.09106246,1.10034502
1591242524.45271397,-0.13391104,-0.10269205,1.06117702
1591242524.46502948,-0.10743272,-0.11363876,1.01847124
1591242524.47658634,-0.07292201,-0.13469952,1.00103521
1591242524.48915052,-0.04299719,-0.15733300,0.99421227
1591242524.50065970,-0.02753948,-0.17587966,1.00432026
1591242524.51301455,-0.03454084,-0.18186627,1.01796579
1591242524.52456903,-0.02488527,-0.15902829,1.02099824
1591242524.53692293,-0.03676319,-0.13628143,1.00255132
1591242524.54879594,-0.03269794,-0.11528012,0.98865306
1591242524.56112385,-0.03627192,-0.10659768,0.98991644
1591242524.57272363,-0.04691583,-0.11127968,1.00255132
1591242524.58502769,-0.04347268,-0.11880717,1.03085339
1591242524.59655643,-0.04751571,-0.12046613,1.05233264
1591242524.60917354,-0.04628807,-0.10564692,1.05106914
1591242524.62070656,-0.05411358,-0.08676429,1.05207992
1591242524.63304996,-0.05425613,-0.07469165,1.03464389
1591242524.64474106,-0.05168746,-0.08259232,1.02857912
1591242524.65706086,-0.04293539,-0.08053021,1.02175629
1591242524.66866064,-0.03938144,-0.08282411,1.03287494
1591242524.68095803,-0.04325223,-0.08522703,1.02807379
1591242524.69273949,-0.06269740,-0.09484591,1.07330644
1591242524.70506001,-0.09561442,-0.09290653,1.13900769
1591242524.71658468,-0.12045471,-0.08827464,1.18322957
1591242524.72915959,-0.12119869,-0.05256809,1.16730964
1591242524.74078417,-0.07740663,-0.02659586,1.11651766
1591242524.75308847,-0.06624336,-0.03619369,1.04323554
1591242524.76468992,-0.01666634,-0.04170155,1.00179327
1591242524.77704644,-0.00355855,-0.03695014,0.97652352
1591242524.78867149,-0.00688621,-0.03309530,0.99926627
1591242524.80100894,-0.02674671,-0.01409358,1.04626787
1591242524.81258416,-0.08764650,-0.00341536,1.14886272
1591242524.82494044,-0.12071079,0.03041635,1.19460094
1591242524.83676362,-0.13041991,0.05652135,1.19965494
1591242524.84918404,-0.11662376,0.07321252,1.13698602
1591242524.86075950,-0.09082528,0.07259922,1.07659149
1591242524.87310100,-0.05797400,0.02987481,1.07456994
1591242524.88466263,-0.04378595,-0.02549842,1.14102912
1591242524.89700961,-0.04596691,-0.05899329,1.27293694
1591242524.90858030,-0.07097626,-0.07695933,1.36820364
1591242524.92094207,-0.05119197,-0.02842334,1.29391074
1591242524.93277168,-0.02970167,0.03292515,1.13016319
1591242524.94497085,-0.00271207,0.10185063,0.93811363
1591242524.95655799,0.02855463,0.17575221,0.79736149
1591242524.96917129,0.03887032,0.21821094,0.74151558
1591242524.98073173,0.05276082,0.24393409,0.77158648
1591242524.99306417,0.04108629,0.26643288,0.81656653
1591242525.00470901,0.02647948,0.30496830,0.82894868
1591242525.01706409,0.01202671,0.34171098,0.81176525
1591242525.02862763,0.01985289,0.36655161,0.78194702
1591242525.04097939,0.03591567,0.37938434,0.75490844
1591242525.05259895,0.03790990,0.37448981,0.77386075
1591242525.06495428,0.03371972,0.38020900,0.80241549
1591242525.07676196,0.01624347,0.39288828,0.81858808
1591242525.08910871,0.00983766,0.42032942,0.79887772
1591242525.10070109,0.01194176,0.44058228,0.77335531
1591242525.11310267,-0.00255109,0.43659094,0.78902256
1591242525.12470460,-0.01107073,0.43151233,0.82035697
1591242525.13706207,-0.03709856,0.41884658,0.85775608
1591242525.14867282,-0.06871819,0.41832492,0.90779001
1591242525.16106749,-0.08789412,0.44847572,0.91410744
1591242525.17272449,-0.09997628,0.46398392,0.92269915
1591242525.18517208,-0.10123354,0.45195559,0.95277005
1591242525.19671512,-0.07763459,0.43629727,0.96489954
1591242525.20902181,-0.05556192,0.41678074,0.95883477
1591242525.22055244,-0.04054230,0.40454799,0.95681316
1591242525.23311949,-0.03568156,0.39045075,0.96692115
1591242525.24464011,-0.03732110,0.38376004,0.97879779
1591242525.25698876,-0.04392708,0.38671511,0.98233557
1591242525.26878381,-0.03980519,0.39940122,0.97146964
1591242525.28108525,-0.02855986,0.39917636,0.94872695
1591242525.29261160,-0.02974523,0.38013011,0.96085638
1591242525.30492687,-0.02513765,0.36872894,0.97930324
1591242525.31671643,-0.03468408,0.36231416,1.01746047
1591242525.32904887,-0.04846057,0.36145854,1.04677331
1591242525.34058785,-0.07031770,0.36267182,1.09604919
1591242525.35316420,-0.06694566,0.36501676,1.10640967
1591242525.36472249,-0.05546278,0.37902203,1.07558072
1591242525.37702274,-0.02182595,0.39637786,1.00507832
1591242525.38856268,0.00989157,0.41043773,0.93735558
1591242525.40114307,0.02009666,0.41534606,0.88226771
1591242525.41267061,0.01593067,0.42718357,0.85573447
1591242525.42497015,0.01293036,0.43717024,0.84107810
1591242525.43674707,0.02160319,0.44634923,0.80999643
1591242525.44905019,0.03224398,0.44527903,0.78497940
1591242525.46063352,0.05103910,0.44220462,0.77916735
1591242525.47294164,0.06007855,0.43911323,0.77815658
1591242525.48473072,0.06148934,0.43868721,0.77259725
1591242525.49702811,0.02459778,0.43740898,0.79180223
1591242525.50873899,0.01597405,0.44668317,0.81277603
1591242525.52099609,-0.01318954,0.44804996,0.81884080
1591242525.53280354,-0.02923019,0.46283898,0.83627689
1591242525.54519153,-0.03231312,0.47658840,0.85952491
1591242525.55672765,-0.03835188,0.46733108,0.88757432
1591242525.56914258,-0.04482973,0.46194568,0.91562361
1591242525.58071542,-0.06314875,0.45200664,0.95630783
1591242525.59305668,-0.05158239,0.44767451,0.97829247
1591242525.60468817,-0.03288504,0.43969205,0.97374392
1591242525.61701155,-0.01465930,0.42375776,0.95959288
1591242525.62857151,0.00333166,0.41391435,0.94468379
1591242525.64115310,0.00529470,0.40734291,0.94089335
1591242525.65267301,0.01132505,0.40712482,0.92699498
1591242525.66496849,0.02023446,0.39962298,0.90905350
1591242525.67658424,0.01839415,0.40020242,0.90728468
1591242525.68917608,0.02081935,0.39922079,0.90753734
1591242525.70078421,0.02157843,0.39224720,0.90223074
1591242525.71316051,0.03312607,0.38446581,0.89844030
1591242525.72466397,0.03916596,0.37559029,0.90147263
1591242525.73706865,0.03740698,0.36836788,0.90526307
1591242525.74861121,0.04219723,0.36356202,0.91360205
1591242525.76097894,0.04373205,0.36604330,0.92143565
1591242525.77259350,0.04090695,0.37705585,0.91916138
1591242525.78493476,0.03423522,0.38559738,0.91334939
1591242525.79671311,0.01871140,0.38782647,0.91688710
1591242525.80906224,0.00627247,0.39516476,0.91991949
1591242525.82060099,0.00539932,0.40786108,0.91334939
1591242525.83297443,0.00455710,0.41116047,0.90602118
1591242525.84476781,0.00227964,0.41365200,0.90020913
1591242525.85709405,0.00580674,0.41444618,0.89894563
1591242525.86873102,0.00573853,0.40836900,0.89945102
1591242525.88106298,0.00745247,0.40060118,0.91334939
1591242525.89259076,0.00872270,0.39432970,0.92194104
1591242525.90514851,0.00101357,0.39765629,0.91410744
1591242525.91667676,-0.00435118,0.40177703,0.92295182
1591242525.92899728,-0.01699556,0.40907103,0.93129086
1591242525.94078779,-0.01950499,0.41590834,0.92118299
1591242525.95299840,-0.01389559,0.41799089,0.90501040
1591242525.96459317,-0.01072744,0.40598309,0.90779001
1591242525.97693706,-0.01023094,0.39934352,0.90526307
1591242525.98872519,-0.00671621,0.39824593,0.91663444
1591242526.00106144,-0.00497399,0.39881176,0.91511822
1591242526.01260304,-0.00344048,0.39974907,0.90223074
1591242526.02518630,-0.00324159,0.39937758,0.89566058
1591242526.03672123,-0.00029790,0.38868198,0.90551573
1591242526.04906058,0.00299416,0.37955430,0.90425229
1591242526.06059670,0.01468229,0.36532417,0.91233861
1591242526.07308602,0.01423719,0.36033764,0.91056967
1591242526.08464432,-0.00161938,0.35878339,0.92143565
1591242526.09694839,-0.00883476,0.36826214,0.92067754
1591242526.10874581,-0.02288556,0.35992861,0.91815060
1591242526.12105298,-0.00581092,0.37031400,0.92750037
1591242526.13258719,-0.00671570,0.36279839,0.94569451
1591242526.14515758,-0.00745690,0.34483266,0.95125389
1591242526.15670085,-0.01179816,0.33716363,0.99471772
1591242526.16905212,-0.02525788,0.32260284,1.01341736
1591242526.18062520,-0.03044924,0.32362869,1.02579951
1591242526.19294763,-0.02074567,0.34243968,1.04045582
1591242526.20472932,-0.03764388,0.36035421,1.04930031
1591242526.21704340,-0.05951088,0.37752584,1.04500437
1591242526.22857833,-0.05794815,0.39070281,1.02504134
1591242526.24105406,-0.06041120,0.38590044,0.99294877
1591242526.25260782,-0.04704621,0.39141876,0.96692115
1591242526.26519585,-0.06679773,0.38752973,0.97172225
1591242526.27676320,-0.11423009,0.38233522,1.01417542
1591242526.28907681,-0.16175199,0.38753280,1.07482266
1591242526.30060458,-0.18344678,0.38904598,1.11853921
1591242526.31296611,-0.17799318,0.37532035,1.11727571
1591242526.32476211,-0.14249852,0.35459054,1.07987654
1591242526.33706784,-0.08045802,0.33613423,1.00482559
1591242526.34859276,-0.01917534,0.31346855,0.93154353
1591242526.36117840,0.03240837,0.29518604,0.87569749
1591242526.37276101,0.06087339,0.27676368,0.84486854
1591242526.38507247,0.06197646,0.25799012,0.85194403
1591242526.39658809,0.03291488,0.25304443,0.88530004
1591242526.40916371,-0.00016656,0.26346040,0.92547882
1591242526.42075467,-0.02442941,0.27423087,0.95908749
1591242526.43306375,-0.03653067,0.27431941,0.96641570
1591242526.44464636,-0.02680893,0.27074069,0.95201200
1591242526.45694351,0.00178526,0.25651401,0.93760824
1591242526.46872592,0.02849489,0.23911071,0.92825842
1591242526.48114562,0.05222103,0.22733131,0.91334939
1591242526.49271083,0.06894584,0.21986690,0.89919835
1591242526.50501800,0.07524543,0.21606660,0.89338636
1591242526.51681280,0.07126962,0.22286290,0.90197796
1591242526.52914691,0.05161698,0.21310450,0.93482864
1591242526.54070163,0.02428533,0.20316884,0.98890567
1591242526.55320501,0.00690606,0.18987244,1.04247737
1591242526.56482220,-0.00796073,0.19260933,1.06799984
1591242526.57696700,-0.00740624,0.20051685,1.06496739
1591242526.58882165,0.00409973,0.20927311,1.04171932
1591242526.60118270,0.02953439,0.22149578,1.00356209
1591242526.61259127,0.06060220,0.22580075,0.96414143
1591242526.62497640,0.07482877,0.22554865,0.92396265
1591242526.63677073,0.08132949,0.22807434,0.90854818
1591242526.64908361,0.06722568,0.23462868,0.91713983
1591242526.66061950,0.04953177,0.23929134,0.93836635
1591242526.67320251,0.03092088,0.24811566,0.94973773
1591242526.68473983,0.01907457,0.25698429,0.95580244
1591242526.69705176,0.01721016,0.26132318,0.96060365
1591242526.70859623,0.01598158,0.25841239,0.96970081
1591242526.72119117,0.01832026,0.25165007,0.98738956
1591242526.73273373,0.01504581,0.24064422,1.01644969
1591242526.74503779,0.00845334,0.23471352,1.03666532
1591242526.75657797,0.00914629,0.24179620,1.03995049
1591242526.76914763,0.00849362,0.24605331,1.02832639
1591242526.78077340,0.01360289,0.24895048,1.01948202
1591242526.79309297,0.01818183,0.25122732,1.01316464
1591242526.80462003,0.02278149,0.25257707,1.00608909
1591242526.81718612,0.02671754,0.24806437,1.00002432
1591242526.82881474,0.02535595,0.24121344,1.01038492
1591242526.84114027,0.01922753,0.23522142,1.02276707
1591242526.85270143,0.02162328,0.23174480,1.03338039
1591242526.86502266,0.02591655,0.23224926,1.02403057
1591242526.87685871,0.03690851,0.22975436,1.01644969
1591242526.88905597,0.05014363,0.23088941,0.99092734
1591242526.90059590,0.06514433,0.23599869,0.97248042
1591242526.91297364,0.07293852,0.23563403,0.95681316
1591242526.92477798,0.07035051,0.22887853,0.96540487
1591242526.93708396,0.06170388,0.22261044,0.96944809
1591242526.94863081,0.05155990,0.21834308,0.99471772
1591242526.96100020,0.04061291,0.23088938,1.00886869
1591242526.97278309,0.02006176,0.23973411,1.02883184
1591242526.98514795,0.01696783,0.24461153,1.03262222
1591242526.99670863,0.02359572,0.24224612,1.03161144
1591242527.00908470,0.02667881,0.24323454,1.02226174
1591242527.02063775,0.03467096,0.23734486,1.02377784
1591242527.03319836,0.04645115,0.23642465,0.99598122
1591242527.04472017,0.06847896,0.23755297,0.96161443
1591242527.05702400,0.07894945,0.23913455,0.93230164
1591242527.06881571,0.07649654,0.24298951,0.91916138
1591242527.08113003,0.07571127,0.24829984,0.91941404
1591242527.09272242,0.05912237,0.24693978,0.94013524
1591242527.10505891,0.04686175,0.24750552,0.95656049
1591242527.11658788,0.02656128,0.24934602,0.97627091
1591242527.12916660,0.00002158,0.25785667,1.01139569
1591242527.14073896,-0.01224185,0.26752287,1.02958989
1591242527.15317655,-0.01629220,0.28014764,1.02883184
1591242527.16477203,-0.01193930,0.29193735,1.01215386
1591242527.17716241,0.00043156,0.29450735,0.99143267
1591242527.18859267,0.01491077,0.29139894,0.97728169
1591242527.20101357,0.02741013,0.28451401,0.96136177
1591242527.21260047,0.03090706,0.28387326,0.95529699
1591242527.22495151,0.03082721,0.28713852,0.95757133
1591242527.23677492,0.02639858,0.28701580,0.95984560
1591242527.24915075,0.01453800,0.29353607,0.96009827
1591242527.26059604,0.00949579,0.29519936,0.96515220
1591242527.27317715,0.00883027,0.29498801,0.97803974
1591242527.28472781,0.00828522,0.28944251,0.98663139
1591242527.29704833,0.01545656,0.28117368,0.98738956
1591242527.30859399,0.02866142,0.27593496,0.98132479
1591242527.32117391,0.03858814,0.26982376,0.97349119
1591242527.33270621,0.04625510,0.26205596,0.96944809
1591242527.34500623,0.06131749,0.25811592,0.95277005
1591242527.35678387,0.06910567,0.25624818,0.93356514
1591242527.36908913,0.07823078,0.25872275,0.91461289
1591242527.38062620,0.08443722,0.25238994,0.91537094
1591242527.39307976,0.08157860,0.25008923,0.91764522
1591242527.40463543,0.07395096,0.24564117,0.93280703
1591242527.41719270,0.06611381,0.24504128,0.94392568
1591242527.42880225,0.05649897,0.24723282,0.96161443
1591242527.44113445,0.04658677,0.25330320,0.97020614
1591242527.45271039,0.03497569,0.25741023,0.99724472
1591242527.46503687,0.01158044,0.26391342,1.02024007
1591242527.47657728,-0.00612541,0.26926112,1.04222476
1591242527.48919368,-0.01250233,0.27327961,1.04399359
1591242527.50071883,-0.00457451,0.27210379,1.03439116
1591242527.51318502,0.00511423,0.27619052,1.01695514
1591242527.52479458,0.00745608,0.28127930,1.00785792
1591242527.53700399,0.00666643,0.28182468,0.99775004
1591242527.54870987,0.00466917,0.28349823,0.98915839
1591242527.56110334,0.00852451,0.28203601,0.98486257
1591242527.57267475,0.01533625,0.28042728,0.97879779
1591242527.58504677,0.01911316,0.27400243,0.97677624
1591242527.59666300,0.01680654,0.26794565,0.98587334
1591242527.60909343,0.01615117,0.26292846,0.98915839
1591242527.62069678,0.01788373,0.26352155,0.98713684
1591242527.63311505,0.01935650,0.26270354,0.98435712
1591242527.64468145,0.02474199,0.26501104,0.97298574
1591242527.65702319,0.03345734,0.26522240,0.96009827
1591242527.66866899,0.03665839,0.26392385,0.95277005
1591242527.68101692,0.03613120,0.25550506,0.95630783
1591242527.69262099,0.03454077,0.25255677,0.96161443
1591242527.70497441,0.02889153,0.24906650,0.97248042
1591242527.71678591,0.02489811,0.24899152,0.98284101
1591242527.72911572,0.02170126,0.25502783,0.98309362
1591242527.74075699,0.01712558,0.26093802,0.97222769
1591242527.75312614,0.02037005,0.26318079,0.95757133
1591242527.76468897,0.01364890,0.26667783,0.95554972
1591242527.77706456,0.01744279,0.26452032,0.94619995
1591242527.78867102,0.01579694,0.26237985,0.94999039
1591242527.80106282,0.01267035,0.25415874,0.95883477
1591242527.81262469,0.00842309,0.25048447,0.96414143
1591242527.82522583,0.00571270,0.25102293,0.98107207
1591242527.83678818,0.00253419,0.24815983,0.99825549
1591242527.84919763,-0.00770476,0.24459454,1.01948202
1591242527.86076927,-0.01273668,0.24147922,1.03236961
1591242527.87309694,-0.00959443,0.24382082,1.02933717
1591242527.88465357,-0.00913543,0.24616238,1.02630484
1591242527.89704633,-0.00274184,0.24510920,1.01442814
1591242527.90866852,0.01109727,0.24082151,0.99522316
1591242527.92100668,0.02546015,0.25144902,0.96868998
1591242527.93282127,0.02822646,0.26614270,0.96995342
1591242527.94521022,-0.00707765,0.27563837,1.00027704
1591242527.95676064,-0.06237332,0.28477278,1.04626787
1591242527.96910238,-0.09263793,0.29737356,1.07734954
1591242527.98065495,-0.08613269,0.29925165,1.06496739
1591242527.99303412,-0.05560026,0.28327310,1.03818166
1591242528.00484776,-0.02163957,0.25799984,1.01771307
1591242528.01717710,0.01585720,0.22595057,1.01518619
1591242528.02880168,0.04811327,0.19482160,1.00457299
1591242528.04113460,0.07918414,0.17167851,0.99395967
1591242528.05268908,0.10098261,0.16183844,0.99244344
1591242528.06502628,0.11132208,0.15627250,0.99244344
1591242528.07659912,0.09082155,0.14961241,1.01720774
1591242528.08919430,0.06205134,0.14664015,1.05435419
1591242528.10077977,0.04510479,0.14998037,1.06420934
1591242528.11312008,0.05368149,0.15834473,1.02579951
1591242528.12467551,0.06890930,0.17508018,0.97576547
1591242528.13700438,0.08544093,0.18783796,0.94114602
1591242528.14881992,0.09067754,0.19447418,0.93028003
1591242528.16123509,0.08810930,0.19759628,0.92623693
1591242528.17269444,0.07532778,0.20850663,0.91688710
1591242528.18519759,0.05577776,0.21718451,0.89060664
1591242528.19681525,0.06633721,0.22391623,0.86003035
1591242528.20916796,0.05142167,0.21568841,0.84208882
1591242528.22073865,0.04397900,0.18040112,0.85472369
1591242528.23311162,0.03466533,0.13674265,0.89692402
1591242528.24468613,0.01775853,0.10343896,0.93558663
1591242528.25701666,-0.00299038,0.08105925,0.96464682
1591242528.26882696,-0.00092924,0.05127655,0.96944809
1591242528.28103781,0.01428540,0.02052587,0.97424924
1591242528.29261494,0.03735127,0.00005162,0.95453900
1591242528.30508900,0.06244333,-0.02586928,0.93710291
1591242528.31667137,0.06602192,-0.05507597,0.94468379
1591242528.32908797,0.06498638,-0.09669702,0.98713684
1591242528.34072590,0.01782343,-0.10472390,1.07103217
1591242528.35307527,-0.03864676,-0.08131115,1.14835739
1591242528.36470962,-0.05855196,-0.04899273,1.18626189
1591242528.37706661,-0.09253067,-0.03471485,1.16832042
1591242528.38862896,-0.08606870,-0.03931268,1.13243747
1591242528.40103292,-0.03856438,-0.04707678,1.05207992
1591242528.41284871,0.01077543,-0.05197097,0.96338338
1591242528.42518044,0.05214253,-0.05594161,0.91587639
1591242528.43673182,0.05529456,-0.05729136,0.92295182
1591242528.44907880,0.02715412,-0.03223965,0.95201200
1591242528.46064186,-0.01206382,-0.00162885,0.99016917
1591242528.47297859,-0.03433256,-0.01173842,1.06092429
1591242528.48480272,-0.05376238,-0.04044434,1.15341127
1591242528.49722266,-0.06492981,-0.05623559,1.18146062
1591242528.50866461,-0.06545091,-0.06681535,1.19813871
1591242528.52104521,-0.06339489,-0.05006301,1.19712794
1591242528.53261876,-0.03988860,-0.05079922,1.19283199
1591242528.54522824,-0.03983546,-0.04234626,1.16175032
1591242528.55679178,-0.01654550,-0.06301823,1.15467477
1591242528.56914449,-0.00281273,-0.08171670,1.13344824
1591242528.58078384,0.02181229,-0.09114768,1.10640967
1591242528.59313607,0.02098311,-0.10264593,1.12056077
1591242528.60484529,0.03272332,-0.08084746,1.10388267
1591242528.61720085,0.04773946,-0.09485908,1.11525404
1591242528.62884855,0.06117776,-0.11791539,1.10236657
1591242528.64102674,0.08579379,-0.16583678,1.11474872
1591242528.65286016,0.12116154,-0.20158470,1.11929727
1591242528.66499758,0.14987311,-0.24059185,1.12864697
1591242528.67682338,0.14646696,-0.24780609,1.12334037
1591242528.68915677,0.11973540,-0.21404928,1.11399055
1591242528.70082831,0.11889666,-0.18818395,1.10261929
1591242528.71317911,0.13713983,-0.19131622,1.08189809
1591242528.72472477,0.16750634,-0.22215019,1.08341432
1591242528.73705769,0.18946999,-0.26264399,1.07861304
1591242528.74863100,0.20022950,-0.30321026,1.09832346
1591242528.76123524,0.21321127,-0.32537115,1.07810771
1591242528.77285719,0.23460966,-0.33482662,1.05410147
1591242528.78527856,0.24243617,-0.32780376,1.02125084
1591242528.79676437,0.24748152,-0.32246733,0.99648654
1591242528.80919504,0.27189544,-0.34295544,0.96843731
1591242528.82078624,0.30268136,-0.42494294,0.97273314
1591242528.83303976,0.32765228,-0.50089818,0.98107207
1591242528.84485459,0.33274859,-0.52733666,0.96136177
1591242528.85724878,0.33916807,-0.46654227,0.89111209
1591242528.86865616,0.31019744,-0.36875877,0.83501339
1591242528.88100696,0.26507273,-0.29689908,0.84234160
1591242528.89262152,0.23255864,-0.27896124,0.86205190
1591242528.90503168,0.20782155,-0.29188478,0.86988556
1591242528.91660500,0.21138340,-0.32122767,0.87620294
1591242528.92921877,0.22192338,-0.36005300,0.88681620
1591242528.94080687,0.23625281,-0.41618854,0.90779001
1591242528.95316505,0.23709345,-0.47974756,0.90880084
1591242528.96471143,0.24727526,-0.52642345,0.91663444
1591242528.97704983,0.23054975,-0.53037840,0.90652657
1591242528.98867607,0.23935810,-0.49797186,0.88049877
1591242529.00103021,0.22079495,-0.48373005,0.87140173
1591242529.01274085,0.19757569,-0.48596165,0.90349424
1591242529.02509904,0.18034822,-0.49360266,0.94316757
1591242529.03664279,0.14330925,-0.48594722,0.97273314
1591242529.04898667,0.12778145,-0.48890623,0.99977171
1591242529.06080508,0.11278346,-0.48590127,1.01821852
1591242529.07313204,0.09383664,-0.51465726,1.06926334
1591242529.08470297,0.08117825,-0.51954377,1.08568859
1591242529.09703827,0.05588853,-0.49069616,1.09781802
1591242529.10885167,0.04754096,-0.47802261,1.08998442
1591242529.12121773,0.05661449,-0.50143820,1.06522012
1591242529.13278103,0.08410676,-0.54227781,1.03439116
1591242529.14512086,0.11405009,-0.62155163,1.03009522
1591242529.15671802,0.11329994,-0.69912994,1.01291192
1591242529.16916394,0.10522337,-0.73220104,0.95858210
1591242529.18063235,0.07981583,-0.65798742,0.90374690
1591242529.19302297,0.03351377,-0.54304326,0.88176227
1591242529.20485520,0.01591760,-0.47948405,0.89464986
1591242529.21720290,0.02164775,-0.42622125,0.88984859
1591242529.22891974,0.01626181,-0.40025559,0.90905350
1591242529.24100995,0.00707942,-0.40255538,0.94240952
1591242529.25282741,-0.01866725,-0.43983048,0.96136177
1591242529.26518536,-0.08128168,-0.54253286,0.98814762
1591242529.27674294,-0.04649136,-0.48066404,1.06016624
1591242529.28908396,-0.20126197,-0.43920091,1.15821254
1591242529.30069327,-0.17901689,-0.43180379,1.26207089
1591242529.31315851,-0.19049367,-0.41782057,1.29947007
1591242529.32483459,-0.19289374,-0.39028266,1.26636672
1591242529.33719134,-0.19518481,-0.37627736,1.24311864
1591242529.34883142,-0.19095573,-0.36218619,1.18120801
1591242529.36101985,-0.17323169,-0.35893658,1.12561464
1591242529.37285829,-0.20288242,-0.34361339,1.07330644
1591242529.38519859,-0.19690582,-0.30364257,1.05536497
1591242529.39675832,-0.17140169,-0.30306995,1.04475176
1591242529.40913796,-0.14604194,-0.30567950,1.01897657
1591242529.42075777,-0.13196114,-0.31415761,1.00002432
1591242529.43310881,-0.12700783,-0.33102718,0.97905052
1591242529.44466901,-0.10073790,-0.39852718,0.99749744
1591242529.45703077,-0.13556238,-0.43486169,0.98511529
1591242529.46894121,-0.19880706,-0.34063679,0.99497044
1591242529.48102927,-0.24190474,-0.24103358,1.06269312
1591242529.49268031,-0.28636846,-0.18475187,1.10388267
1591242529.50524259,-0.31614780,-0.15703577,1.15088439
1591242529.51673365,-0.32383430,-0.12816119,1.13471174
1591242529.52912068,-0.33875811,-0.08891517,1.10539901
1591242529.54075956,-0.37037215,-0.06149443,1.07709694
1591242529.55312061,-0.38641688,-0.05121463,1.06597829
1591242529.56468940,-0.40574220,-0.02892694,1.03413844
1591242529.57702565,-0.39488155,-0.01517732,1.00356209
1591242529.58883977,-0.39589787,-0.03731155,1.01013219
1591242529.60120177,-0.42596397,-0.05593865,1.05485952
1591242529.61282754,-0.43483803,-0.02281244,1.09124792
1591242529.62522507,-0.44818524,0.00358583,1.04601514
1591242529.63679338,-0.46261895,0.01277518,0.96540487
1591242529.64918947,-0.48446983,0.04853312,0.86331534
1591242529.66081309,-0.53263211,0.12694718,0.80039388
1591242529.67323327,-0.58217037,0.20222533,0.79559267
1591242529.68479657,-0.60175776,0.23624796,0.83779305
1591242529.69713902,-0.58790708,0.21216056,0.88504732
1591242529.70874596,-0.53197634,0.13180025,0.96161443
1591242529.72119069,-0.50604951,0.04925859,1.02478862
1591242529.73275375,-0.48913395,0.03048162,1.03641272
1591242529.74509835,-0.47719514,0.05746607,1.01619697
1591242529.75667024,-0.48435840,0.09912032,0.99320161
1591242529.76902628,-0.46970120,0.13721956,0.97778702
1591242529.78084278,-0.45451456,0.18280715,0.94468379
1591242529.79318261,-0.44980505,0.20109674,0.91966683
1591242529.80472660,-0.39596146,0.17742535,0.91436011
1591242529.81709814,-0.37689826,0.14458536,0.90854818
1591242529.82891512,-0.35735905,0.15815437,0.86786395
1591242529.84127045,-0.34252065,0.14950049,0.84436315
1591242529.85263610,-0.33004698,0.10177919,0.89010125
1591242529.86525393,-0.33156323,0.10424013,0.87140173
1591242529.87683177,-0.30913359,0.13928568,0.78700095
1591242529.88918972,-0.31707346,0.16897653,0.72559565
1591242529.90075612,-0.33195096,0.15872063,0.72281599
1591242529.91313362,-0.36810392,0.14358374,0.77461880
1591242529.92476511,-0.41533893,0.15930307,0.84208882
1591242529.93714309,-0.45472491,0.18869025,0.88049877
1591242529.94870138,-0.48305774,0.20501982,0.92320448
1591242529.96104527,-0.51461077,0.21443368,0.97298574
1591242529.97267175,-0.52344787,0.19661437,1.01619697
1591242529.98507547,-0.52297968,0.17697495,1.06623089
1591242529.99663544,-0.53036380,0.19915682,1.08568859
1591242530.00904322,-0.54799777,0.25269961,1.05763924
1591242530.02067113,-0.53540587,0.27418971,1.03161144
1591242530.03303146,-0.50567496,0.26176286,0.96591032
1591242530.04484582,-0.46670875,0.25757405,0.94038790
1591242530.05717945,-0.47726119,0.26379094,0.95074850
1591242530.06881618,-0.50639004,0.29257146,0.97349119
1591242530.08117008,-0.53286004,0.31153241,0.98536789
1591242530.09272313,-0.51272213,0.30365232,0.93407047
1591242530.10506845,-0.47645670,0.28642312,0.83627689
1591242530.11688280,-0.43451124,0.22023529,0.82060963
1591242530.12925291,-0.37395597,0.13265277,0.82920134
1591242530.14081120,-0.30301011,0.07096396,0.83779305
1591242530.15314150,-0.26706481,0.02274840,0.89717680
1591242530.16481781,-0.26563409,0.02278919,0.93230164
1591242530.17710948,-0.24298452,0.06482501,0.95605516
1591242530.18869019,-0.24173215,0.09953955,0.98991644
1591242530.20104671,-0.23142491,0.10179244,1.01543880
1591242530.21265697,-0.23459429,0.09225576,1.00381482
1591242530.22501707,-0.21772844,0.09853084,0.93685013
1591242530.23685980,-0.17644934,0.09405567,0.91663444
1591242530.24921966,-0.16157651,0.08678550,0.93028003
1591242530.26080084,-0.15926732,0.09892625,0.92952198
1591242530.27314091,-0.15707695,0.11313930,0.92623693
1591242530.28469849,-0.17172992,0.12226696,0.94544184
1591242530.29702497,-0.17283916,0.12949260,1.00886869
1591242530.30864906,-0.14825663,0.10905570,1.02883184
1591242530.32125902,-0.12418061,0.08731346,1.03262222
1591242530.33266115,-0.11950840,0.06620842,1.08290899
1591242530.34501314,-0.12115224,0.05063178,1.14734662
1591242530.35683513,-0.12965333,0.03915888,1.20748842
1591242530.36918545,-0.17323941,0.06609203,1.23755944
1591242530.38075590,-0.18826899,0.13481230,1.26459789
1591242530.39308357,-0.20981422,0.17154467,1.27900159
1591242530.40472484,-0.22645977,0.19584684,1.21431112
1591242530.41707349,-0.19537717,0.20616777,1.13066864
1591242530.42866182,-0.13889848,0.20603517,1.03893960
1591242530.44104719,-0.08618936,0.20297460,0.97905052
1591242530.45286798,-0.06940456,0.18478385,0.99775004
1591242530.46521258,-0.05675227,0.15738358,1.01670229
1591242530.47676349,-0.02448689,0.12617293,0.97172225
1591242530.48910069,0.02089889,0.09921609,0.88378388
1591242530.50081038,0.07145514,0.10649353,0.73545086
1591242530.51314425,0.14014003,0.13592197,0.66545385
1591242530.52473068,0.15567005,0.14868632,0.71144468
1591242530.53708458,0.10597938,0.15630728,0.78548479
1591242530.54865909,0.06817839,0.20273305,0.83551872
1591242530.56126952,0.04802319,0.26430932,0.85143864
1591242530.57283807,0.07106373,0.26320496,0.85396564
1591242530.58519769,0.12541878,0.21549758,0.82768518
1591242530.59674788,0.17044869,0.18381990,0.79584533
1591242530.60908103,0.20757806,0.18222827,0.76703793
1591242530.62086868,0.18808177,0.18959026,0.82793784
1591242530.63318825,0.14401075,0.20922589,0.89010125
1591242530.64497185,0.09978017,0.23297554,0.93432319
1591242530.65729666,0.08353594,0.25677985,0.94165140
1591242530.66880178,0.08234666,0.24165326,0.96186709
1591242530.68122435,0.10632215,0.24949947,0.95100123
1591242530.69284773,0.10098732,0.24398130,0.94114602
1591242530.70518804,0.10311382,0.22443736,0.97146964
1591242530.71676898,0.12677889,0.19730636,0.98991644
1591242530.72924066,0.13350143,0.18558142,0.99193811
1591242530.74065304,0.12889613,0.19507721,1.00432026
1591242530.75326419,0.11793506,0.20530237,1.03009522
1591242530.76480818,0.08634692,0.22982565,1.10034502
1591242530.77722645,0.04945317,0.24635968,1.15720177
1591242530.78892350,0.02990176,0.23501295,1.19257939
1591242530.80126739,0.03246593,0.20636185,1.19434822
1591242530.81282949,0.06290342,0.18983787,1.19561172
1591242530.82524753,0.10363781,0.20002919,1.14128184
1591242530.83690548,0.13098010,0.19913290,1.09958696
1591242530.84906387,0.13639900,0.19016528,1.13572252
1591242530.86085963,0.11226475,0.17310603,1.18727267
1591242530.87317085,0.08740108,0.18519212,1.22340834
1591242530.88469982,0.06837940,0.19886667,1.22113407
1591242530.89724946,0.07415661,0.20753105,1.15922332
1591242530.90884089,0.11170734,0.20010777,1.09048986
1591242530.92114592,0.16267809,0.17885986,1.04475176
1591242530.93270350,0.19560626,0.16065232,0.99648654
1591242530.94509077,0.22296184,0.15084305,0.95403355
1591242530.95688891,0.23754609,0.15324607,0.92295182
1591242530.96918011,0.22858202,0.14336847,0.93558663
1591242530.98075604,0.18760017,0.16549566,0.99193811
1591242530.99305797,0.14085157,0.18657999,1.02276707
1591242531.00483322,0.12001789,0.22756955,1.00760531
1591242531.01719141,0.13935436,0.24017400,0.96237254
1591242531.02879429,0.16936255,0.21530642,0.92093033
1591242531.04121804,0.21034250,0.18778366,0.87039089
1591242531.05275488,0.22946295,0.15350184,0.88681620
1591242531.06504869,0.20091417,0.11532739,0.96641570
1591242531.07688284,0.15714893,0.12826544,1.04955292
1591242531.08918309,0.14236820,0.12801978,1.12586737
1591242531.10070443,0.12953612,0.11641066,1.15265322
1591242531.11325026,0.14559440,0.10849300,1.13344824
1591242531.12475634,0.18109158,0.10944410,1.08442509
1591242531.13708496,0.21426547,0.10262066,1.02251434
1591242531.14892125,0.22672108,0.09949529,0.97728169
1591242531.16113877,0.22559020,0.10398775,0.92093033
1591242531.17285681,0.25581607,0.11289407,0.87696099
