1591008898.31026864,0.01685618,0.03275863,0.97627091
1591008898.32259107,-0.02775957,0.04939836,1.01771307
1591008898.33421659,-0.03549850,0.03538620,1.07558072
1591008898.34666395,-0.05782438,0.00358891,1.14911544
1591008898.35826683,-0.07400647,-0.02204253,1.21153164
1591008898.37045908,-0.08351391,-0.01743107,1.24716187
1591008898.38231397,-0.09509458,-0.00404974,1.27723277
1591008898.39470983,-0.11026944,0.00303628,1.29391074
1591008898.40632772,-0.12459615,-0.00951351,1.30224979
1591008898.41870189,-0.13580504,-0.02966402,1.29896474
1591008898.43009734,-0.13745169,-0.05840021,1.27091527
1591008898.44245028,-0.12630601,-0.09178542,1.22138667
1591008898.45428658,-0.10966860,-0.11418700,1.17691207
1591008898.46666551,-0.10236695,-0.11139193,1.12510920
1591008898.47827744,-0.10017870,-0.09150009,1.08543587
1591008898.49063778,-0.09505795,-0.08498172,1.05940819
1591008898.50221515,-0.09341229,-0.08820264,1.05182719
1591008898.51458812,-0.09441726,-0.09665532,1.05587041
1591008898.52618527,-0.09717124,-0.09880990,1.06799984
1591008898.53855491,-0.10763632,-0.09690060,1.07431722
1591008898.55013108,-0.10949191,-0.09824611,1.07608604
1591008898.56249142,-0.10008300,-0.10366026,1.06522012
1591008898.57432890,-0.08831625,-0.11083356,1.05915534
1591008898.58647895,-0.08043796,-0.10484709,1.03161144
1591008898.59812808,-0.07063201,-0.09921066,1.00128782
1591008898.61048961,-0.06298080,-0.08984207,0.98056674
1591008898.62209749,-0.06060363,-0.08039369,0.96540487
1591008898.63445783,-0.06576118,-0.07821566,0.94746345
1591008898.64628434,-0.07020526,-0.07484812,0.93887174
1591008898.65862370,-0.07672869,-0.06588396,0.92522609
1591008898.67020082,-0.08021415,-0.05867175,0.91713983
1591008898.68258047,-0.08958983,-0.05122437,0.91815060
1591008898.69416738,-0.09157478,-0.04838864,0.93735558
1591008898.70656085,-0.09419402,-0.03846340,0.95074850
1591008898.71811676,-0.09385268,-0.02232119,0.95656049
1591008898.73046231,-0.10509311,-0.00408624,0.96843731
1591008898.74231553,-0.10642708,-0.01273002,0.98511529
1591008898.75474095,-0.10425860,-0.03548801,0.99876094
1591008898.76631594,-0.09732622,-0.04948636,1.00255132
1591008898.77868438,-0.09922647,-0.04936707,1.00482559
1591008898.79031062,-0.09596789,-0.04442490,1.01190114
1591008898.80269694,-0.08130594,-0.04641199,1.00836337
1591008898.81428123,-0.06547596,-0.05820162,0.98915839
1591008898.82646656,-0.05885970,-0.07204308,0.96313059
1591008898.83831120,-0.06278054,-0.06738375,0.95302272
1591008898.85070539,-0.07029538,-0.05334114,0.96186709
1591008898.86229897,-0.07062540,-0.04174239,0.98460984
1591008898.87468290,-0.07227422,-0.03605723,1.00482559
1591008898.88628364,-0.07574743,-0.03806144,1.02403057
1591008898.89865994,-0.07441927,-0.04083248,1.02605212
1591008898.91023803,-0.07225791,-0.03933275,1.01619697
1591008898.92258501,-0.07387276,-0.03857601,0.99320161
1591008898.93417406,-0.08283801,-0.03878389,0.98359907
1591008898.94659138,-0.09577267,-0.03916224,0.98612607
1591008898.95817995,-0.10376988,-0.04108121,0.99926627
1591008898.97063470,-0.10731654,-0.04516116,1.02554679
1591008898.98220682,-0.11667667,-0.04105411,1.05258524
1591008898.99446583,-0.12275908,-0.02854529,1.06294584
1591008899.00631857,-0.12697408,-0.02248858,1.07179034
1591008899.01869702,-0.11848363,-0.02747844,1.05662847
1591008899.03028750,-0.11250769,-0.03304431,1.03868699
1591008899.04264235,-0.10356528,-0.03514384,1.02377784
1591008899.05422211,-0.10186820,-0.02804748,1.00886869
1591008899.06658745,-0.10498147,-0.02119997,1.00305665
1591008899.07815289,-0.10848635,-0.01437294,1.00659442
1591008899.09056759,-0.10901774,-0.00900473,1.01922929
1591008899.10215664,-0.11292998,-0.00736529,1.02024007
1591008899.11448359,-0.11485734,0.00121025,1.02276707
1591008899.12632394,-0.11805217,0.01089356,1.01821852
1591008899.13870049,-0.12306183,0.01337828,1.02150357
1591008899.15028834,-0.12953952,0.01337143,1.03060067
1591008899.16264343,-0.13109663,0.00883139,1.04298282
1591008899.17422175,-0.13145685,0.00142829,1.05460691
1591008899.18659639,-0.13242096,-0.00040209,1.07507527
1591008899.19826555,-0.13720459,-0.00063736,1.10186124
1591008899.21064901,-0.14285067,-0.00850746,1.12662554
1591008899.22222304,-0.14349106,-0.01863392,1.14835739
1591008899.23458409,-0.14125158,-0.03351844,1.15063167
1591008899.24617338,-0.14769310,-0.04348795,1.12460387
1591008899.25855017,-0.14324942,-0.04880829,1.06623089
1591008899.27010942,-0.12644574,-0.05064865,1.01063764
1591008899.28245878,-0.11268601,-0.04652780,0.98359907
1591008899.29410219,-0.09709138,-0.04042676,0.98713684
1591008899.30646229,-0.08968921,-0.03004822,1.00558376
1591008899.31828284,-0.09286980,-0.01914140,1.03666532
1591008899.33064246,-0.09035046,-0.01914146,1.05460691
1591008899.34221721,-0.08965129,-0.02467676,1.06749439
1591008899.35457659,-0.08960030,-0.03394076,1.05081642
1591008899.36614656,-0.08491417,-0.04454425,1.02756834
1591008899.37849975,-0.06908431,-0.05485799,0.99446511
1591008899.39008093,-0.05698556,-0.05800726,0.96313059
1591008899.40247726,-0.05164538,-0.05234240,0.93887174
1591008899.41408443,-0.05119577,-0.03396083,0.93457592
1591008899.42668939,-0.05318118,-0.01584517,0.94417834
1591008899.43827844,-0.05553371,-0.00768551,0.96338338
1591008899.45063972,-0.05493812,-0.00787302,0.98031402
1591008899.46219039,-0.05235136,-0.00757312,0.99269617
1591008899.47457433,-0.04877817,-0.00625749,0.99522316
1591008899.48615408,-0.04256037,-0.01218813,0.99749744
1591008899.49852610,-0.04112228,-0.02048077,0.99421227
1591008899.51009846,-0.04451872,-0.02772363,0.98941112
1591008899.52270508,-0.04738077,-0.03088322,0.98966384
1591008899.53426647,-0.05098491,-0.02280187,0.98789489
1591008899.54659915,-0.05675730,-0.00322738,0.98840034
1591008899.55819392,-0.06434520,0.01210703,0.99572849
1591008899.57055879,-0.07686523,0.01014720,0.99168539
1591008899.58214736,-0.08488069,0.00133645,0.99800277
1591008899.59469938,-0.08806948,0.00162613,1.00608909
1591008899.60608554,-0.09178233,0.00478572,1.00583637
1591008899.61869693,-0.09535228,0.00155111,1.01644969
1591008899.63027906,-0.09847597,0.00100573,1.02655756
1591008899.64270234,-0.09943157,-0.00180621,1.02933717
1591008899.65430832,-0.09693270,-0.00270603,1.02807379
1591008899.66666222,-0.09980423,-0.00687451,1.02908444
1591008899.67824769,-0.09623921,-0.00787999,1.02529407
1591008899.69059777,-0.09209279,-0.00362626,1.01821852
1591008899.70221233,-0.08926080,0.00043657,1.01468074
1591008899.71458268,-0.08535720,0.00698412,1.01442814
1591008899.72615147,-0.08241831,0.00965973,1.01417542
1591008899.73847914,-0.08710094,0.01135028,1.01872396
1591008899.75013328,-0.09097522,0.00602292,1.02327251
1591008899.76248360,-0.08047538,-0.00169371,1.02276707
1591008899.77407265,-0.07971571,-0.01043972,1.03236961
1591008899.78669381,-0.07967337,-0.01207916,1.03135872
1591008899.79824901,-0.07985077,-0.00931839,1.04298282
1591008899.81060863,-0.07696792,-0.00462500,1.04121399
1591008899.82217693,-0.07833116,-0.00315254,1.03186417
1591008899.83457112,-0.08046540,-0.00041898,1.02605212
1591008899.84614563,-0.07973336,0.00094098,1.02327251
1591008899.85849857,-0.08044198,0.00355184,1.01973474
1591008899.87009001,-0.08255192,-0.00042577,1.01720774
1591008899.88246560,-0.08204924,-0.00497259,1.02074552
1591008899.89431095,-0.08074059,-0.00923652,1.02352512
1591008899.90667462,-0.08086724,-0.01335047,1.02352512
1591008899.91822720,-0.07451762,-0.01523191,1.02251434
1591008899.93054843,-0.07372299,-0.01451613,1.01821852
1591008899.94208622,-0.07411329,-0.01555908,1.01063764
1591008899.95473146,-0.07470591,-0.01708945,1.00760531
1591008899.96627259,-0.07954019,-0.02101251,1.00406754
1591008899.97858119,-0.08022710,-0.02631945,1.01720774
1591008899.99013448,-0.09024267,-0.01918910,1.02857912
1591008900.00244761,-0.09274659,-0.01588637,1.03464389
1591008900.01424098,-0.09185836,-0.01158153,1.03110611
1591008900.02655792,-0.09517618,-0.00754254,1.02352512
1591008900.03809357,-0.09222738,-0.00728349,1.01872396
1591008900.05067301,-0.09162176,-0.01242675,1.01089036
1591008900.06219888,-0.09662364,-0.01834376,1.01291192
1591008900.07451940,-0.09311643,-0.02213732,1.01594424
1591008900.08609056,-0.08670621,-0.02545375,1.02807379
1591008900.09869909,-0.08038431,-0.02339849,1.03034794
1591008900.11008763,-0.07973296,-0.01898800,1.02933717
1591008900.12267017,-0.07717424,-0.01099183,1.01569164
1591008900.13420963,-0.07586231,-0.00679607,1.01417542
1591008900.14652705,-0.07702127,-0.00450224,1.02099824
1591008900.15808296,-0.08432768,-0.00274014,1.03767622
1591008900.17065215,-0.08561533,-0.01325173,1.05309069
1591008900.18222117,-0.08993208,-0.02944168,1.05713379
1591008900.19455600,-0.09011918,-0.04067920,1.05460691
1591008900.20622802,-0.09052534,-0.04378762,1.04045582
1591008900.21861744,-0.08907793,-0.03611526,1.02832639
1591008900.23014164,-0.09370453,-0.02173178,1.03085339
1591008900.24244666,-0.10121287,-0.01040224,1.03615999
1591008900.25423288,-0.11451079,-0.00315260,1.04980564
1591008900.26655722,-0.11655150,-0.00137351,1.07962382
1591008900.27809477,-0.11174954,-0.00734852,1.10514617
1591008900.29067206,-0.10388610,-0.00999692,1.12283504
1591008900.30220985,-0.08296855,-0.01117285,1.13117397
1591008900.31456661,-0.06700287,-0.00487066,1.11752832
1591008900.32610321,-0.04802152,0.00078398,1.08897364
1591008900.33867526,-0.04935662,-0.00185408,1.07507527
1591008900.35021520,-0.05185045,-0.00458758,1.06294584
1591008900.36252260,-0.05559274,-0.00909008,1.06117702
1591008900.37406659,-0.05655196,-0.00695301,1.06193507
1591008900.38664651,-0.05166068,-0.00601909,1.05359614
1591008900.39820576,-0.04781696,-0.00549418,1.05283797
1591008900.41064239,-0.05484194,-0.00219825,1.05005836
1591008900.42212176,-0.07476687,0.00436294,1.04955292
1591008900.43446565,-0.08068030,0.00396760,1.03893960
1591008900.44625282,-0.08442919,-0.00245382,1.03236961
1591008900.45863533,-0.10196692,-0.00514642,1.01948202
1591008900.47019982,-0.10154315,-0.01598512,1.00507832
1591008900.48253512,-0.10145846,-0.01870156,0.98814762
1591008900.49410152,-0.09674998,-0.00913412,0.97677624
1591008900.50665593,-0.09076692,-0.00134589,0.97146964
1591008900.51810861,-0.09155323,-0.00038132,0.97601819
1591008900.53048849,-0.09787125,-0.00691867,0.98056674
1591008900.54231477,-0.10377681,-0.02100561,0.97702897
1591008900.55469346,-0.10397230,-0.02644541,0.97020614
1591008900.56627321,-0.10381009,-0.02143500,0.95807666
1591008900.57861996,-0.09067992,-0.01505443,0.94746345
1591008900.59020162,-0.07507662,-0.01438977,0.93962985
1591008900.60256290,-0.06156964,-0.01250148,0.93154353
1591008900.61417389,-0.05280352,-0.01305707,0.93735558
1591008900.62658286,-0.05246390,-0.01491124,0.93583941
1591008900.63816953,-0.05885945,-0.01189826,0.95175928
1591008900.65053821,-0.06377512,-0.01037474,0.96388870
1591008900.66210580,-0.07456974,-0.00865355,0.98132479
1591008900.67447162,-0.08263982,-0.01442063,0.99850821
1591008900.68630075,-0.08009586,-0.01982985,1.02251434
1591008900.69863772,-0.07205807,-0.02233512,1.04652059
1591008900.71020484,-0.08095270,-0.01861662,1.07179034
1591008900.72262073,-0.09433150,-0.01626146,1.08644664
1591008900.73423123,-0.10114318,-0.02144568,1.09731257
1591008900.74658227,-0.09872746,-0.02658216,1.09832346
1591008900.75814867,-0.09255443,-0.03053249,1.09529102
1591008900.77048492,-0.07560033,-0.03187883,1.09781802
1591008900.78231406,-0.06370583,-0.02744792,1.10539901
1591008900.79475832,-0.07087074,-0.02739344,1.12232959
1591008900.80609894,-0.10087261,-0.02758780,1.14835739
1591008900.81851101,-0.11996966,-0.03103377,1.17185807
1591008900.83009791,-0.12538302,-0.03582946,1.18449306
1591008900.84270048,-0.12767237,-0.03821532,1.17489064
1591008900.85425568,-0.11401406,-0.03011685,1.15037894
1591008900.86658645,-0.09254374,-0.02296248,1.11196911
1591008900.87817359,-0.07467287,-0.02725014,1.07482266
1591008900.89055443,-0.05917722,-0.03529046,1.03995049
1591008900.90212274,-0.05251426,-0.03865109,1.02150357
1591008900.91446710,-0.04703413,-0.03710013,0.97930324
1591008900.92610526,-0.04900352,-0.02473089,0.94291484
1591008900.93854046,-0.05975833,-0.01299911,0.93179619
1591008900.95010400,-0.06295105,-0.01327174,0.91890872
1591008900.96247649,-0.06581965,-0.01684715,0.91789788
1591008900.97408128,-0.07781262,-0.01166299,0.92497343
1591008900.98669505,-0.08927921,-0.01050754,0.92598420
1591008900.99824595,-0.09828262,-0.01444430,0.94064057
1591008901.01074743,-0.09820075,-0.01597810,0.94215685
1591008901.02232361,-0.09912476,-0.01766522,0.93305969
1591008901.03457069,-0.09552503,-0.01798897,0.91663444
1591008901.04616380,-0.09533349,-0.01175838,0.90880084
1591008901.05857968,-0.09384611,-0.00932134,0.90399957
1591008901.07017422,-0.08638486,-0.01530652,0.90728468
1591008901.08254695,-0.07291144,-0.02050096,0.91385478
1591008901.09411621,-0.06570660,-0.03016721,0.91360205
1591008901.10647678,-0.04996438,-0.04015047,0.92370993
1591008901.11810255,-0.04828130,-0.04218537,0.94796878
1591008901.13063717,-0.04488586,-0.04378739,0.96868998
1591008901.14223981,-0.05425596,-0.03905659,0.98865306
1591008901.15458608,-0.05608021,-0.03200803,1.00154054
1591008901.16623330,-0.05859002,-0.02405624,1.01114297
1591008901.17861676,-0.06222221,-0.02669780,1.01973474
1591008901.19020534,-0.05963607,-0.02900190,1.02655756
1591008901.20262027,-0.06249375,-0.02739657,1.03717077
1591008901.21421623,-0.07079183,-0.02102290,1.05359614
1591008901.22664905,-0.07975709,-0.01635342,1.06572556
1591008901.23824120,-0.08158486,-0.01700109,1.08669937
1591008901.25059819,-0.08726563,-0.01353131,1.08518314
1591008901.26217198,-0.09295391,-0.01494582,1.08897364
1591008901.27460194,-0.09225386,-0.01970395,1.08745742
1591008901.28617430,-0.09109875,-0.02201485,1.08543587
1591008901.29855442,-0.09258440,-0.02345999,1.07633877
1591008901.31011653,-0.09307274,-0.02633662,1.05789185
1591008901.32246470,-0.09264053,-0.02838504,1.04652059
1591008901.33415365,-0.09048405,-0.02866451,1.04273009
1591008901.34655428,-0.08957981,-0.02101942,1.03110611
1591008901.35812020,-0.08319613,-0.01640442,1.02630484
1591008901.37046885,-0.08006215,-0.01328230,1.02226174
1591008901.38230085,-0.08162033,-0.01508535,1.02428329
1591008901.39474201,-0.07993925,-0.01132927,1.01746047
1591008901.40632248,-0.08021083,-0.01134290,1.01771307
1591008901.41870546,-0.08440495,-0.01229383,1.01291192
1591008901.43026328,-0.08260076,-0.00953642,1.01114297
1591008901.44261861,-0.07658006,-0.01641457,1.00406754
1591008901.45420623,-0.07016424,-0.02293143,0.99926627
1591008901.46654677,-0.07894189,-0.02309505,1.00229859
1591008901.47810006,-0.08295169,-0.02196008,1.01265919
1591008901.49046063,-0.08943539,-0.02347002,1.01821852
1591008901.50228286,-0.09839054,-0.03123441,1.02756834
1591008901.51463199,-0.10536800,-0.03508252,1.03161144
1591008901.52624035,-0.10474178,-0.03507230,1.03590727
1591008901.53863668,-0.10595748,-0.03324199,1.03338039
1591008901.55025530,-0.10164078,-0.03164002,1.03060067
1591008901.56260443,-0.10208501,-0.03259780,1.03489649
1591008901.57417822,-0.10648841,-0.03265233,1.03590727
1591008901.58653903,-0.10818164,-0.03277162,1.03363299
1591008901.59810662,-0.10438458,-0.03443154,1.04197204
1591008901.61045647,-0.10298990,-0.03195019,1.03186417
1591008901.62228227,-0.09869041,-0.02430851,1.02478862
1591008901.63473201,-0.08671157,-0.02379041,1.01518619
1591008901.64633131,-0.08688687,-0.02907001,1.00987959
1591008901.65868807,-0.09279741,-0.03706276,1.01897657
1591008901.67024136,-0.10811514,-0.03447923,1.03388572
1591008901.68259168,-0.11226932,-0.03033123,1.04222476
1591008901.69416475,-0.11377595,-0.02846000,1.03893960
1591008901.70651388,-0.11654047,-0.02976200,1.03615999
1591008901.71810722,-0.10369034,-0.03218534,1.02276707
1591008901.73046589,-0.09939542,-0.03781602,1.01948202
1591008901.74207258,-0.09553293,-0.03844657,1.01771307
1591008901.75469375,-0.10336062,-0.03897832,1.02756834
1591008901.76626658,-0.11535139,-0.03881133,1.03792882
1591008901.77862525,-0.12195415,-0.03585968,1.04601514
1591008901.79020476,-0.12247071,-0.02866794,1.04727864
1591008901.80255580,-0.11804969,-0.02909740,1.04626787
1591008901.81411862,-0.10645457,-0.03274778,1.03767622
1591008901.82646847,-0.09826860,-0.03374982,1.02933717
1591008901.83810568,-0.09661879,-0.02925411,1.02226174
1591008901.85046482,-0.09412949,-0.02587294,1.01341736
1591008901.86228681,-0.09863049,-0.01553523,1.01468074
1591008901.87464309,-0.11277054,-0.01150651,1.02074552
1591008901.88623667,-0.11679994,-0.02251573,1.03641272
1591008901.89861679,-0.12251793,-0.04160286,1.04930031
1591008901.91020870,-0.11870494,-0.05507295,1.06572556
1591008901.92256403,-0.12328379,-0.05432653,1.07431722
1591008901.93413019,-0.12405690,-0.04827661,1.07431722
1591008901.94654727,-0.11807510,-0.04569638,1.05789185
1591008901.95812893,-0.11056165,-0.04484084,1.04652059
1591008901.97047472,-0.11137852,-0.05030448,1.03565466
1591008901.98209429,-0.10914283,-0.05645322,1.02403057
1591008901.99450183,-0.11368632,-0.05185864,1.01063764
1591008902.00610733,-0.08688710,-0.05160300,1.01038492
1591008902.01852226,-0.09867585,-0.08452824,1.01063764
1591008902.03013062,-0.08385983,-0.11822532,1.02933717
1591008902.04247832,-0.09315221,-0.10675162,1.04374087
1591008902.05432057,-0.10400922,-0.08520660,1.03666532
1591008902.06670618,-0.10209733,-0.08675054,1.01594424
1591008902.07826853,-0.10569410,-0.09571502,0.99673927
1591008902.09061766,-0.10721867,-0.09856066,0.99850821
1591008902.10218263,-0.10808744,-0.10539278,1.01392269
1591008902.11462498,-0.10268980,-0.11174311,1.02504134
1591008902.12622905,-0.10282203,-0.11674330,1.03893960
1591008902.13865256,-0.10054298,-0.11693418,1.04247737
1591008902.15029049,-0.10416947,-0.11224757,1.03439116
1591008902.16269279,-0.10077618,-0.10821114,1.01518619
1591008902.17427588,-0.09796789,-0.10341103,0.99572849
1591008902.18662906,-0.09288513,-0.09676979,0.98385179
1591008902.19820523,-0.08953994,-0.09527873,0.98865306
1591008902.21056890,-0.08412877,-0.08776900,0.99775004
1591008902.22214866,-0.08745454,-0.08073810,1.01215386
1591008902.23450828,-0.08767445,-0.08428288,1.02403057
1591008902.24610376,-0.08344166,-0.09946038,1.02908444
1591008902.25855994,-0.08294138,-0.10525168,1.02984262
1591008902.27013040,-0.06933242,-0.10792467,1.02377784
1591008902.28248239,-0.06655007,-0.10579278,1.01670229
1591008902.29432440,-0.07424393,-0.10264719,1.00937414
1591008902.30668950,-0.08095922,-0.10113344,1.00912142
1591008902.31825256,-0.09873663,-0.10301532,1.01619697
1591008902.33061028,-0.10157681,-0.10268334,1.02857912
1591008902.34222960,-0.09181644,-0.11009270,1.05005836
1591008902.35461164,-0.08890489,-0.11577478,1.06269312
1591008902.36620617,-0.09504818,-0.11335640,1.06420934
1591008902.37856126,-0.11336433,-0.09880544,1.05865002
1591008902.39013958,-0.11219893,-0.09360074,1.04096127
1591008902.40249872,-0.10872857,-0.09415087,1.03262222
1591008902.41409254,-0.10811166,-0.10151061,1.02074552
1591008902.42644978,-0.10730225,-0.10784286,1.02226174
1591008902.43829727,-0.10579219,-0.10730636,1.03085339
1591008902.45045424,-0.10731532,-0.11150213,1.02984262
1591008902.46230936,-0.10546450,-0.11630699,1.03085339
1591008902.47468328,-0.10876536,-0.11332960,1.02200902
1591008902.48626328,-0.11558177,-0.11034763,1.01771307
1591008902.49861002,-0.11065967,-0.10605200,1.00760531
1591008902.51020002,-0.11316736,-0.10622020,1.00608909
1591008902.52256536,-0.11397473,-0.10952941,1.01644969
1591008902.53413153,-0.10643318,-0.10750644,1.02529407
1591008902.54647851,-0.10025123,-0.11238392,1.03691816
1591008902.55809665,-0.09824546,-0.11325668,1.03919232
1591008902.57050061,-0.10090585,-0.11646600,1.03843427
1591008902.58208442,-0.10218160,-0.11441593,1.03287494
1591008902.59447193,-0.10156304,-0.11729343,1.03060067
1591008902.60631609,-0.10203283,-0.12144813,1.04273009
1591008902.61866570,-0.10215656,-0.12075704,1.05309069
1591008902.63024569,-0.10023355,-0.12397082,1.06168246
1591008902.64260960,-0.08228377,-0.09275953,1.06244051
1591008902.65424800,-0.08800150,-0.09593286,1.02857912
1591008902.66663194,-0.08576860,-0.11707084,1.01720774
1591008902.67818785,-0.06255473,-0.14465901,1.02807379
1591008902.69055820,-0.03573602,-0.15505052,1.03995049
1591008902.70212317,-0.03489890,-0.10895629,1.04753137
1591008902.71448803,-0.03641089,-0.06224751,1.02377784
1591008902.72606897,0.13936710,-0.24353389,1.04879487
1591008902.73870039,0.02321336,-0.23249206,1.06193507
1591008902.75026464,-0.08581915,-0.16064206,1.01847124
1591008902.76261258,-0.09476990,-0.11237995,0.98587334
1591008902.77419090,-0.10015058,-0.06877105,0.97424924
1591008902.78656554,-0.08516031,-0.05175629,0.98183012
1591008902.79812622,-0.06551485,-0.07041397,0.99572849
1591008902.81048012,-0.06530666,-0.08905539,1.00305665
1591008902.82232070,-0.06142331,-0.09861043,1.01796579
1591008902.83468866,-0.06394450,-0.07989287,1.03236961
1591008902.84625387,-0.07431398,-0.07573466,1.04500437
1591008902.85866690,-0.06757350,-0.07928623,1.04803681
1591008902.87025499,-0.05369788,-0.08668927,1.04171932
1591008902.88260818,-0.04959100,-0.08937327,1.03211689
1591008902.89418697,-0.04307099,-0.08797336,1.01543880
1591008902.90656567,-0.03272128,-0.09087369,1.00432026
1591008902.91812968,-0.02584494,-0.09294660,1.00103521
1591008902.93047953,-0.02409589,-0.09328301,0.99800277
1591008902.94230652,-0.02149388,-0.08548254,0.99244344
1591008902.95445299,-0.02397907,-0.07502212,0.99143267
1591008902.96627235,-0.03395990,-0.07266690,0.98814762
1591008902.97861123,-0.03296746,-0.08485877,0.98536789
1591008902.99018812,-0.03753697,-0.09725159,0.98814762
1591008903.00255537,-0.04988159,-0.10173352,1.00634181
1591008903.01413035,-0.06870718,-0.10419248,1.03338039
1591008903.02661633,-0.07978657,-0.09480517,1.05865002
1591008903.03821063,-0.07282695,-0.09727776,1.08594131
1591008903.05063152,-0.06232075,-0.10757414,1.06825256
1591008903.06224465,-0.05630539,-0.11226565,1.04399359
1591008903.07460475,-0.04585569,-0.11842096,1.01442814
1591008903.08617711,-0.03705709,-0.12356226,1.01240647
1591008903.09855676,-0.03949200,-0.12207578,1.01265919
1591008903.11012101,-0.04264925,-0.11462520,1.01821852
1591008903.12247348,-0.04315731,-0.10909754,1.01771307
1591008903.13431072,-0.05202510,-0.10774282,1.02504134
1591008903.14669251,-0.04951258,-0.10742907,1.03312767
1591008903.15831828,-0.04399642,-0.10987011,1.03666532
1591008903.17050076,-0.04200161,-0.11695701,1.03363299
1591008903.18213463,-0.04157722,-0.11708875,1.04070854
1591008903.19448304,-0.03251662,-0.11921160,1.04298282
1591008903.20609593,-0.02909675,-0.11809342,1.03615999
1591008903.21855068,-0.02937399,-0.11798450,1.02024007
1591008903.23012066,-0.03801860,-0.11400706,1.01139569
1591008903.24246764,-0.04557686,-0.10922484,1.01543880
1591008903.25432324,-0.05199232,-0.10295618,1.01973474
1591008903.26646042,-0.04979501,-0.10169689,1.02883184
1591008903.27831388,-0.05074614,-0.10439698,1.03717077
1591008903.29048181,-0.05498958,-0.11020194,1.03818166
1591008903.30226922,-0.05724645,-0.11146106,1.04298282
1591008903.31450915,-0.05393725,-0.10599254,1.03893960
1591008903.32623792,-0.05401516,-0.10599713,1.03439116
1591008903.33863640,-0.05406401,-0.10989754,1.02327251
1591008903.35011196,-0.05371118,-0.10607007,1.01720774
1591008903.36252332,-0.04973771,-0.10258804,1.01291192
1591008903.37410760,-0.05141280,-0.10380627,1.01695514
1591008903.38646889,-0.05397579,-0.10436988,1.02276707
1591008903.39831161,-0.05871968,-0.09973307,1.03413844
1591008903.41048098,-0.05484322,-0.10332431,1.02655756
1591008903.42207313,-0.05164370,-0.10371511,1.03843427
1591008903.43471313,-0.05738179,-0.10193771,1.03792882
1591008903.44629431,-0.05512804,-0.09999672,1.03439116
1591008903.45864511,-0.05041233,-0.10231061,1.02630484
1591008903.47018027,-0.05131573,-0.10054702,1.01215386
1591008903.48257756,-0.05246022,-0.10270172,1.01038492
1591008903.49415064,-0.05062164,-0.10037419,1.01821852
1591008903.50656796,-0.05213207,-0.10385162,1.02706289
1591008903.51815581,-0.05421762,-0.10520174,1.02428329
1591008903.53049850,-0.05245777,-0.10511993,1.02276707
1591008903.54210997,-0.05226516,-0.10257885,1.02200902
1591008903.55454063,-0.05278919,-0.10480174,1.02150357
1591008903.56621861,-0.05603949,-0.10286517,1.02731562
1591008903.57862210,-0.05935259,-0.10456537,1.02175629
1591008903.59028172,-0.05634923,-0.09638296,1.02301979
1591008903.60268974,-0.05924277,-0.09820125,1.02428329
1591008903.61425996,-0.05803207,-0.10402887,1.03034794
1591008903.62659502,-0.05870125,-0.10735629,1.03641272
1591008903.63816905,-0.06410792,-0.10589710,1.03717077
1591008903.65054965,-0.06611554,-0.09810105,1.04096127
1591008903.66210508,-0.06600993,-0.09531456,1.03565466
1591008903.67457438,-0.06088716,-0.09883302,1.03135872
1591008903.68616343,-0.05582497,-0.10128327,1.02579951
1591008903.69849324,-0.04793440,-0.09881495,1.02175629
1591008903.71031666,-0.05054172,-0.10149698,1.02049279
1591008903.72269726,-0.05671682,-0.10218790,1.02403057
1591008903.73425198,-0.05654241,-0.09914678,1.02327251
1591008903.74659848,-0.05680301,-0.09970136,1.02428329
1591008903.75815177,-0.04766639,-0.09917864,1.01922929
1591008903.77054906,-0.04376833,-0.10193343,1.01468074
1591008903.78221202,-0.04158491,-0.10422450,1.01543880
1591008903.79457927,-0.04261935,-0.10713831,1.01847124
1591008903.80614734,-0.03945811,-0.10388808,1.01847124
1591008903.81848049,-0.02919233,-0.10341087,1.00962687
1591008903.83012342,-0.03489763,-0.09684683,1.00381482
1591008903.84248805,-0.03788589,-0.09570582,1.00583637
1591008903.85431886,-0.03908367,-0.09922415,1.01543880
1591008903.86646748,-0.03753220,-0.10360159,1.02706289
1591008903.87811089,-0.02821644,-0.11452056,1.02554679
1591008903.89046884,-0.00741936,-0.13080357,1.02150357
1591008903.90232086,0.00964122,-0.13676752,1.03009522
1591008903.91469693,0.01597581,-0.14566812,1.03287494
1591008903.92626143,0.01024622,-0.14054951,1.03995049
1591008903.93860912,-0.00087745,-0.11841606,1.04677331
1591008903.95018244,0.00331071,-0.10370576,1.06142962
1591008903.96256471,0.00397256,-0.09413248,1.05081642
1591008903.97412324,-0.00266658,-0.10747886,1.05258524
1591008903.98664117,-0.00544520,-0.12302545,1.04879487
1591008903.99825978,-0.01818140,-0.12640297,1.04652059
1591008904.01060414,-0.01908486,-0.12082538,1.04045582
1591008904.02218246,-0.01794587,-0.11024299,1.02504134
1591008904.03457689,-0.01098087,-0.10707030,1.00330949
1591008904.04615593,-0.01796648,-0.08803280,0.98410439
1591008904.05860019,-0.03990101,-0.05739377,0.96970081
1591008904.07012677,-0.06240279,-0.04744125,0.98258829
1591008904.08257079,-0.08570230,-0.06172598,1.00962687
1591008904.09417295,-0.08411197,-0.10013306,1.03691816
1591008904.10655427,-0.08651461,-0.11539316,1.04171932
1591008904.11832905,-0.09167305,-0.11028390,1.02579951
1591008904.13060594,-0.07242633,-0.10474735,1.00659442
1591008904.14221358,-0.06446266,-0.09311925,1.00886869
1591008904.15457129,-0.10255238,-0.06371307,1.00608909
1591008904.16610146,-0.12361684,-0.05703945,1.01695514
1591008904.17856598,-0.14102954,-0.06325299,1.01998746
1591008904.19021940,-0.16003534,-0.06899957,1.02782094
1591008904.20259500,-0.16376835,-0.07689689,1.03514922
1591008904.21418619,-0.17544799,-0.08806978,1.07179034
1591008904.22665501,-0.19841799,-0.07648467,1.09478569
1591008904.23820186,-0.19705574,-0.06131729,1.10969472
1591008904.25051045,-0.17724691,-0.04633727,1.08771014
1591008904.26212502,-0.16007784,-0.03635731,1.04626787
1591008904.27448678,-0.16720837,-0.02067507,1.00229859
1591008904.28618383,-0.19202794,-0.01841181,0.97829247
1591008904.29858065,-0.21183871,-0.03086959,0.98941112
1591008904.31023645,-0.22179925,-0.04212434,1.04550982
1591008904.32266760,-0.22284317,-0.02666391,1.08189809
1591008904.33425736,-0.20801365,-0.00038168,1.08366704
1591008904.34660387,-0.19524086,0.02289785,1.05587041
1591008904.35816622,-0.18231988,0.02096542,1.01543880
1591008904.37058282,-0.17948739,-0.00354771,0.96742648
1591008904.38223386,-0.17418571,-0.03260772,0.94089335
1591008904.39472675,-0.17982915,-0.06363103,0.93280703
1591008904.40610218,-0.18533745,-0.09205179,0.93811363
1591008904.41845345,-0.16859330,-0.08223765,0.96818459
1591008904.43029618,-0.18490183,-0.06747253,0.99951899
1591008904.44264579,-0.19001450,-0.04259794,0.99598122
1591008904.45420790,-0.24155313,0.00672855,0.99673927
1591008904.46655798,-0.30610377,0.06935798,1.02453601
1591008904.47813582,-0.33933616,0.09059563,1.06597829
1591008904.49056864,-0.35490468,0.04239390,1.07128489
1591008904.50214767,-0.34777728,0.01425407,1.07254839
1591008904.51447058,-0.33492523,0.02076763,1.04601514
1591008904.52629614,-0.32245058,0.02648023,1.01190114
1591008904.53864741,-0.32644072,0.04088425,0.98713684
1591008904.55020356,-0.34294939,0.05760578,1.02706289
1591008904.56256819,-0.34543622,0.07497491,1.06395662
1591008904.57414460,-0.35473204,0.09374502,1.06142962
1591008904.58647227,-0.33621922,0.09367689,1.04475176
1591008904.59810948,-0.33031255,0.09268863,1.00027704
1591008904.61047840,-0.35606322,0.11741693,0.90526307
1591008904.62231302,-0.36122364,0.14046147,0.81454492
1591008904.63452363,-0.35086146,0.13065560,0.78548479
1591008904.64631891,-0.36111483,0.11162972,0.82414740
1591008904.65869260,-0.37754437,0.05692458,0.87822449
1591008904.67011380,-0.41008079,-0.01740965,0.95074850
1591008904.68258619,-0.40250975,-0.05921730,0.98107207
1591008904.69428182,-0.39252752,-0.04498362,0.93255430
1591008904.70665860,-0.38311306,-0.01190493,0.90703189
1591008904.71825051,-0.38931629,0.02899588,0.93836635
1591008904.73059559,-0.43147773,0.07513528,1.01164842
1591008904.74218154,-0.45542160,0.09468913,1.07532799
1591008904.75462341,-0.45663628,0.07863201,1.09933424
1591008904.76620913,-0.45660719,0.04441853,1.06067157
1591008904.77858639,-0.46296594,0.01045743,0.97248042
1591008904.79026628,-0.46328533,-0.00653666,0.90172529
1591008904.80270076,-0.47005773,-0.00810109,0.89035398
1591008904.81437111,-0.48529306,-0.00982594,0.94923228
1591008904.82654524,-0.48149973,0.01440435,0.98006129
1591008904.83811474,-0.47185928,0.05622220,0.95403355
1591008904.85045910,-0.45752800,0.06858122,0.91334939
1591008904.86229730,-0.44858062,0.05982506,0.90071452
1591008904.87474465,-0.44843656,0.06584430,0.90576845
1591008904.88611054,-0.46006387,0.09381697,0.94796878
1591008904.89859152,-0.47138193,0.12386876,0.99648654
1591008904.91020322,-0.47560903,0.13669112,1.01897657
1591008904.92256522,-0.46681044,0.12562065,1.00886869
1591008904.93416548,-0.45344791,0.12031052,0.95479167
1591008904.94656968,-0.45031825,0.09487030,0.90602118
1591008904.95815396,-0.44046539,0.07348256,0.90324146
1591008904.97052908,-0.44854045,0.08745699,0.91334939
1591008904.98210979,-0.47221354,0.10849705,0.93154353
1591008904.99454641,-0.48344058,0.10338092,0.95908749
1591008905.00616670,-0.48842448,0.07648851,0.98208296
1591008905.01854062,-0.49840748,0.06372742,0.98536789
1591008905.03012085,-0.50473332,0.07392210,0.94443107
1591008905.04248095,-0.50060213,0.08763430,0.89212286
1591008905.05432606,-0.51021403,0.08432822,0.87266517
1591008905.06663489,-0.53448081,0.08490415,0.89338636
1591008905.07830811,-0.54866076,0.07124993,0.94013524
1591008905.09068251,-0.56921041,0.05884321,0.97273314
1591008905.10217118,-0.58018833,0.05110952,0.97702897
1591008905.11461806,-0.57486671,0.05008368,0.94670534
1591008905.12620926,-0.57763791,0.05557128,0.92573148
1591008905.13855457,-0.57460362,0.06422535,0.89540786
1591008905.15014195,-0.57934064,0.06085784,0.88605815
1591008905.16270423,-0.60892665,0.06605557,0.92876387
1591008905.17415166,-0.62190378,0.04014462,0.98738956
1591008905.18662667,-0.64617765,0.00501060,1.02857912
1591008905.19811177,-0.65716195,-0.01955375,1.01291192
1591008905.21048522,-0.65276003,0.00060036,0.95782399
1591008905.22232413,-0.63134754,0.03878165,0.86912739
1591008905.23469496,-0.61183381,0.04351954,0.80822748
1591008905.24630737,-0.61209810,0.03323973,0.81934613
1591008905.25869083,-0.62563157,0.00885918,0.88100421
1591008905.27025151,-0.64989424,0.00087647,0.94822156
1591008905.28266931,-0.66716933,0.00764890,0.97071159
1591008905.29425001,-0.67169333,-0.00478833,0.95453900
1591008905.30670524,-0.68054283,-0.02835736,0.92042488
1591008905.31830049,-0.69255483,-0.03963915,0.90526307
1591008905.33064795,-0.70445418,-0.02036467,0.92926925
1591008905.34223294,-0.71974623,-0.00156746,0.98006129
1591008905.35459089,-0.72593558,0.00695001,1.02403057
1591008905.36616015,-0.72847080,0.01468364,1.03767622
1591008905.37851548,-0.72715962,0.02308549,1.00305665
1591008905.39009166,-0.71948218,0.05173675,0.94746345
1591008905.40247059,-0.71077240,0.07686366,0.91233861
1591008905.41417480,-0.68633616,0.08375551,0.90121990
1591008905.42662454,-0.65113175,0.08338743,0.89010125
1591008905.43825102,-0.61514127,0.05470565,0.89692402
1591008905.45059943,-0.59054643,0.02880512,0.90602118
1591008905.46224093,-0.58385026,0.01751643,0.91789788
1591008905.47462392,-0.57893610,0.01625868,0.92775309
1591008905.48621035,-0.56787294,0.00872952,0.92825842
1591008905.49860001,-0.54858077,0.00116285,0.92497343
1591008905.51026201,-0.52782547,0.00643567,0.92143565
1591008905.52262998,-0.49662700,-0.00097080,0.91966683
1591008905.53421307,-0.47959781,-0.00187745,0.92750037
1591008905.54662871,-0.47358361,0.00035499,0.94443107
1591008905.55831385,-0.48885512,0.02173927,0.96970081
1591008905.57049632,-0.50074458,0.04836905,1.00987959
1591008905.58213663,-0.51061130,0.05060828,1.03565466
1591008905.59448266,-0.50508076,0.03167120,1.02782094
1591008905.60610628,-0.50296366,0.01005507,1.02478862
1591008905.61857462,-0.50724530,0.00066499,0.99699199
1591008905.63021922,-0.51387519,-0.00195265,0.99168539
1591008905.64258099,-0.51456118,0.01123442,1.01190114
1591008905.65415573,-0.50330877,0.00633994,1.01291192
1591008905.66656947,-0.52327144,0.00347009,1.00330949
1591008905.67814827,-0.55538291,-0.00629839,0.99598122
1591008905.69047832,-0.57464623,-0.02134652,1.00128782
1591008905.70230722,-0.55474782,-0.00709261,1.01518619
1591008905.71471381,-0.49483600,0.03709063,1.00811064
1591008905.72630048,-0.41981256,0.08947791,0.99699199
1591008905.73866034,-0.34713086,0.08574578,0.97197509
1591008905.75023437,-0.30829293,0.05578254,0.94872695
1591008905.76257372,-0.28473088,0.04300107,0.92547882
1591008905.77413964,-0.27463913,0.07051727,0.89540786
1591008905.78647184,-0.26657987,0.14906083,0.83905649
1591008905.79832053,-0.19303906,0.12254332,0.86407351
1591008905.81068850,-0.18330173,0.06232677,0.91713983
1591008905.82226229,-0.17825270,0.05456912,0.95327550
1591008905.83462453,-0.16957067,0.05781383,0.98284101
1591008905.84621000,-0.16608271,0.06922524,0.96868998
1591008905.85858083,-0.16236651,0.07525486,0.92421532
1591008905.87023997,-0.18066075,0.07053091,0.89515519
1591008905.88260722,-0.19038147,0.06280398,0.90829539
1591008905.89418316,-0.19078979,0.04112637,0.95125389
1591008905.90657115,-0.15436296,-0.00480551,0.99522316
1591008905.91821957,-0.14938480,-0.01562046,1.02074552
1591008905.93059635,-0.17032647,-0.02471064,1.00533092
1591008905.94219351,-0.18735743,-0.02792472,0.98865306
1591008905.95460081,-0.20781799,-0.00133910,0.98031402
1591008905.96620011,-0.24396920,0.04638201,0.98840034
1591008905.97855973,-0.24279864,0.04793623,0.99547577
1591008905.99018264,-0.22012721,0.00120689,1.00937414
1591008906.00246835,-0.19949269,-0.04045757,1.02807379
1591008906.01412320,-0.18411814,-0.05674303,1.05182719
1591008906.02662349,-0.19000255,-0.02837837,1.09124792
1591008906.03833079,-0.18981561,0.03878425,1.11575949
1591008906.05046725,-0.19222902,0.10769545,1.12131882
1591008906.06229854,-0.19598830,0.11992827,1.10539901
1591008906.07446671,-0.18725747,0.06697200,1.05081642
1591008906.08658051,-0.16357233,0.02570318,0.99042189
1591008906.09870386,-0.13323538,0.01200149,0.95731860
1591008906.11025858,-0.09500188,0.01418294,0.93482864
1591008906.12246704,-0.07872345,0.03080578,0.92724770
1591008906.13411117,-0.07749783,0.03418690,0.93634480
1591008906.14649582,-0.06408919,0.01996012,0.95782399
1591008906.15808129,-0.04775920,0.01887621,0.96894264
1591008906.17050409,-0.05573148,0.03097949,0.96439409
1591008906.18206716,-0.05661919,0.03877787,0.98132479
1591008906.19467759,-0.04561753,0.03500810,1.00634181
1591008906.20629239,-0.03267389,0.01693664,1.02731562
1591008906.21850801,-0.03471863,0.01160591,1.01847124
1591008906.23008943,-0.05409946,0.02716196,0.99926627
1591008906.24269128,-0.05614118,0.03240757,0.97829247
1591008906.25424027,-0.05743925,0.04027760,0.97146964
1591008906.26656866,-0.04436161,0.04234650,0.97349119
1591008906.27813148,-0.02177903,0.03914252,0.99699199
1591008906.29047394,-0.01891307,0.04449024,1.01897657
1591008906.30206895,-0.02317046,0.03826644,1.03565466
1591008906.31472659,-0.03464971,0.03133376,1.02958989
1591008906.32611966,-0.04968799,0.04380858,1.01366997
1591008906.33848929,-0.03813859,0.04875087,0.98486257
1591008906.35011601,-0.01761356,0.03457875,0.96944809
1591008906.36247110,-0.00221650,0.02752336,0.96565759
1591008906.37407541,0.00547189,0.02512382,0.97424924
1591008906.38668489,-0.00564186,0.04487206,0.99395967
1591008906.39825177,-0.01456982,0.06977037,1.03034794
1591008906.41058993,-0.01898035,0.07784824,1.05106914
1591008906.42219853,-0.03711971,0.07746996,1.03565466
1591008906.43462038,-0.02136121,0.05810341,1.02681029
1591008906.44618225,-0.01513569,0.05410532,1.03363299
1591008906.45852542,0.00287777,0.04251667,1.05106914
1591008906.47010636,0.00418036,0.03333100,1.05536497
1591008906.48245144,0.00839222,0.03794606,1.03262222
1591008906.49426794,0.01154995,0.05033919,0.98233557
1591008906.50660682,0.00667144,0.05018249,0.95832944
1591008906.51820517,0.01480743,0.04972233,0.96237254
1591008906.53053927,0.03693253,0.02492945,1.00027704
1591008906.54210448,0.05728093,0.00441753,1.03060067
1591008906.55471492,0.05612651,-0.00195961,1.03666532
1591008906.56627584,0.05202924,-0.00478177,1.03514922
1591008906.57861805,0.05170852,-0.00672784,0.99497044
1591008906.59018183,0.06081587,-0.01115184,0.96035093
1591008906.60252190,0.06565785,-0.00663222,0.93937713
1591008906.61407351,0.08495171,-0.00964863,0.92800575
1591008906.62659311,0.08216304,-0.02015337,0.93432319
1591008906.63817215,0.07724100,-0.01901846,0.96262527
1591008906.65051436,0.05893466,0.00241003,1.01847124
1591008906.66207004,0.05175269,0.03614282,1.08846819
1591008906.67467952,0.05151226,0.04078498,1.11904454
1591008906.68630600,0.06518650,0.02333740,1.09705997
1591008906.69849420,0.10274887,-0.00078368,1.02832639
1591008906.71008492,0.09379734,0.02811306,0.95024312
1591008906.72270632,0.15920511,0.00048455,0.93305969
1591008906.73426557,0.09536731,-0.01453296,0.95125389
1591008906.74661088,0.08618191,-0.01007832,0.99876094
1591008906.75817299,0.09073219,0.02050858,1.05081642
1591008906.77051139,0.10312724,0.01440747,1.06522012
1591008906.78206468,0.13173003,0.00232810,1.05587041
1591008906.79445624,0.14560182,0.00378356,1.03338039
1591008906.80629301,0.15014020,-0.00164254,1.00836337
1591008906.81863594,0.16196430,-0.01240285,0.99699199
1591008906.83007765,0.17202401,-0.02192933,0.98966384
1591008906.84245181,0.18758836,-0.02991860,0.97627091
1591008906.85428643,0.21384522,-0.03583897,0.96489954
1591008906.86663008,0.23447466,-0.03364051,0.95554972
1591008906.87816453,0.26280257,-0.03864743,0.94518918
1591008906.89052653,0.27397186,-0.04815685,0.93305969
1591008906.90210128,0.28320584,-0.04902935,0.91334939
1591008906.91469932,0.28680247,-0.02707224,0.87418133
1591008906.92636180,0.29469815,-0.00440957,0.82642168
1591008906.93864584,0.31320617,0.00757452,0.78371596
1591008906.95022106,0.33712316,-0.00045558,0.75313962
1591008906.96255660,0.34626782,-0.02007440,0.75794083
1591008906.97420287,0.31490460,-0.03106331,0.81808269
1591008906.98656011,0.28667936,-0.04572313,0.89692402
1591008906.99812126,0.27230406,-0.05707344,0.99067461
1591008907.01049519,0.25935119,-0.06348152,1.07355917
1591008907.02230644,0.26074347,-0.07718008,1.12561464
1591008907.03474331,0.26918322,-0.08848578,1.12435126
1591008907.04623914,0.28187999,-0.08385023,1.09225869
1591008907.05858636,0.29532719,-0.07362485,1.04626787
1591008907.07021308,0.30385432,-0.07157975,1.02630484
1591008907.08257294,0.29812506,-0.08654266,1.02554679
1591008907.09415388,0.28497386,-0.09971927,1.04778409
1591008907.10655427,0.27336305,-0.10901955,1.08114004
1591008907.11822438,0.25250861,-0.12409289,1.11954999
1591008907.13067842,0.22497830,-0.12279700,1.15113699
1591008907.14227128,0.19626585,-0.10532288,1.16554081
1591008907.15462255,0.17888460,-0.08745314,1.16351914
1591008907.16617489,0.15926966,-0.07791297,1.15265322
1591008907.17852497,0.14569490,-0.07594630,1.14759922
1591008907.19007850,0.13338631,-0.07635871,1.14178729
1591008907.20267415,0.13094023,-0.08918792,1.12839437
1591008907.21424556,0.12360577,-0.10708266,1.11474872
1591008907.22670126,0.11807854,-0.11621980,1.10337734
1591008907.23827982,0.11074869,-0.12840249,1.10211384
1591008907.25062823,0.09897661,-0.13309827,1.10110307
1591008907.26218081,0.09821621,-0.13061634,1.09680724
1591008907.27462697,0.11031023,-0.12851188,1.07633877
1591008907.28620172,0.11096139,-0.11784324,1.05005836
1591008907.29853654,0.09638223,-0.12381671,1.02175629
1591008907.31008983,0.08974667,-0.12898543,1.00634181
1591008907.32268715,0.07659417,-0.11946638,1.02453601
1591008907.33432007,0.08131069,-0.12968951,1.05182719
1591008907.34667516,0.08289735,-0.16293725,1.05637574
1591008907.35823488,0.08146326,-0.18766187,1.04197204
1591008907.37061429,0.07817698,-0.20710441,1.01771307
1591008907.38218188,0.07905801,-0.21575961,1.01594424
1591008907.39454436,0.08261654,-0.21901427,1.02529407
1591008907.40611506,0.08727819,-0.22975565,1.04828942
1591008907.41853714,0.08177030,-0.21685019,1.05005836
1591008907.43012762,0.08224957,-0.19335774,1.04096127
1591008907.44248724,0.08350033,-0.17372462,1.03388572
1591008907.45436907,0.09556046,-0.17152472,1.01164842
1591008907.46646833,0.11573146,-0.17981668,0.97071159
1591008907.47829580,0.12983692,-0.18445380,0.93154353
1591008907.49062586,0.14334148,-0.18705893,0.89641869
1591008907.50217557,0.15152101,-0.18865940,0.86584234
1591008907.51451731,0.14492720,-0.19080508,0.85927224
1591008907.52606869,0.13237774,-0.19689618,0.87948799
1591008907.53847694,0.12237298,-0.20826000,0.93255430
1591008907.55032039,0.10703172,-0.22357893,0.96161443
1591008907.56265521,0.08691093,-0.23915264,0.97222769
1591008907.57424402,0.07566935,-0.24629851,0.97955596
1591008907.58658004,0.06512260,-0.25635803,1.00381482
1591008907.59813404,0.07250890,-0.26760834,1.04550982
1591008907.61047244,0.08075672,-0.28415012,1.07406449
1591008907.62205482,0.09346202,-0.30115572,1.08341432
1591008907.63469934,0.10033016,-0.31750709,1.06673634
1591008907.64629197,0.10629173,-0.31845737,1.04727864
1591008907.65863943,0.11781682,-0.31177536,1.02074552
1591008907.67019343,0.12277991,-0.31153470,0.99775004
1591008907.68253970,0.13123564,-0.32131758,0.96591032
1591008907.69409513,0.13603596,-0.32527265,0.94190407
1591008907.70669413,0.14605294,-0.32499108,0.91815060
1591008907.71825695,0.14741686,-0.31594050,0.91259128
1591008907.73060989,0.15270092,-0.30095756,0.92219377
1591008907.74224830,0.15291898,-0.28839278,0.94417834
1591008907.75462198,0.16177666,-0.28943819,0.95428622
1591008907.76630688,0.16157660,-0.28724703,0.96464682
1591008907.77868438,0.16400462,-0.30587563,0.96237254
1591008907.79025388,0.15778151,-0.32118139,0.94948506
1591008907.80260539,0.15456259,-0.33901918,0.93255430
1591008907.81416941,0.14593440,-0.35067919,0.92623693
1591008907.82650757,0.14366390,-0.37556741,0.91486555
1591008907.83820653,0.14570025,-0.41771117,0.92674226
1591008907.85058260,0.14556520,-0.45518652,0.92623693
1591008907.86228061,0.14666863,-0.47742444,0.92598420
1591008907.87467623,0.15174296,-0.47317860,0.93533397
1591008907.88629150,0.15268788,-0.44169000,0.93558663
1591008907.89845777,0.15701002,-0.42982534,0.95201200
1591008907.91025376,0.16254947,-0.43076169,0.96009827
1591008907.92255020,0.16893893,-0.41603807,0.94670534
1591008907.93432117,0.19838285,-0.40848762,0.94114602
1591008907.94654036,0.17321390,-0.38329083,0.90046179
1591008907.95847940,0.20146328,-0.36928543,0.89111209
1591008907.97072101,0.19897130,-0.35092509,0.88909048
1591008907.98224616,0.19890070,-0.34421995,0.89919835
1591008907.99461150,0.19104221,-0.35659352,0.90147263
1591008908.00607777,0.18416601,-0.37611294,0.91107512
1591008908.01848722,0.16954848,-0.38478178,0.90955889
1591008908.03030133,0.16364700,-0.37979490,0.92370993
1591008908.04259157,0.16495320,-0.37338510,0.94392568
1591008908.05419278,0.14958714,-0.37108025,0.95681316
1591008908.06653714,0.14324498,-0.37191656,0.96767914
1591008908.07811809,0.14493921,-0.37658525,0.95226467
1591008908.09047890,0.13012667,-0.38919091,0.93103814
1591008908.10230398,0.12067369,-0.43340784,0.91183317
1591008908.11463046,0.10607418,-0.48447058,0.90829539
1591008908.12611175,0.11147387,-0.53150547,0.93204898
1591008908.13854098,0.10902438,-0.56856197,0.98865306
1591008908.15024996,0.08521307,-0.56721598,1.02857912
1591008908.16262674,0.08807421,-0.54455525,1.03489649
1591008908.17418242,0.10463724,-0.51053011,1.02984262
1591008908.18657374,0.11851910,-0.49922478,1.02883184
1591008908.19814563,0.11495478,-0.49971122,1.02857912
1591008908.21048236,0.10841781,-0.49865201,1.03211689
1591008908.22231674,0.11092140,-0.48743308,1.02807379
1591008908.23473930,0.11374624,-0.46225867,1.02024007
1591008908.24611163,0.13311343,-0.41842410,0.99092734
1591008908.25847363,0.14822790,-0.36769369,0.95428622
1591008908.27011275,0.15084393,-0.32258177,0.92446798
1591008908.28245473,0.16270795,-0.30266708,0.89363903
1591008908.29427838,0.16229895,-0.29500753,0.88605815
1591008908.30662560,0.15006341,-0.29003888,0.89591330
1591008908.31818271,0.13891467,-0.29851189,0.92320448
1591008908.33052778,0.13039657,-0.30279821,0.95630783
1591008908.34207726,0.12326999,-0.30057958,0.98006129
1591008908.35445547,0.11042759,-0.29401082,0.99269617
1591008908.36621189,0.11555204,-0.29304704,0.99800277
1591008908.37855291,0.12453830,-0.28699684,0.97854519
1591008908.39025259,0.12377772,-0.28120568,0.96388870
1591008908.40261865,0.12918270,-0.28333315,0.96161443
1591008908.41417265,0.12587772,-0.28522405,0.97349119
1591008908.42651916,0.13568300,-0.29556102,0.98435712
1591008908.43809199,0.13974422,-0.30455247,0.99345422
1591008908.45048404,0.14499301,-0.30107948,0.99395967
1591008908.46231484,0.15180036,-0.30110657,1.00836337
1591008908.47472572,0.15584907,-0.31118450,1.01442814
1591008908.48629689,0.15493317,-0.33361331,1.01771307
1591008908.49865222,0.16114882,-0.33466363,0.99547577
1591008908.51020670,0.16977814,-0.32154936,0.97020614
1591008908.52254891,0.19180843,-0.31214887,0.95352817
1591008908.53410959,0.20732728,-0.30843508,0.94493645
1591008908.54644465,0.20612034,-0.32084495,0.95251739
1591008908.55831885,0.20954955,-0.33725038,0.97854519
1591008908.57069659,0.21304333,-0.34783718,1.00330949
1591008908.58225989,0.20681056,-0.36412448,1.02251434
1591008908.59463382,0.20835209,-0.38877618,1.02529407
1591008908.60618711,0.21590513,-0.39707670,1.03085339
1591008908.61861777,0.20432892,-0.38925815,1.01569164
1591008908.63025951,0.20629063,-0.38537171,0.99926627
1591008908.64261627,0.19627851,-0.37551653,0.99269617
1591008908.65422487,0.18530449,-0.35963812,0.99497044
1591008908.66658473,0.17578551,-0.34584609,1.00811064
1591008908.67814422,0.17097309,-0.33030394,1.02125084
1591008908.69048858,0.16798830,-0.30954328,1.03034794
1591008908.70231247,0.16709793,-0.29351488,1.02984262
1591008908.71473455,0.17773616,-0.27810481,1.02226174
1591008908.72630978,0.18220788,-0.25853083,1.01164842
1591008908.73865986,0.18325296,-0.24274802,1.00179327
1591008908.75022054,0.17819020,-0.22655617,0.98435712
1591008908.76263666,0.17173633,-0.20800968,0.96035093
1591008908.77421355,0.16337365,-0.20465957,0.94923228
1591008908.78689218,0.16276059,-0.21465124,0.94443107
1591008908.79819369,0.16184190,-0.21991064,0.94923228
1591008908.81053138,0.16294485,-0.21494660,0.95453900
1591008908.82214332,0.16100976,-0.20735507,0.96211988
1591008908.83449125,0.16854906,-0.20955957,0.97980869
1591008908.84615350,0.16734746,-0.20499076,1.00634181
1591008908.85864401,0.16035864,-0.20074935,1.02504134
1591008908.87018132,0.15146568,-0.18911679,1.01796579
1591008908.88256240,0.13831010,-0.18172105,0.99673927
1591008908.89412904,0.12457862,-0.19221751,0.97349119
1591008908.90655589,0.09472086,-0.21037796,0.96717381
1591008908.91829920,0.06807762,-0.22493336,0.98208296
1591008908.93047237,0.02630523,-0.24267477,1.04677331
1591008908.94230652,-0.00479714,-0.26225731,1.10388267
1591008908.95472598,-0.00624498,-0.24583320,1.12384582
1591008908.96618533,-0.00859492,-0.18429734,1.10009229
1591008908.97855186,-0.01087983,-0.12636651,1.05511224
1591008908.99012303,-0.00415926,-0.10915668,1.01417542
1591008909.00252581,-0.00407532,-0.12548979,1.00179327
1591008909.01409459,0.00898622,-0.13733144,1.00811064
1591008909.02644944,0.00305482,-0.11672553,1.00154054
1591008909.03832173,-0.01255633,-0.07246244,1.00229859
1591008909.05068088,-0.02821601,-0.02829627,1.00002432
1591008909.06235957,-0.03444185,0.00992899,1.01366997
1591008909.07445240,-0.05067831,0.05406783,1.02984262
1591008909.08627439,-0.06176221,0.09601508,1.04626787
1591008909.09868431,-0.05552511,0.11945131,1.04247737
1591008909.11026382,-0.04966974,0.12317340,1.00937414
1591008909.12259960,-0.03880091,0.11556938,0.96641570
1591008909.13415766,-0.04693761,0.10973425,0.94897962
1591008909.14657021,-0.05502525,0.10270269,0.94923228
1591008909.15813899,-0.05613556,0.09880686,0.96313059
1591008909.17063737,-0.04910191,0.10134946,0.97879779
1591008909.18220353,-0.02932294,0.11210978,0.99016917
1591008909.19462562,-0.01208511,0.12051487,1.00482559
1591008909.20622230,0.00505956,0.12638748,1.02605212
1591008909.21864009,0.01705970,0.12422313,1.02579951
1591008909.23019600,0.02692965,0.11737576,0.99572849
1591008909.24253726,0.04933409,0.09898414,0.94190407
1591008909.25409460,0.06015046,0.08311468,0.91309667
1591008909.26652145,0.06620897,0.08260006,0.90020913
1591008909.27808475,0.05933960,0.09672105,0.91208589
1591008909.29049087,0.05166939,0.11101246,0.92977470
1591008909.30229759,0.05077551,0.11603296,0.95782399
1591008909.31463122,0.04299033,0.10882747,0.99269617
1591008909.32618833,0.03935447,0.10771629,1.00432026
1591008909.33852315,0.03119665,0.11863343,1.00381482
1591008909.35007787,0.04327029,0.12510943,0.99143267
1591008909.36269045,0.04003672,0.12193961,0.98738956
1591008909.37409091,0.03681011,0.12417893,0.99522316
1591008909.38644719,0.03867468,0.12722260,1.00608909
1591008909.39825773,0.03240785,0.13310207,1.01821852
1591008909.41059756,0.02843088,0.14573702,1.02175629
1591008909.42214441,0.03089380,0.15545103,1.01215386
1591008909.43447256,0.03022890,0.15909123,0.99850821
1591008909.44627976,0.02881340,0.16080570,0.98915839
1591008909.45861793,0.02931590,0.15566924,0.99016917
1591008909.47020650,0.03624827,0.14875355,0.99724472
1591008909.48255801,0.03972392,0.14277181,0.99598122
1591008909.49411726,0.04921208,0.13208988,0.98764217
1591008909.50644398,0.07024959,0.12141138,0.97475469
1591008909.51826477,0.07608290,0.12326902,0.95378083
1591008909.53061199,0.07563567,0.13492586,0.93508130
1591008909.54216075,0.07077387,0.14384225,0.93129086
1591008909.55449200,0.06599982,0.14903668,0.92472076
1591008909.56632233,0.06059442,0.15522633,0.93558663
1591008909.57869291,0.05138594,0.16617751,0.94342029
1591008909.59026742,0.04984629,0.17717297,0.96388870
1591008909.60260963,0.05834699,0.19340722,0.97248042
1591008909.61416936,0.05817711,0.19369690,0.98056674
1591008909.62660813,0.05551292,0.20338699,0.98486257
1591008909.63817644,0.05779304,0.20523088,1.00002432
1591008909.65051579,0.05591188,0.20291315,1.00709987
1591008909.66207075,0.04930186,0.19504994,1.00482559
1591008909.67476559,0.03967872,0.19764380,0.98814762
1591008909.68615055,0.03338434,0.21502677,0.97096431
1591008909.69855857,0.02645844,0.21866697,0.95731860
1591008909.71015930,0.03776547,0.20939277,0.93634480
1591008909.72276831,0.04721728,0.22391942,0.92724770
1591008909.73434210,0.05232465,0.23982307,0.92851120
1591008909.74648905,0.04937209,0.23846647,0.94468379
1591008909.75812936,0.04879403,0.22093692,0.97803974
1591008909.77048993,0.04182070,0.19425921,1.00154054
1591008909.78219366,0.02574240,0.18858077,1.00811064
1591008909.79460168,0.02536738,0.17666504,0.99572849
1591008909.80615830,0.01469336,0.16697150,0.99598122
1591008909.81842923,0.02570786,0.16767024,0.99648654
1591008909.83035541,0.03991038,0.18464071,0.99143267
1591008909.84255624,0.03845114,0.20357788,0.98132479
1591008909.85444117,0.02814402,0.21358499,0.97526002
1591008909.86662340,0.02631460,0.21323738,0.95479167
1591008909.87832642,0.02178720,0.20060927,0.94215685
1591008909.89044905,0.01712149,0.18147786,0.94240952
1591008909.90227103,0.01485121,0.17227857,0.94695801
1591008909.91462111,0.00419327,0.17640951,0.96009827
1591008909.92632747,-0.00563201,0.19936164,0.99219084
1591008909.93870330,-0.02011795,0.22284552,1.01442814
1591008909.95027161,-0.01493765,0.23618254,1.03186417
1591008909.96267867,0.01075470,0.24314600,1.01493347
1591008909.97424364,0.04408780,0.27009979,0.98183012
1591008909.98645902,0.03812100,0.30468842,0.95074850
1591008909.99829197,0.00137033,0.34491792,0.92724770
1591008910.01062608,-0.00129396,0.36562747,0.92017215
1591008910.02223921,0.02109804,0.37593448,0.92648959
1591008910.03459787,0.01824673,0.39263913,0.91739255
1591008910.04615378,0.01817900,0.38789114,0.93811363
1591008910.05849886,0.01872776,0.36859265,0.96388870
1591008910.07007217,0.00969020,0.35743001,0.98688412
1591008910.08245754,0.01562539,0.34434506,1.00962687
1591008910.09409952,0.02919033,0.33377555,1.03060067
1591008910.10644531,0.04797401,0.32536012,1.04753137
1591008910.11811662,0.06708351,0.31531894,1.04525709
1591008910.13051128,0.07607765,0.31558487,1.03135872
1591008910.14207339,0.08634388,0.32599419,1.00886869
1591008910.15468407,0.07921883,0.33364281,0.97475469
1591008910.16625285,0.08456528,0.32371077,0.95251739
1591008910.17867541,0.08458424,0.31130758,0.94468379
1591008910.19029951,0.07696764,0.31331509,0.95681316
1591008910.20247102,0.08064273,0.32669303,0.97349119
1591008910.21437216,0.07321312,0.34372488,0.97627091
1591008910.22646117,0.07380284,0.35801974,0.97146964
1591008910.23828650,0.06804301,0.36480245,0.98031402
1591008910.25061679,0.07500437,0.36516032,0.98713684
1591008910.26216817,0.09765515,0.36192575,0.97980869
1591008910.27450371,0.11435397,0.36511952,0.95201200
1591008910.28609872,0.12942508,0.37195688,0.92396265
1591008910.29844332,0.13420624,0.37227744,0.87317055
1591008910.31008101,0.11657287,0.37256047,0.83652955
1591008910.32245016,0.10838538,0.37484759,0.79862499
1591008910.33426762,0.09171870,0.39813387,0.79761428
1591008910.34660482,0.03395435,0.42802218,0.81328142
1591008910.35818172,-0.01381933,0.44819981,0.85194403
1591008910.37057042,-0.02758555,0.44381320,0.85699797
1591008910.38212895,-0.01529562,0.45182297,0.84309965
1591008910.39457846,-0.00473359,0.45184350,0.81580836
1591008910.40615916,0.00051533,0.41990337,0.79331839
1591008910.41849470,-0.01001713,0.37582925,0.79837233
1591008910.43015122,-0.02971365,0.33913422,0.82364202
1591008910.44243550,-0.04981910,0.32245678,0.85017520
1591008910.45427799,-0.07816776,0.31978786,0.89515519
1591008910.46671534,-0.09762651,0.32283482,0.93735558
1591008910.47823691,-0.10313807,0.33985296,0.95832944
1591008910.49049377,-0.10181156,0.35820046,0.94569451
1591008910.50208664,-0.10198317,0.35195294,0.92244649
1591008910.51444530,-0.10214517,0.33109012,0.90096724
1591008910.52629137,-0.11661302,0.31446728,0.90854818
1591008910.53865790,-0.14319868,0.31382647,0.92042488
1591008910.55023074,-0.14451078,0.31666905,0.93053275
1591008910.56257391,-0.13629283,0.32122266,0.93583941
1591008910.57417512,-0.12832311,0.34006774,0.94089335
1591008910.58654022,-0.14766519,0.36562058,0.94721073
1591008910.59831405,-0.15771972,0.37212041,0.93887174
1591008910.61045241,-0.14979091,0.36737254,0.92370993
1591008910.62203860,-0.13352796,0.36133295,0.89212286
1591008910.63473535,-0.11415202,0.33624715,0.87266517
1591008910.64607239,-0.10067928,0.31357095,0.88479465
1591008910.65866709,-0.10839924,0.31130424,0.91334939
1591008910.67037106,-0.11920357,0.31154957,0.94468379
1591008910.68261957,-0.14065641,0.32201338,0.95706594
1591008910.69418478,-0.14815593,0.33310089,0.96237254
1591008910.70664787,-0.13802244,0.33458015,0.94392568
1591008910.71823740,-0.12336422,0.33099464,0.92067754
1591008910.73059273,-0.10534652,0.32946089,0.90425229
1591008910.74223185,-0.10079877,0.33683667,0.91107512
1591008910.75458407,-0.11219788,0.35573629,0.91511822
1591008910.76628876,-0.13586253,0.37210348,0.90779001
1591008910.77851939,-0.13625067,0.36004126,0.87569749
1591008910.79011583,-0.13910711,0.35586944,0.84537393
1591008910.80252266,-0.15071282,0.35620353,0.83021212
1591008910.81408906,-0.17219432,0.35715437,0.85295480
1591008910.82646847,-0.20316219,0.36365408,0.89844030
1591008910.83829761,-0.22591296,0.37449265,0.94872695
1591008910.85064578,-0.24161346,0.37737614,0.95807666
1591008910.86222386,-0.25255483,0.36523551,0.92295182
1591008910.87475395,-0.25545999,0.33184692,0.86003035
1591008910.88611388,-0.28920829,0.28667197,0.82717973
1591008910.89856958,-0.33314371,0.28389409,0.83829838
1591008910.91016030,-0.34943342,0.28935769,0.86710584
1591008910.92251945,-0.37023845,0.30945358,0.88934314
1591008910.93407917,-0.37561479,0.32183623,0.92446798
1591008910.94647145,-0.39487201,0.35093030,0.95934016
1591008910.95831609,-0.42622706,0.37788728,0.99345422
1591008910.97047997,-0.43342710,0.39108115,1.00457299
1591008910.98211455,-0.42482454,0.40001804,1.00937414
1591008910.99451447,-0.41175368,0.41168848,0.99042189
1591008911.00617218,-0.39234897,0.40036929,0.95352817
1591008911.01853418,-0.39528948,0.38861725,0.90223074
1591008911.03008533,-0.40476906,0.35436967,0.87317055
1591008911.04268575,-0.40895790,0.30911627,0.85522908
1591008911.05424643,-0.42753923,0.27390394,0.85750341
1591008911.06659794,-0.45668313,0.25340569,0.88757432
1591008911.07815981,-0.45778754,0.24715456,0.92269915
1591008911.09050894,-0.44665590,0.25975534,0.95378083
1591008911.10212803,-0.43818721,0.28591824,0.97121692
1591008911.11446929,-0.41913679,0.31428987,0.96565759
1591008911.12620068,-0.39755431,0.33962464,0.94013524
1591008911.13855386,-0.38800359,0.33784223,0.89692402
1591008911.15012240,-0.38615990,0.31321657,0.85548180
1591008911.16247296,-0.39990845,0.28865221,0.83981460
1591008911.17436171,-0.40396094,0.26151109,0.83602411
1591008911.18644977,-0.41760942,0.24730480,0.84815359
1591008911.19830942,-0.44391283,0.25368521,0.89136475
1591008911.21066070,-0.45999584,0.28140560,0.94721073
1591008911.22223401,-0.47378612,0.29890767,0.98612607
1591008911.23457026,-0.48540840,0.30788544,0.97222769
1591008911.24614191,-0.48368427,0.31429338,0.92522609
1591008911.25848866,-0.47274545,0.30255488,0.90955889
1591008911.27011943,-0.47796261,0.28457201,0.93786097
1591008911.28247595,-0.50905669,0.31543180,0.93103814
1591008911.29431248,-0.51091838,0.33836034,0.88732159
1591008911.30670238,-0.51124859,0.33277744,0.85623991
1591008911.31826639,-0.52749217,0.31865636,0.86230463
1591008911.33061528,-0.52421206,0.29314774,0.88656348
1591008911.34217191,-0.50209081,0.27198491,0.90652657
1591008911.35451770,-0.47764733,0.29040396,0.88807964
1591008911.36626387,-0.46977940,0.32338381,0.86887473
1591008911.37857413,-0.46063751,0.33739242,0.85143864
1591008911.39014649,-0.45990476,0.32012540,0.85750341
1591008911.40249658,-0.44072950,0.30121210,0.87165439
1591008911.41406369,-0.43226299,0.29277626,0.87999338
1591008911.42667556,-0.42485347,0.27629665,0.85800874
1591008911.43823528,-0.43645626,0.25421712,0.82768518
1591008911.45057273,-0.44965330,0.24567571,0.79761428
1591008911.46214223,-0.44819313,0.23828974,0.78649557
1591008911.47449589,-0.44638336,0.23643211,0.80746943
1591008911.48631716,-0.44014806,0.22080779,0.86382079
1591008911.49867272,-0.44243085,0.20681614,0.89439708
1591008911.51030040,-0.45374966,0.20621279,0.91006434
1591008911.52266002,-0.46746773,0.20818277,0.93634480
1591008911.53421593,-0.48166096,0.22526219,0.98309362
1591008911.54656148,-0.49595317,0.22924650,1.01240647
1591008911.55813789,-0.50465786,0.21742956,1.01164842
1591008911.57049680,-0.51464164,0.20983230,0.97753429
1591008911.58209801,-0.50095463,0.20252138,0.93811363
1591008911.59459043,-0.49672884,0.20885086,0.92396265
1591008911.60626531,-0.48455611,0.20773631,0.92219377
1591008911.61852646,-0.48540100,0.22028604,0.93179619
1591008911.63013768,-0.49243927,0.24326891,0.94089335
1591008911.64261079,-0.49212986,0.24352118,0.92724770
1591008911.65419173,-0.50404012,0.25448608,0.91688710
1591008911.66653800,-0.51244569,0.26895818,0.90880084
1591008911.67810082,-0.50001949,0.28088772,0.88504732
1591008911.69044971,-0.49210805,0.27423459,0.86483163
1591008911.70239329,-0.49872312,0.26254377,0.85725069
1591008911.71472692,-0.51287836,0.24942139,0.85826147
1591008911.72618437,-0.53095818,0.24709335,0.87898260
1591008911.73850250,-0.54881084,0.26222664,0.88555270
1591008911.75023460,-0.55830598,0.28316790,0.89212286
1591008911.76267886,-0.54229814,0.28801468,0.90096724
1591008911.77424955,-0.51917863,0.28447673,0.90374690
1591008911.78659439,-0.48730460,0.27164072,0.88150954
1591008911.79823375,-0.46753579,0.25178337,0.86382079
1591008911.81049824,-0.45489123,0.22749507,0.85649258
1591008911.82208610,-0.47296104,0.22644180,0.88049877
1591008911.83470082,-0.49947158,0.24026623,0.91132778
1591008911.84630585,-0.52340353,0.25656855,0.93659747
1591008911.85865474,-0.53644955,0.27348110,0.93710291
1591008911.87024164,-0.52011716,0.26711759,0.92497343
1591008911.88257837,-0.49964213,0.25564155,0.91789788
1591008911.89416456,-0.47698146,0.24749544,0.91638172
1591008911.90645599,-0.46245059,0.24640131,0.92320448
1591008911.91830611,-0.46711037,0.25314993,0.92370993
1591008911.93065500,-0.47413531,0.24965292,0.92573148
1591008911.94220543,-0.47815409,0.25398159,0.92623693
1591008911.95454788,-0.46197280,0.27200875,0.89262825
1591008911.96611118,-0.41834846,0.30071455,0.85396564
1591008911.97846031,-0.40174720,0.32897708,0.85042787
1591008911.99006724,-0.39222434,0.32967225,0.89136475
1591008912.00265956,-0.40404883,0.30080625,0.94645262
1591008912.01427460,-0.44133881,0.28271770,0.99016917
1591008912.02663612,-0.43915680,0.28149748,0.98587334
1591008912.03818703,-0.42356873,0.29864189,0.96414143
1591008912.05053067,-0.40703490,0.31124288,0.92345726
1591008912.06208277,-0.37384239,0.28747270,0.90652657
1591008912.07469440,-0.36515167,0.26186183,0.92370993
1591008912.08626747,-0.37640205,0.25702867,0.95049578
1591008912.09861207,-0.37811375,0.26751292,0.95352817
1591008912.11019707,-0.37768874,0.26188219,0.95024312
1591008912.12254143,-0.36433434,0.25052536,0.96338338
1591008912.13410211,-0.34306762,0.23529646,0.99446511
1591008912.14644456,-0.33045322,0.22303641,1.01089036
1591008912.15825629,-0.32653326,0.20874147,1.01569164
1591008912.17059708,-0.31958294,0.19612360,1.00735259
1591008912.18215775,-0.30632898,0.19377522,1.00154054
1591008912.19451237,-0.29745430,0.20276327,0.97399664
1591008912.20606780,-0.28448001,0.21896012,0.94291484
1591008912.21849179,-0.26841152,0.24056274,0.91031700
1591008912.23006582,-0.22941732,0.24215791,0.89869297
1591008912.24266410,-0.19120684,0.21987712,0.90349424
1591008912.25422454,-0.18748087,0.19519334,0.93937713
1591008912.26656938,-0.17598811,0.16869624,0.97298574
1591008912.27812815,-0.16784693,0.16092157,0.99598122
1591008912.29047823,-0.16610509,0.17310321,0.99446511
1591008912.30229259,-0.17315394,0.19276980,0.97980869
1591008912.31467986,-0.15734273,0.19435129,0.98637879
1591008912.32627797,-0.14648592,0.18910226,1.01190114
1591008912.33863282,-0.15339336,0.18809673,1.02605212
1591008912.35019946,-0.16133575,0.18332838,1.02024007
1591008912.36254621,-0.17098342,0.18576884,1.01089036
1591008912.37414646,-0.17528942,0.20375848,0.99143267
1591008912.38657832,-0.15227720,0.22266164,0.95504433
1591008912.39819288,-0.15311846,0.24457771,0.95251739
1591008912.41052985,-0.16844609,0.24957779,0.97197509
1591008912.42216444,-0.17779517,0.23875946,0.98410439
1591008912.43452597,-0.18265496,0.24138394,0.98031402
1591008912.44608712,-0.17685580,0.25320444,0.94064057
1591008912.45869851,-0.12764454,0.25260815,0.87544483
1591008912.47026730,-0.09527445,0.25604054,0.85219669
1591008912.48261213,-0.08508781,0.24030384,0.87923527
1591008912.49417257,-0.08266517,0.20307015,0.94139868
1591008912.50653625,-0.10427003,0.18640630,0.98562074
1591008912.51814508,-0.09538777,0.17792276,0.98587334
1591008912.53064370,-0.07523897,0.18517944,0.93659747
1591008912.54218364,-0.06869253,0.20288286,0.88656348
1591008912.55462027,-0.06519532,0.21214703,0.84941703
1591008912.56622815,-0.04884108,0.20122312,0.84107810
1591008912.57868958,-0.02538124,0.19372456,0.85447097
1591008912.59026766,-0.01643893,0.20303974,0.85674530
1591008912.60262060,-0.01547801,0.21604286,0.85346019
1591008912.61425304,-0.01734734,0.22405940,0.84840626
1591008912.62660432,-0.02428585,0.22819722,0.85244948
1591008912.63819361,-0.01831502,0.22649291,0.88403654
