1591008898.31026864,0.52423058,-0.16594067,-0.02385341
1591008898.32259107,0.52679622,-0.14226353,-0.02252173
1591008898.33421659,0.53030084,-0.11913443,-0.02254442
1591008898.34666395,0.53448963,-0.09696875,-0.02409078
1591008898.35826683,0.53859988,-0.07645240,-0.02667212
1591008898.37045908,0.54220399,-0.05791526,-0.02938611
1591008898.38231397,0.54532812,-0.04132067,-0.03182259
1591008898.39470983,0.54822363,-0.02653424,-0.03392396
1591008898.40632772,0.55118894,-0.01358564,-0.03619289
1591008898.41870189,0.55445271,-0.00271224,-0.03886499
1591008898.43009734,0.55808474,0.00590270,-0.04199611
1591008898.44245028,0.56190003,0.01224523,-0.04541172
1591008898.45428658,0.56564027,0.01661728,-0.04871214
1591008898.46666551,0.56911871,0.01969779,-0.05132315
1591008898.47827744,0.57239120,0.02223375,-0.05289220
1591008898.49063778,0.57556246,0.02467372,-0.05388879
1591008898.50221515,0.57866391,0.02729869,-0.05492377
1591008898.51458812,0.58167461,0.03015056,-0.05625545
1591008898.52618527,0.58451775,0.03304955,-0.05780705
1591008898.53855491,0.58716018,0.03589095,-0.05949478
1591008898.55013108,0.58967345,0.03823667,-0.06125931
1591008898.56249142,0.59223036,0.03970973,-0.06299591
1591008898.57432890,0.59480646,0.04017748,-0.06453355
1591008898.58647895,0.59730927,0.03980921,-0.06555108
1591008898.59812808,0.59973702,0.03879343,-0.06611133
1591008898.61048961,0.60210892,0.03745826,-0.06620208
1591008898.62209749,0.60447908,0.03611610,-0.06581811
1591008898.63445783,0.60689461,0.03496942,-0.06519154
1591008898.64628434,0.60935553,0.03413864,-0.06430491
1591008898.65862370,0.61179550,0.03380354,-0.06298719
1591008898.67020082,0.61417438,0.03399552,-0.06136229
1591008898.68258047,0.61650789,0.03500258,-0.05945639
1591008898.69416738,0.61879950,0.03658908,-0.05733058
1591008898.70656085,0.62114174,0.03860319,-0.05486443
1591008898.71811676,0.62348222,0.04083547,-0.05211379
1591008898.73046231,0.62591172,0.04335747,-0.04924621
1591008898.74231553,0.62861873,0.04573461,-0.04695808
1591008898.75474095,0.63160499,0.04778013,-0.04545361
1591008898.76631594,0.63455459,0.04938060,-0.04440118
1591008898.77868438,0.63713244,0.05075767,-0.04354422
1591008898.79031062,0.63939264,0.05179788,-0.04280595
1591008898.80269694,0.64145039,0.05222549,-0.04233820
1591008898.81428123,0.64333534,0.05201256,-0.04235216
1591008898.82646656,0.64490789,0.05157273,-0.04283911
1591008898.83831120,0.64607551,0.05150292,-0.04331733
1591008898.85070539,0.64710002,0.05215044,-0.04346568
1591008898.86229897,0.64813674,0.05334250,-0.04325973
1591008898.87468290,0.64931310,0.05488537,-0.04284783
1591008898.88628364,0.65073205,0.05651376,-0.04232598
1591008898.89865994,0.65222954,0.05797809,-0.04171337
1591008898.91023803,0.65372703,0.05921553,-0.04093670
1591008898.92258501,0.65512679,0.06048613,-0.04011465
1591008898.93417406,0.65636946,0.06214768,-0.03937463
1591008898.94659138,0.65762610,0.06448992,-0.03881438
1591008898.95817995,0.65887576,0.06740462,-0.03845833
1591008898.97063470,0.66001895,0.07061951,-0.03833441
1591008898.98220682,0.66103647,0.07391644,-0.03820700
1591008898.99446583,0.66193532,0.07693586,-0.03785096
1591008899.00631857,0.66282718,0.07939677,-0.03738146
1591008899.01869702,0.66375744,0.08104436,-0.03696433
1591008899.03028750,0.66467723,0.08208458,-0.03653847
1591008899.04264235,0.66547834,0.08265530,-0.03599218
1591008899.05422211,0.66608222,0.08310734,-0.03519456
1591008899.06658745,0.66635973,0.08369552,-0.03422940
1591008899.07815289,0.66645572,0.08451233,-0.03306352
1591008899.09056759,0.66648539,0.08547401,-0.03174405
1591008899.10215664,0.66646794,0.08661371,-0.03032859
1591008899.11448359,0.66654124,0.08782322,-0.02873859
1591008899.12632394,0.66671403,0.08918807,-0.02705609
1591008899.13870049,0.66695488,0.09079377,-0.02538058
1591008899.15028834,0.66737027,0.09272411,-0.02368412
1591008899.16264343,0.66794274,0.09473996,-0.02220233
1591008899.17422175,0.66861295,0.09660397,-0.02112721
1591008899.18659639,0.66938962,0.09817826,-0.02041512
1591008899.19826555,0.67028497,0.09941395,-0.02009049
1591008899.21064901,0.67132868,0.10025695,-0.02046399
1591008899.22222304,0.67246140,0.10046290,-0.02187945
1591008899.23458409,0.67387337,0.09984854,-0.02441017
1591008899.24617338,0.67559950,0.09856747,-0.02742785
1591008899.25855017,0.67753158,0.09668600,-0.03020118
1591008899.27010942,0.67958932,0.09445198,-0.03233572
1591008899.28245878,0.68157900,0.09260193,-0.03350858
1591008899.29410219,0.68336971,0.09144304,-0.03384019
1591008899.30646229,0.68502428,0.09100321,-0.03360806
1591008899.31828284,0.68664394,0.09105208,-0.03295007
1591008899.33064246,0.68831597,0.09109746,-0.03192731
1591008899.34221721,0.69013984,0.09084788,-0.03041585
1591008899.35457659,0.69232674,0.09017767,-0.02850646
1591008899.36614656,0.69466897,0.08900132,-0.02638589
1591008899.37849975,0.69681398,0.08721759,-0.02419550
1591008899.39008093,0.69860119,0.08514938,-0.02198940
1591008899.40247726,0.69999920,0.08320508,-0.01975887
1591008899.41408443,0.70108131,0.08177042,-0.01731890
1591008899.42668939,0.70195572,0.08102517,-0.01463633
1591008899.43827844,0.70287027,0.08084365,-0.01181762
1591008899.45063972,0.70399950,0.08096233,-0.00897623
1591008899.46219039,0.70532769,0.08109847,-0.00604582
1591008899.47457433,0.70679552,0.08111767,-0.00305433
1591008899.48615408,0.70837329,0.08087158,-0.00022864
1591008899.49852610,0.70985333,0.08041430,0.00226544
1591008899.51009846,0.71113615,0.07988547,0.00431794
1591008899.52270508,0.71209259,0.07929205,0.00592888
1591008899.53426647,0.71261968,0.07873180,0.00713491
1591008899.54659915,0.71292511,0.07835481,0.00808437
1591008899.55819392,0.71315899,0.07818726,0.00871792
1591008899.57055879,0.71355343,0.07826754,0.00875108
1591008899.58214736,0.71410670,0.07851189,0.00824319
1591008899.59469938,0.71478738,0.07885747,0.00762185
1591008899.60608554,0.71559721,0.07934441,0.00713491
1591008899.61869693,0.71641228,0.07994132,0.00670555
1591008899.63027906,0.71725527,0.08061850,0.00643328
1591008899.64270234,0.71804765,0.08124508,0.00626224
1591008899.65430832,0.71876847,0.08173726,0.00609644
1591008899.66666222,0.71956958,0.08215963,0.00574911
1591008899.67824769,0.72036894,0.08239874,0.00530056
1591008899.69059777,0.72115957,0.08249822,0.00491485
1591008899.70221233,0.72199908,0.08255233,0.00461291
1591008899.71458268,0.72285429,0.08259945,0.00445757
1591008899.72615147,0.72377931,0.08265181,0.00441917
1591008899.73847914,0.72483524,0.08289965,0.00448201
1591008899.75013328,0.72603777,0.08331678,0.00457276
1591008899.76248360,0.72723681,0.08362047,0.00463210
1591008899.77407265,0.72831193,0.08392067,0.00454484
1591008899.78669381,0.72903799,0.08419119,0.00432842
1591008899.79824901,0.72942196,0.08434478,0.00398284
1591008899.81060863,0.72966107,0.08426101,0.00358316
1591008899.82217693,0.72982164,0.08402364,0.00311018
1591008899.83457112,0.73000839,0.08374090,0.00265116
1591008899.84614563,0.73025449,0.08350004,0.00222006
1591008899.85849857,0.73063322,0.08339358,0.00177849
1591008899.87009001,0.73116206,0.08340405,0.00121999
1591008899.88246560,0.73177641,0.08344943,0.00067893
1591008899.89431095,0.73243789,0.08350702,0.00022166
1591008899.90667462,0.73316046,0.08356636,-0.00013963
1591008899.91822720,0.73388652,0.08350179,-0.00038048
1591008899.93054843,0.73446597,0.08341103,-0.00052011
1591008899.94208622,0.73490753,0.08329060,-0.00071558
1591008899.95473146,0.73525660,0.08318937,-0.00100182
1591008899.96627259,0.73549396,0.08332376,-0.00147480
1591008899.97858119,0.73557076,0.08363618,-0.00220435
1591008899.99013448,0.73551142,0.08421737,-0.00291994
1591008900.00244761,0.73537005,0.08471828,-0.00367043
1591008900.01424098,0.73521646,0.08502197,-0.00437729
1591008900.02655792,0.73507858,0.08524712,-0.00511032
1591008900.03809357,0.73501749,0.08536754,-0.00588001
1591008900.05067301,0.73509777,0.08555779,-0.00662702
1591008900.06219888,0.73523391,0.08598190,-0.00732689
1591008900.07451940,0.73541891,0.08645663,-0.00794299
1591008900.08609056,0.73560392,0.08685107,-0.00851372
1591008900.09869909,0.73576798,0.08705353,-0.00896401
1591008900.11008763,0.73593902,0.08711811,-0.00929039
1591008900.12267017,0.73598789,0.08700641,-0.00948237
1591008900.13420963,0.73599487,0.08683188,-0.00962549
1591008900.14652705,0.73617464,0.08673763,-0.00979653
1591008900.15808296,0.73662319,0.08679348,-0.00987507
1591008900.17065215,0.73730213,0.08675857,-0.01004786
1591008900.18222117,0.73818003,0.08660324,-0.01041263
1591008900.19455600,0.73905269,0.08622101,-0.01091354
1591008900.20622802,0.73970195,0.08574279,-0.01143016
1591008900.21861744,0.73998121,0.08526282,-0.01184031
1591008900.23014164,0.73998993,0.08503942,-0.01205324
1591008900.24244666,0.73982936,0.08524886,-0.01206895
1591008900.25423288,0.73963214,0.08599412,-0.01197296
1591008900.26655722,0.73949426,0.08694009,-0.01186649
1591008900.27809477,0.73944364,0.08776563,-0.01183508
1591008900.29067206,0.73942968,0.08820894,-0.01180890
1591008900.30220985,0.73940874,0.08782322,-0.01171116
1591008900.31456661,0.73950822,0.08670272,-0.01124690
1591008900.32610321,0.73971941,0.08497485,-0.01054353
1591008900.33867526,0.74012432,0.08326268,-0.00995012
1591008900.35021520,0.74075439,0.08172679,-0.00940034
1591008900.36252260,0.74150837,0.08043001,-0.00886802
1591008900.37406659,0.74233042,0.07933394,-0.00820130
1591008900.38664651,0.74315945,0.07835830,-0.00747699
1591008900.39820576,0.74400419,0.07755545,-0.00682947
1591008900.41064239,0.74474072,0.07710516,-0.00632507
1591008900.42212176,0.74548074,0.07718020,-0.00593761
1591008900.43446565,0.74617712,0.07740012,-0.00581893
1591008900.44625282,0.74685431,0.07765493,-0.00610167
1591008900.45863533,0.74756641,0.07817853,-0.00663749
1591008900.47019982,0.74826105,0.07851713,-0.00735133
1591008900.48253512,0.74893300,0.07878067,-0.00793427
1591008900.49410152,0.74948976,0.07888539,-0.00836013
1591008900.50665593,0.74996100,0.07893252,-0.00882089
1591008900.51810861,0.75042351,0.07912450,-0.00956440
1591008900.53048849,0.75100820,0.07956607,-0.01079137
1591008900.54231477,0.75171331,0.08008792,-0.01246514
1591008900.55469346,0.75239922,0.08044397,-0.01424712
1591008900.56627321,0.75292108,0.08063421,-0.01576556
1591008900.57861996,0.75344817,0.08040383,-0.01690700
1591008900.59020162,0.75399620,0.07982089,-0.01782330
1591008900.60256290,0.75425974,0.07916988,-0.01857205
1591008900.61417389,0.75437319,0.07866199,-0.01923353
1591008900.62658286,0.75438192,0.07858170,-0.01985137
1591008900.63816953,0.75430687,0.07907040,-0.02031214
1591008900.65053821,0.75438715,0.08009316,-0.02074149
1591008900.66210580,0.75464546,0.08159414,-0.02123891
1591008900.67447162,0.75492821,0.08330107,-0.02200162
1591008900.68630075,0.75513066,0.08493470,-0.02296155
1591008900.69863772,0.75517779,0.08636762,-0.02391974
1591008900.71020484,0.75511496,0.08783369,-0.02470863
1591008900.72262073,0.75501198,0.08932421,-0.02535265
1591008900.73423123,0.75498755,0.09059830,-0.02596352
1591008900.74658227,0.75508354,0.09151459,-0.02648363
1591008900.75814867,0.75524062,0.09208183,-0.02687109
1591008900.77048492,0.75543784,0.09232792,-0.02707180
1591008900.78231406,0.75562110,0.09254434,-0.02699501
1591008900.79475832,0.75595097,0.09314299,-0.02674019
1591008900.80609894,0.75644664,0.09440137,-0.02628815
1591008900.81851101,0.75706972,0.09571735,-0.02562143
1591008900.83009791,0.75780974,0.09642770,-0.02471037
1591008900.84270048,0.75860038,0.09617986,-0.02359162
1591008900.85425568,0.75934912,0.09457416,-0.02220757
1591008900.86658645,0.76000886,0.09166644,-0.02064026
1591008900.87817359,0.76064067,0.08786337,-0.01915499
1591008900.89055443,0.76116601,0.08353146,-0.01784774
1591008900.90212274,0.76160584,0.07905818,-0.01659808
1591008900.91446710,0.76221845,0.07460061,-0.01537286
1591008900.92610526,0.76290087,0.07059508,-0.01402198
1591008900.93854046,0.76359027,0.06735575,-0.01267633
1591008900.95010400,0.76432157,0.06470634,-0.01163611
1591008900.96247649,0.76491149,0.06267128,-0.01100430
1591008900.97408128,0.76536004,0.06137799,-0.01062382
1591008900.98669505,0.76566547,0.06067288,-0.01068840
1591008900.99824595,0.76580161,0.06031683,-0.01129577
1591008901.01074743,0.76579463,0.06000617,-0.01225745
1591008901.02232361,0.76566547,0.05970771,-0.01341286
1591008901.03457069,0.76537924,0.05948780,-0.01460317
1591008901.04616380,0.76499177,0.05959252,-0.01557357
1591008901.05857968,0.76461129,0.06003758,-0.01635548
1591008901.07017422,0.76427968,0.06069906,-0.01712343
1591008901.08254695,0.76393934,0.06143035,-0.01788090
1591008901.09411621,0.76351173,0.06240425,-0.01880243
1591008901.10647678,0.76268270,0.06343399,-0.01997529
1591008901.11810255,0.76137196,0.06478837,-0.02136632
1591008901.13063717,0.75980640,0.06631728,-0.02298599
1591008901.14223981,0.75806805,0.06809228,-0.02457424
1591008901.15458608,0.75613074,0.06988647,-0.02598795
1591008901.16623330,0.75414281,0.07165449,-0.02717303
1591008901.17861676,0.75228054,0.07344171,-0.02831099
1591008901.19020534,0.75055266,0.07518704,-0.02935295
1591008901.20262027,0.74877068,0.07703709,-0.03020641
1591008901.21421623,0.74699219,0.07909658,-0.03074397
1591008901.22664905,0.74562036,0.08126078,-0.03095690
1591008901.23824120,0.74462029,0.08324697,-0.03089931
1591008901.25059819,0.74364989,0.08502721,-0.03058864
1591008901.26217198,0.74270741,0.08659102,-0.03019071
1591008901.27460194,0.74177017,0.08783893,-0.02977881
1591008901.28617430,0.74078755,0.08874301,-0.02934597
1591008901.29855442,0.74005625,0.08933293,-0.02887996
1591008901.31011653,0.73954487,0.08965582,-0.02839476
1591008901.32246470,0.73897415,0.08981988,-0.02800904
1591008901.33415365,0.73831965,0.08984431,-0.02776121
1591008901.34655428,0.73766864,0.08975705,-0.02748195
1591008901.35812020,0.73710490,0.08954412,-0.02721143
1591008901.37046885,0.73652720,0.08939402,-0.02693043
1591008901.38230085,0.73598789,0.08935388,-0.02667910
1591008901.39474201,0.73557425,0.08935213,-0.02634051
1591008901.40632248,0.73528278,0.08940798,-0.02603682
1591008901.41870546,0.73510650,0.08955459,-0.02573313
1591008901.43026328,0.73504716,0.08967502,-0.02531426
1591008901.44261861,0.73526009,0.08972563,-0.02500708
1591008901.45420623,0.73562661,0.08976752,-0.02485872
1591008901.46654677,0.73593030,0.09014626,-0.02481160
1591008901.47810006,0.73617988,0.09075014,-0.02487443
1591008901.49046063,0.73646960,0.09155299,-0.02504547
1591008901.50228286,0.73681343,0.09248849,-0.02546784
1591008901.51463199,0.73714854,0.09344842,-0.02606126
1591008901.52624035,0.73746444,0.09425651,-0.02662849
1591008901.53863668,0.73774718,0.09498256,-0.02708926
1591008901.55025530,0.73800549,0.09557248,-0.02742261
1591008901.56260443,0.73827253,0.09616939,-0.02770361
1591008901.57417822,0.73855004,0.09686752,-0.02795319
1591008901.58653903,0.73879787,0.09758136,-0.02821848
1591008901.59810662,0.73896368,0.09810321,-0.02854835
1591008901.61045647,0.73897590,0.09849766,-0.02882062
1591008901.62228227,0.73885198,0.09876295,-0.02893232
1591008901.63473201,0.73861287,0.09889559,-0.02902832
1591008901.64633131,0.73830220,0.09922546,-0.02929361
1591008901.65868807,0.73812767,0.09986425,-0.02984164
1591008901.67024136,0.73803167,0.10085734,-0.03035302
1591008901.68259168,0.73788856,0.10180506,-0.03071256
1591008901.69416475,0.73773671,0.10253111,-0.03097785
1591008901.70651388,0.73759185,0.10311580,-0.03127106
1591008901.71810722,0.73743302,0.10347708,-0.03158348
1591008901.73046589,0.73731085,0.10380171,-0.03207217
1591008901.74207258,0.73720090,0.10423106,-0.03264115
1591008901.75469375,0.73721137,0.10500424,-0.03333055
1591008901.76626658,0.73733703,0.10601130,-0.03418227
1591008901.77862525,0.73731958,0.10700090,-0.03509334
1591008901.79020476,0.73721835,0.10777234,-0.03592586
1591008901.80255580,0.73724627,0.10817202,-0.03680725
1591008901.81411862,0.73737368,0.10817551,-0.03784397
1591008901.82646847,0.73750284,0.10793465,-0.03902731
1591008901.83810568,0.73765468,0.10765365,-0.04027522
1591008901.85046482,0.73770181,0.10739709,-0.04162785
1591008901.86228681,0.73771751,0.10733251,-0.04299968
1591008901.87464309,0.73798455,0.10772347,-0.04449368
1591008901.88623667,0.73856225,0.10831862,-0.04629486
1591008901.89861679,0.73922024,0.10901850,-0.04843812
1591008901.91020870,0.73982936,0.10954559,-0.05070880
1591008901.92256403,0.74050306,0.10994527,-0.05282414
1591008901.93413019,0.74127799,0.11000112,-0.05474923
1591008901.94654727,0.74201102,0.10959097,-0.05668655
1591008901.95812893,0.74275628,0.10878288,-0.05878967
1591008901.97047472,0.74369527,0.10787357,-0.06115634
1591008901.98209429,0.74483148,0.10689967,-0.06370801
1591008901.99450183,0.74602528,0.10615093,-0.06616194
1591008902.00610733,0.74757688,0.10511071,-0.06882880
1591008902.01852226,0.74959099,0.10462027,-0.07243640
1591008902.03013062,0.75146547,0.10409667,-0.07663043
1591008902.04247832,0.75300485,0.10360973,-0.08026071
1591008902.05432057,0.75433654,0.10296744,-0.08301833
1591008902.06670618,0.75558619,0.10204591,-0.08540943
1591008902.07826853,0.75674684,0.10120641,-0.08769058
1591008902.09061766,0.75766663,0.10069503,-0.08959997
1591008902.10218263,0.75841188,0.10054842,-0.09098750
1591008902.11462498,0.75904369,0.10052922,-0.09187064
1591008902.12622905,0.75947479,0.10051351,-0.09235410
1591008902.13865256,0.75955507,0.10025346,-0.09252688
1591008902.15029049,0.75936483,0.09979095,-0.09250769
1591008902.16269279,0.75900529,0.09903696,-0.09250420
1591008902.17427588,0.75849915,0.09815906,-0.09263335
1591008902.18662906,0.75788479,0.09727244,-0.09290039
1591008902.19820523,0.75723029,0.09652369,-0.09333672
1591008902.21056890,0.75645711,0.09594773,-0.09378876
1591008902.22214866,0.75568568,0.09571909,-0.09417273
1591008902.23450828,0.75520920,0.09564753,-0.09464048
1591008902.24610376,0.75498231,0.09548347,-0.09541715
1591008902.25855994,0.75471528,0.09518328,-0.09627760
1591008902.27013040,0.75427545,0.09449911,-0.09712932
1591008902.28248239,0.75385134,0.09376258,-0.09786410
1591008902.29432440,0.75344991,0.09324771,-0.09848718
1591008902.30668950,0.75311132,0.09305397,-0.09901776
1591008902.31825256,0.75288966,0.09339431,-0.09955009
1591008902.33061028,0.75250743,0.09395456,-0.10009812
1591008902.34222960,0.75196464,0.09436821,-0.10084687
1591008902.35461164,0.75149514,0.09461255,-0.10171779
1591008902.36620617,0.75105532,0.09464048,-0.10263932
1591008902.37856126,0.75065564,0.09464746,-0.10331826
1591008902.39013958,0.75046540,0.09448514,-0.10378600
1591008902.40249872,0.75058408,0.09424254,-0.10413158
1591008902.41409254,0.75095409,0.09408546,-0.10452602
1591008902.42644978,0.75138693,0.09404009,-0.10492745
1591008902.43829727,0.75178138,0.09399994,-0.10526953
1591008902.45045424,0.75202398,0.09393013,-0.10577044
1591008902.46230936,0.75211648,0.09366135,-0.10644938
1591008902.47468328,0.75208332,0.09330879,-0.10724350
1591008902.48626328,0.75192973,0.09296147,-0.10810918
1591008902.49861002,0.75188261,0.09247453,-0.10894345
1591008902.51020002,0.75195765,0.09209928,-0.10976376
1591008902.52256536,0.75209728,0.09187239,-0.11054392
1591008902.53413153,0.75229974,0.09160186,-0.11107624
1591008902.54647851,0.75264008,0.09124058,-0.11152479
1591008902.55809665,0.75310434,0.09080774,-0.11179532
1591008902.57050061,0.75343071,0.09033650,-0.11197334
1591008902.58208442,0.75361572,0.08982512,-0.11205537
1591008902.59447193,0.75367506,0.08922647,-0.11220547
1591008902.60631609,0.75360176,0.08853532,-0.11246902
1591008902.61866570,0.75354940,0.08763473,-0.11276747
1591008902.63024569,0.75355463,0.08641125,-0.11309384
1591008902.64260960,0.75345864,0.08459262,-0.11258595
1591008902.65424800,0.75372044,0.08276700,-0.11188084
1591008902.66663194,0.75423531,0.08099200,-0.11170282
1591008902.67818785,0.75469433,0.07889935,-0.11197509
1591008902.69055820,0.75473098,0.07630929,-0.11205712
1591008902.70212317,0.75417248,0.07348360,-0.11091393
1591008902.71448803,0.75350576,0.07031582,-0.10873925
1591008902.72606897,0.75276749,0.06335196,-0.11085459
1591008902.73870039,0.75044795,0.05777738,-0.11340800
1591008902.75026464,0.74702535,0.05381897,-0.11407297
1591008902.76261258,0.74305822,0.05012237,-0.11396825
1591008902.77419090,0.73893052,0.04729493,-0.11330852
1591008902.78656554,0.73528976,0.04515516,-0.11243935
1591008902.79812622,0.73242218,0.04344648,-0.11207806
1591008902.81048012,0.73018642,0.04245862,-0.11198207
1591008902.82232070,0.72840444,0.04194724,-0.11181277
1591008902.83468866,0.72671845,0.04188965,-0.11094185
1591008902.84625387,0.72534313,0.04224395,-0.10970092
1591008902.85866690,0.72422612,0.04244117,-0.10837971
1591008902.87025499,0.72330982,0.04223522,-0.10724699
1591008902.88260818,0.72264660,0.04183380,-0.10621899
1591008902.89418697,0.72217536,0.04133463,-0.10520496
1591008902.90656567,0.72177742,0.04069061,-0.10442829
1591008902.91812968,0.72140392,0.04001865,-0.10394483
1591008902.93047953,0.72118925,0.03941303,-0.10369525
1591008902.94230652,0.72110547,0.03883358,-0.10344741
1591008902.95445299,0.72124684,0.03847578,-0.10317863
1591008902.96627235,0.72173379,0.03858923,-0.10293777
1591008902.97861123,0.72249126,0.03903080,-0.10294825
1591008902.99018812,0.72341803,0.03993313,-0.10315769
1591008903.00255537,0.72447221,0.04142190,-0.10340901
1591008903.01413035,0.72557875,0.04343950,-0.10369874
1591008903.02661633,0.72641651,0.04555135,-0.10385931
1591008903.03821063,0.72712162,0.04710993,-0.10409318
1591008903.05063152,0.72792796,0.04789358,-0.10440036
1591008903.06224465,0.72872732,0.04812920,-0.10462376
1591008903.07460475,0.72939927,0.04804193,-0.10482971
1591008903.08617711,0.72984782,0.04786565,-0.10510722
1591008903.09855676,0.73005901,0.04784820,-0.10544407
1591008903.11012101,0.73013057,0.04797736,-0.10570238
1591008903.12247348,0.73010090,0.04824439,-0.10590309
1591008903.13431072,0.73012010,0.04879068,-0.10607239
1591008903.14669251,0.73027019,0.04936489,-0.10622772
1591008903.15831828,0.73054421,0.04980646,-0.10636560
1591008903.17050076,0.73088106,0.05016600,-0.10651395
1591008903.18213463,0.73118649,0.05046794,-0.10651221
1591008903.19448304,0.73132786,0.05047492,-0.10644240
1591008903.20609593,0.73133310,0.05031959,-0.10634117
1591008903.21855068,0.73123012,0.05009095,-0.10627833
1591008903.23012066,0.73103116,0.05003510,-0.10620154
1591008903.24246764,0.73086011,0.05020789,-0.10614569
1591008903.25432324,0.73077983,0.05062502,-0.10599210
1591008903.26646042,0.73063846,0.05106833,-0.10578615
1591008903.27831388,0.73046393,0.05158495,-0.10558020
1591008903.29048181,0.73034524,0.05212077,-0.10543709
1591008903.30226922,0.73026147,0.05262691,-0.10517354
1591008903.31450915,0.73035746,0.05303008,-0.10469183
1591008903.32623792,0.73065068,0.05331632,-0.10418045
1591008903.33863640,0.73091073,0.05350481,-0.10382615
1591008903.35011196,0.73109399,0.05364968,-0.10344916
1591008903.36252332,0.73130168,0.05386784,-0.10297792
1591008903.37410760,0.73157221,0.05427625,-0.10248748
1591008903.38646889,0.73199109,0.05482777,-0.10207733
1591008903.39831161,0.73256181,0.05543864,-0.10161656
1591008903.41048098,0.73300687,0.05588195,-0.10126400
1591008903.42207313,0.73331754,0.05614201,-0.10090272
1591008903.43471313,0.73357759,0.05636017,-0.10053096
1591008903.44629431,0.73379925,0.05637239,-0.10015397
1591008903.45864511,0.73393364,0.05613502,-0.09991312
1591008903.47018027,0.73396157,0.05584705,-0.09975080
1591008903.48257756,0.73394935,0.05567600,-0.09969844
1591008903.49415064,0.73387430,0.05560444,-0.09968797
1591008903.50656796,0.73368929,0.05560444,-0.09975255
1591008903.51815581,0.73340131,0.05565855,-0.09983109
1591008903.53049850,0.73301385,0.05570567,-0.09984854
1591008903.54210997,0.73258799,0.05576152,-0.09974208
1591008903.55454063,0.73221973,0.05588544,-0.09963736
1591008903.56621861,0.73193524,0.05611408,-0.09944537
1591008903.57862210,0.73173452,0.05644569,-0.09923768
1591008903.59028172,0.73158268,0.05675636,-0.09884672
1591008903.60268974,0.73151287,0.05717350,-0.09844704
1591008903.61425996,0.73147971,0.05760808,-0.09815034
1591008903.62659502,0.73153556,0.05800253,-0.09795137
1591008903.63816905,0.73160537,0.05837428,-0.09778382
1591008903.65054965,0.73155999,0.05868146,-0.09748187
1591008903.66210508,0.73151112,0.05887694,-0.09714852
1591008903.67457438,0.73162806,0.05885599,-0.09692686
1591008903.68616343,0.73186892,0.05870240,-0.09675058
1591008903.69849324,0.73191255,0.05842141,-0.09654463
1591008903.71031666,0.73187590,0.05826084,-0.09640152
1591008903.72269726,0.73185321,0.05827829,-0.09628109
1591008903.73425198,0.73182179,0.05831145,-0.09609085
1591008903.74659848,0.73192826,0.05835683,-0.09592330
1591008903.75815177,0.73209581,0.05821895,-0.09578192
1591008903.77054906,0.73223369,0.05804791,-0.09573829
1591008903.78221202,0.73231746,0.05785766,-0.09581509
1591008903.79457927,0.73235063,0.05772851,-0.09603849
1591008903.80614734,0.73230176,0.05754351,-0.09623222
1591008903.81848049,0.73221449,0.05722411,-0.09641199
1591008903.83012342,0.73213770,0.05715081,-0.09641199
1591008903.84248805,0.73188462,0.05736025,-0.09629331
1591008903.85431886,0.73155127,0.05781229,-0.09615368
1591008903.86646748,0.73115333,0.05841442,-0.09602976
1591008903.87811089,0.73067336,0.05891533,-0.09608910
1591008903.89046884,0.73022307,0.05908114,-0.09636835
1591008903.90232086,0.72970471,0.05910558,-0.09651496
1591008903.91469693,0.72924743,0.05931676,-0.09651845
1591008903.92626143,0.72889836,0.06001664,-0.09601754
1591008903.93860912,0.72839920,0.06134832,-0.09475393
1591008903.95018244,0.72786338,0.06282836,-0.09296322
1591008903.96256471,0.72746021,0.06437472,-0.09083042
1591008903.97412324,0.72727346,0.06616892,-0.08866622
1591008903.98664117,0.72709544,0.06817256,-0.08651248
1591008903.99825978,0.72663467,0.07040658,-0.08443205
1591008904.01060414,0.72585102,0.07255508,-0.08247204
1591008904.02218246,0.72474274,0.07453952,-0.08071450
1591008904.03457689,0.72334124,0.07619584,-0.07949277
1591008904.04615593,0.72171459,0.07791848,-0.07842986
1591008904.05860019,0.72005478,0.08026769,-0.07699171
1591008904.07012677,0.71878418,0.08349481,-0.07507185
1591008904.08257079,0.71823615,0.08751430,-0.07291637
1591008904.09417295,0.71818379,0.09155997,-0.07083244
1591008904.10655427,0.71810001,0.09554805,-0.06838549
1591008904.11832905,0.71767415,0.09946457,-0.06559645
1591008904.13060594,0.71669502,0.10296919,-0.06288247
1591008904.14221358,0.71520277,0.10638480,-0.06026273
1591008904.15457129,0.71331781,0.11060151,-0.05745275
1591008904.16610146,0.71136479,0.11519697,-0.05483301
1591008904.17856598,0.70961946,0.12010134,-0.05246111
1591008904.19021940,0.70802423,0.12535653,-0.05031261
1591008904.20259500,0.70651277,0.13063964,-0.04864931
1591008904.21418619,0.70504844,0.13603096,-0.04748343
1591008904.22665501,0.70359284,0.14153573,-0.04624599
1591008904.23820186,0.70212327,0.14634760,-0.04495794
1591008904.25051045,0.70072351,0.14992204,-0.04366116
1591008904.26212502,0.69945815,0.15257319,-0.04232249
1591008904.27448678,0.69859945,0.15532732,-0.04060683
1591008904.28618383,0.69818930,0.15917054,-0.03854734
1591008904.29858065,0.69786292,0.16423897,-0.03632554
1591008904.31023645,0.69728696,0.16989209,-0.03398854
1591008904.32266760,0.69634099,0.17531832,-0.03119776
1591008904.33425736,0.69535663,0.17977938,-0.02782927
1591008904.34660387,0.69472482,0.18331193,-0.02402969
1591008904.35816622,0.69470213,0.18616031,-0.02036625
1591008904.37058282,0.69527285,0.18893713,-0.01707456
1591008904.38223386,0.69620660,0.19198622,-0.01381079
1591008904.39472675,0.69714210,0.19593415,-0.01068316
1591008904.40610218,0.69755923,0.20096070,-0.00790285
1591008904.41845345,0.69719620,0.20639391,-0.00472461
1591008904.43029618,0.69620137,0.21250780,-0.00104545
1591008904.44264579,0.69466373,0.21870721,0.00311541
1591008904.45420790,0.69305105,0.22574961,0.00810705
1591008904.46655798,0.69223598,0.23375893,0.01421745
1591008904.47813582,0.69276830,0.24178744,0.02056696
1591008904.49056864,0.69441066,0.24945467,0.02590243
1591008904.50214767,0.69629212,0.25641156,0.03055199
1591008904.51447058,0.69782103,0.26273139,0.03501305
1591008904.52629614,0.69896946,0.26859046,0.03873060
1591008904.53864741,0.69993986,0.27446873,0.04158072
1591008904.55020356,0.70099230,0.28011487,0.04343601
1591008904.56256819,0.70212327,0.28455325,0.04392121
1591008904.57414460,0.70313032,0.28757965,0.04260000
1591008904.58647227,0.70368359,0.28882756,0.03940430
1591008904.59810948,0.70377260,0.28919757,0.03542669
1591008904.61047840,0.70385464,0.29041232,0.03235666
1591008904.62231302,0.70451437,0.29294653,0.03039491
1591008904.63452363,0.70632777,0.29694508,0.02862340
1591008904.64631891,0.70950776,0.30277448,0.02692345
1591008904.65869260,0.71389377,0.31017817,0.02459343
1591008904.67011380,0.71852238,0.31852259,0.02086890
1591008904.68258619,0.72212823,0.32634166,0.01609892
1591008904.69428182,0.72408824,0.33363714,0.01103223
1591008904.70665860,0.72465547,0.34074238,0.00635300
1591008904.71825051,0.72458217,0.34851258,0.00328645
1591008904.73059559,0.72484047,0.35733173,0.00257436
1591008904.74218154,0.72610235,0.36595017,0.00362330
1591008904.75462341,0.72838524,0.37321248,0.00544019
1591008904.76620913,0.73145527,0.37914835,0.00724137
1591008904.77858639,0.73487961,0.38471769,0.00882788
1591008904.79026628,0.73813639,0.39067450,0.01049466
1591008904.80270076,0.74086958,0.39732595,0.01258033
1591008904.81437111,0.74307218,0.40428632,0.01567131
1591008904.82654524,0.74516658,0.41082607,0.02077116
1591008904.83811474,0.74746343,0.41686491,0.02760413
1591008904.85045910,0.75009539,0.42265591,0.03461686
1591008904.86229730,0.75287744,0.42845564,0.04079184
1591008904.87474465,0.75562110,0.43442118,0.04621806
1591008904.88611054,0.75837174,0.44040940,0.05128650
1591008904.89859152,0.76137022,0.44612012,0.05607045
1591008904.91020322,0.76477884,0.45117110,0.06015103
1591008904.92256522,0.76849989,0.45530579,0.06291388
1591008904.93416548,0.77243386,0.45880343,0.06456322
1591008904.94656968,0.77635561,0.46236041,0.06483898
1591008904.95815396,0.78012029,0.46607098,0.06423859
1591008904.97052908,0.78378722,0.47012538,0.06365216
1591008904.98210979,0.78757110,0.47447997,0.06334673
1591008904.99454641,0.79145446,0.47855357,0.06296275
1591008905.00616670,0.79518772,0.48197442,0.06214245
1591008905.01854062,0.79848988,0.48478614,0.06109700
1591008905.03012085,0.80131382,0.48717899,0.06006551
1591008905.04248095,0.80379044,0.48944094,0.05895548
1591008905.05432606,0.80605937,0.49214445,0.05745973
1591008905.06663489,0.80847665,0.49535760,0.05573534
1591008905.07830811,0.81097771,0.49830895,0.05380850
1591008905.09068251,0.81352240,0.50088855,0.05196194
1591008905.10217118,0.81589779,0.50293059,0.05001066
1591008905.11461806,0.81809167,0.50452931,0.04770334
1591008905.12620926,0.82025762,0.50617166,0.04514294
1591008905.13855457,0.82250735,0.50819974,0.04251448
1591008905.15014195,0.82500143,0.51081947,0.03976035
1591008905.16270423,0.82826170,0.51403612,0.03754378
1591008905.17415166,0.83201765,0.51690718,0.03545811
1591008905.18662667,0.83589054,0.51914644,0.03354348
1591008905.19811177,0.83968488,0.52067709,0.03201457
1591008905.21048522,0.84336055,0.52169462,0.03137927
1591008905.22232413,0.84719155,0.52285701,0.03186448
1591008905.23469496,0.85126165,0.52487985,0.03275808
1591008905.24630737,0.85554120,0.52794988,0.03400250
1591008905.25869083,0.86007557,0.53145625,0.03539353
1591008905.27025151,0.86478621,0.53482299,0.03711792
1591008905.28266931,0.86936944,0.53766787,0.03902033
1591008905.29425001,0.87359838,0.53999091,0.04029442
1591008905.30670524,0.87735258,0.54230347,0.04053004
1591008905.31830049,0.88049592,0.54498953,0.04023158
1591008905.33064795,0.88301094,0.54786234,0.04017573
1591008905.34223294,0.88502854,0.55041576,0.04043579
1591008905.35459089,0.88681750,0.55213316,0.04089830
1591008905.36616015,0.88842495,0.55257299,0.04133638
1591008905.37851548,0.88982994,0.55170556,0.04105538
1591008905.39009166,0.89123144,0.54976650,0.03978827
1591008905.40247059,0.89282143,0.54711360,0.03742510
1591008905.41417480,0.89454582,0.54373638,0.03397283
1591008905.42662454,0.89617770,0.53975180,0.02984338
1591008905.43825102,0.89782878,0.53524361,0.02532473
1591008905.45059943,0.89985162,0.53059580,0.02117433
1591008905.46224093,0.90217291,0.52612601,0.01791406
1591008905.47462392,0.90463906,0.52173127,0.01563640
1591008905.48621035,0.90703889,0.51727021,0.01402023
1591008905.49860001,0.90939683,0.51257528,0.01293638
1591008905.51026201,0.91177047,0.50750509,0.01276359
1591008905.52262998,0.91378284,0.50192702,0.01309870
1591008905.53421307,0.91540076,0.49602432,0.01372527
1591008905.54662871,0.91661202,0.49000119,0.01456303
1591008905.55831385,0.91766969,0.48432189,0.01594184
1591008905.57049632,0.91861565,0.47867749,0.01780759
1591008905.58213663,0.91953021,0.47274512,0.01970302
1591008905.59448266,0.92055995,0.46634325,0.02135061
1591008905.60610628,0.92152861,0.45957486,0.02269975
1591008905.61857462,0.92269449,0.45283440,0.02415885
1591008905.63021922,0.92417802,0.44619342,0.02592687
1591008905.64258099,0.92593906,0.43934126,0.02822721
1591008905.65415573,0.92792175,0.43200041,0.03039840
1591008905.66656947,0.92990095,0.42478347,0.03226416
1591008905.67814827,0.93170562,0.41791385,0.03350858
1591008905.69047832,0.93319090,0.41115594,0.03411421
1591008905.70230722,0.93439692,0.40382381,0.03487866
1591008905.71471381,0.93563960,0.39543401,0.03656290
1591008905.72630048,0.93733780,0.38576838,0.03974115
1591008905.73866034,0.93952470,0.37501890,0.04368385
1591008905.75023437,0.94210604,0.36399365,0.04799306
1591008905.76257372,0.94481828,0.35316388,0.05266531
1591008905.77413964,0.94743279,0.34306890,0.05811074
1591008905.78647184,0.95029338,0.33427069,0.06489309
1591008905.79832053,0.95335294,0.32527352,0.06954264
1591008905.81068850,0.95600759,0.31719090,0.07149392
1591008905.82226229,0.95810722,0.30944862,0.07254287
1591008905.83462453,0.95969721,0.30159988,0.07320958
1591008905.84621000,0.96099050,0.29361499,0.07367384
1591008905.85858083,0.96213369,0.28575403,0.07390597
1591008905.87023997,0.96313377,0.27912353,0.07370176
1591008905.88260722,0.96396978,0.27374791,0.07301410
1591008905.89418316,0.96456145,0.26910883,0.07175747
1591008905.90657115,0.96436248,0.26404563,0.06937335
1591008905.91821957,0.96330481,0.25884455,0.06658780
1591008905.93059635,0.96162755,0.25373597,0.06318965
1591008905.94219351,0.95951919,0.24869895,0.05912826
1591008905.95460081,0.95735324,0.24392373,0.05523967
1591008905.96620011,0.95552937,0.23974890,0.05242795
1591008905.97855973,0.95420292,0.23553567,0.05018869
1591008905.99018264,0.95324822,0.23102051,0.04776093
1591008906.00246835,0.95256929,0.22632033,0.04527384
1591008906.01412320,0.95202998,0.22138105,0.04295779
1591008906.02662349,0.95136327,0.21633880,0.04123166
1591008906.03833079,0.95055867,0.21068393,0.04038517
1591008906.05046725,0.94981865,0.20414069,0.04041484
1591008906.06229854,0.94941548,0.19689059,0.04055971
1591008906.07446671,0.94940675,0.18916926,0.03989997
1591008906.08658051,0.94934916,0.18126466,0.03882485
1591008906.09870386,0.94893551,0.17343337,0.03804469
1591008906.11025858,0.94826356,0.16559335,0.03771307
1591008906.12246704,0.94742755,0.15817570,0.03787190
1591008906.13411117,0.94667182,0.15154519,0.03817035
1591008906.14649582,0.94604350,0.14543654,0.03818431
1591008906.15808129,0.94535235,0.13959143,0.03831870
1591008906.17050409,0.94460884,0.13439384,0.03903778
1591008906.18206716,0.94392642,0.12970414,0.04017748
1591008906.19467759,0.94323003,0.12519596,0.04136430
1591008906.20629239,0.94250398,0.12054989,0.04211130
1591008906.21850801,0.94165924,0.11586892,0.04253716
1591008906.23008943,0.94068709,0.11153527,0.04295081
1591008906.24269128,0.93990867,0.10743374,0.04302062
1591008906.25424027,0.93929955,0.10375633,0.04300666
1591008906.26656866,0.93863109,0.10032851,0.04304506
1591008906.27813148,0.93764149,0.09688497,0.04329987
1591008906.29047394,0.93609164,0.09364215,0.04424933
1591008906.30206895,0.93416130,0.09046042,0.04562465
1591008906.31472659,0.93216988,0.08737118,0.04725653
1591008906.32611966,0.93022558,0.08440063,0.04934569
1591008906.33848929,0.92850294,0.08109847,0.05137377
1591008906.35011601,0.92707177,0.07749960,0.05265833
1591008906.36247110,0.92583434,0.07387979,0.05331457
1591008906.37407541,0.92468766,0.07045196,0.05347514
1591008906.38668489,0.92346592,0.06751457,0.05366015
1591008906.39825177,0.92229655,0.06483200,0.05407554
1591008906.41058993,0.92127030,0.06191381,0.05445602
1591008906.42219853,0.92048141,0.05877745,0.05467942
1591008906.43462038,0.92001890,0.05497613,0.05430767
1591008906.44618225,0.91968903,0.05081526,0.05346816
1591008906.45852542,0.91947785,0.04610113,0.05197591
1591008906.47010636,0.91932949,0.04102396,0.05003161
1591008906.48245144,0.91895948,0.03537608,0.04802797
1591008906.49426794,0.91839051,0.02940880,0.04613603
1591008906.50660682,0.91775695,0.02372775,0.04396659
1591008906.51820517,0.91711293,0.01841671,0.04144459
1591008906.53053927,0.91642876,0.01324879,0.03818606
1591008906.54210448,0.91558402,0.00797615,0.03465875
1591008906.55471492,0.91449668,0.00270002,0.03132866
1591008906.56627584,0.91326622,-0.00262498,0.02829702
1591008906.57861805,0.91197119,-0.00816465,0.02524968
1591008906.59018183,0.91055747,-0.01390155,0.02194577
1591008906.60252190,0.90916993,-0.01949009,0.01892984
1591008906.61407351,0.90778763,-0.02506816,0.01625076
1591008906.62659311,0.90651180,-0.03005806,0.01387188
1591008906.63817215,0.90540526,-0.03441615,0.01214226
1591008906.65051436,0.90436155,-0.03796615,0.01137955
1591008906.66207004,0.90372101,-0.04146902,0.01102874
1591008906.67467952,0.90400899,-0.04570843,0.00981748
1591008906.68630600,0.90516789,-0.05128126,0.00762011
1591008906.69849420,0.90665317,-0.05847028,0.00504226
1591008906.71008492,0.90819429,-0.06582684,0.00366868
1591008906.72270632,0.91025902,-0.07404559,0.00226369
1591008906.73426557,0.91219110,-0.07982263,0.00135612
1591008906.74661088,0.91360830,-0.08454375,0.00089710
1591008906.75817299,0.91440941,-0.08911651,0.00090583
1591008906.77051139,0.91507264,-0.09428618,0.00016581
1591008906.78206468,0.91560496,-0.10046464,-0.00141372
1591008906.79445624,0.91568525,-0.10719987,-0.00345226
1591008906.80629301,0.91544265,-0.11404156,-0.00606327
1591008906.81863594,0.91510929,-0.12085009,-0.00909317
1591008906.83007765,0.91480909,-0.12750852,-0.01227316
1591008906.84245181,0.91452635,-0.13413902,-0.01564862
1591008906.85428643,0.91419299,-0.14086378,-0.01920211
1591008906.86663008,0.91381076,-0.14742622,-0.02257758
1591008906.87816453,0.91345821,-0.15389092,-0.02583785
1591008906.89052653,0.91324004,-0.15991928,-0.02915922
1591008906.90210128,0.91288399,-0.16564396,-0.03251025
1591008906.91469932,0.91205496,-0.17114175,-0.03551396
1591008906.92636180,0.91083323,-0.17648246,-0.03844437
1591008906.93864584,0.90957834,-0.18150552,-0.04179540
1591008906.95022106,0.90856430,-0.18576935,-0.04604528
1591008906.96255660,0.90770211,-0.18805574,-0.05111197
1591008906.97420287,0.90675265,-0.18682353,-0.05611408
1591008906.98656011,0.90557630,-0.18267140,-0.06068859
1591008906.99812126,0.90403168,-0.17684200,-0.06466445
1591008907.01049519,0.90218163,-0.17043838,-0.06808529
1591008907.02230644,0.90023734,-0.16467181,-0.07136651
1591008907.03474331,0.89834540,-0.16032769,-0.07471580
1591008907.04623914,0.89652153,-0.15752993,-0.07799876
1591008907.05858636,0.89509036,-0.15587536,-0.08117003
1591008907.07021308,0.89421770,-0.15465013,-0.08441634
1591008907.08257294,0.89392274,-0.15305141,-0.08808502
1591008907.09415388,0.89398208,-0.15077899,-0.09220225
1591008907.10655427,0.89418977,-0.14796727,-0.09669648
1591008907.11822438,0.89440096,-0.14471572,-0.10166019
1591008907.13067842,0.89446553,-0.14124601,-0.10669547
1591008907.14227128,0.89422293,-0.13790021,-0.11159286
1591008907.15462255,0.89359636,-0.13506056,-0.11635587
1591008907.16617489,0.89276733,-0.13265026,-0.12098622
1591008907.17852497,0.89180216,-0.13058553,-0.12549092
1591008907.19007850,0.89076195,-0.12884370,-0.12975650
1591008907.20267415,0.88973220,-0.12764291,-0.13415648
1591008907.21424556,0.88863439,-0.12668472,-0.13909227
1591008907.22670126,0.88727478,-0.12578588,-0.14459006
1591008907.23827982,0.88560275,-0.12497954,-0.15077899
1591008907.25062823,0.88358166,-0.12442627,-0.15734492
1591008907.26218081,0.88132495,-0.12448910,-0.16391958
1591008907.27462697,0.87908220,-0.12541587,-0.17039300
1591008907.28620172,0.87675742,-0.12689940,-0.17659067
1591008907.29853654,0.87432618,-0.12841435,-0.18291051
1591008907.31008983,0.87173087,-0.12970589,-0.18916577
1591008907.32268715,0.86902038,-0.13031326,-0.19428482
1591008907.33432007,0.86672178,-0.13055237,-0.19797619
1591008907.34667516,0.86511084,-0.13068327,-0.20055055
1591008907.35823488,0.86393798,-0.13090493,-0.20217196
1591008907.37061429,0.86275116,-0.13111786,-0.20341114
1591008907.38218188,0.86133220,-0.13110390,-0.20468872
1591008907.39454436,0.85962527,-0.13086130,-0.20648118
1591008907.40611506,0.85765654,-0.13065709,-0.20917771
1591008907.41853714,0.85542775,-0.13062917,-0.21220586
1591008907.43012762,0.85315708,-0.13106899,-0.21492857
1591008907.44248724,0.85122151,-0.13190675,-0.21676640
1591008907.45436907,0.84977987,-0.13328207,-0.21769666
1591008907.46646833,0.84864715,-0.13535726,-0.21804573
1591008907.47829580,0.84755806,-0.13782865,-0.21809111
1591008907.49062586,0.84621242,-0.14040127,-0.21815918
1591008907.50217557,0.84452992,-0.14270859,-0.21859376
1591008907.51451731,0.84259435,-0.14395301,-0.21962700
1591008907.52606869,0.84055755,-0.14378371,-0.22133218
1591008907.53847694,0.83885585,-0.14236825,-0.22363602
1591008907.55032039,0.83773361,-0.14006791,-0.22643727
1591008907.56265521,0.83703897,-0.13713925,-0.22949858
1591008907.57424402,0.83659216,-0.13383359,-0.23239234
1591008907.58658004,0.83623786,-0.13013349,-0.23526166
1591008907.59813404,0.83591672,-0.12658349,-0.23830551
1591008907.61047244,0.83560256,-0.12355360,-0.24176475
1591008907.62205482,0.83533727,-0.12153251,-0.24581741
1591008907.63469934,0.83505627,-0.12060574,-0.25060136
1591008907.64629197,0.83463739,-0.12065636,-0.25588621
1591008907.65863943,0.83409459,-0.12160058,-0.26147476
1591008907.67019343,0.83353260,-0.12316614,-0.26724307
1591008907.68253970,0.83306136,-0.12525704,-0.27314054
1591008907.69409513,0.83254823,-0.12756612,-0.27872908
1591008907.70669413,0.83190072,-0.12997816,-0.28376436
1591008907.71825695,0.83108565,-0.13218949,-0.28804390
1591008907.73060989,0.83005067,-0.13414601,-0.29168990
1591008907.74224830,0.82908026,-0.13570284,-0.29481404
1591008907.75462198,0.82860728,-0.13720208,-0.29779506
1591008907.76630688,0.82866138,-0.13860707,-0.30077783
1591008907.77868438,0.82905234,-0.14008187,-0.30443080
1591008907.79025388,0.82975047,-0.14152177,-0.30874176
1591008907.80260539,0.83078545,-0.14293723,-0.31370548
1591008907.81416941,0.83199322,-0.14401759,-0.31908109
1591008907.82650757,0.83330396,-0.14474888,-0.32502219
1591008907.83820653,0.83456060,-0.14513285,-0.33141708
1591008907.85058260,0.83553449,-0.14530390,-0.33782593
1591008907.86228061,0.83600573,-0.14540338,-0.34355585
1591008907.87467623,0.83580153,-0.14557966,-0.34787903
1591008907.88629150,0.83490792,-0.14578386,-0.35065585
1591008907.89845777,0.83349420,-0.14593396,-0.35262981
1591008907.91025376,0.83177680,-0.14626034,-0.35430358
1591008907.92255020,0.83004718,-0.14696196,-0.35541361
1591008907.93432117,0.82835421,-0.14840884,-0.35581678
1591008907.94654036,0.82631741,-0.14962184,-0.35536474
1591008907.95847940,0.82406419,-0.15120485,-0.35429486
1591008907.97072101,0.82173243,-0.15236724,-0.35286892
1591008907.98224616,0.81948793,-0.15310726,-0.35173795
1591008907.99461150,0.81759251,-0.15332368,-0.35149884
1591008908.00607777,0.81597982,-0.15318580,-0.35217952
1591008908.01848722,0.81438285,-0.15271805,-0.35345361
1591008908.03030133,0.81263228,-0.15202167,-0.35477657
1591008908.04259157,0.81087473,-0.15122929,-0.35604891
1591008908.05419278,0.80938073,-0.15010704,-0.35737885
1591008908.06653714,0.80823056,-0.14893418,-0.35872799
1591008908.07811809,0.80751847,-0.14801265,-0.36018360
1591008908.09047890,0.80721129,-0.14704050,-0.36196732
1591008908.10230398,0.80725841,-0.14597410,-0.36454168
1591008908.11463046,0.80718685,-0.14443996,-0.36751922
1591008908.12611175,0.80664231,-0.14273477,-0.37012325
1591008908.13854098,0.80553403,-0.14081142,-0.37111809
1591008908.15024996,0.80406271,-0.13874844,-0.36924360
1591008908.16262674,0.80237149,-0.13712354,-0.36438810
1591008908.17418242,0.80055111,-0.13600827,-0.35727064
1591008908.18657374,0.79882673,-0.13528920,-0.34922817
1591008908.19814563,0.79737810,-0.13476385,-0.34106875
1591008908.21048236,0.79616684,-0.13452649,-0.33302104
1591008908.22231674,0.79504285,-0.13487555,-0.32531017
1591008908.23473930,0.79381589,-0.13585992,-0.31803739
1591008908.24611163,0.79241962,-0.13782516,-0.31124282
1591008908.25847363,0.79075283,-0.14049202,-0.30510973
1591008908.27011275,0.78893944,-0.14326535,-0.29984757
1591008908.28245473,0.78714524,-0.14599505,-0.29609511
1591008908.29427838,0.78530741,-0.14813657,-0.29418397
1591008908.30662560,0.78334566,-0.14934957,-0.29403213
1591008908.31818271,0.78133678,-0.14978590,-0.29544585
1591008908.33052778,0.77924937,-0.14974576,-0.29779506
1591008908.34207726,0.77718464,-0.14955203,-0.30064518
1591008908.35445547,0.77534507,-0.14928848,-0.30376234
1591008908.36621189,0.77377776,-0.14941415,-0.30721460
1591008908.37855291,0.77224536,-0.15011751,-0.31094960
1591008908.39025259,0.77069726,-0.15099891,-0.31494292
1591008908.40261865,0.76899381,-0.15180350,-0.31914916
1591008908.41417265,0.76718914,-0.15218224,-0.32316167
1591008908.42651916,0.76564627,-0.15246149,-0.32692635
1591008908.43809199,0.76435822,-0.15264475,-0.33027564
1591008908.45048404,0.76319408,-0.15279659,-0.33292155
1591008908.46231484,0.76228477,-0.15294669,-0.33475066
1591008908.47472572,0.76179782,-0.15317533,-0.33583451
1591008908.48629689,0.76187113,-0.15356105,-0.33604569
1591008908.49865222,0.76231269,-0.15431852,-0.33477335
1591008908.51020670,0.76275077,-0.15525402,-0.33206285
1591008908.52254891,0.76307715,-0.15633438,-0.32857219
1591008908.53410959,0.76316441,-0.15719832,-0.32502394
1591008908.54644465,0.76300035,-0.15733445,-0.32199928
1591008908.55831885,0.76257275,-0.15688067,-0.31945808
1591008908.57069659,0.76200552,-0.15614065,-0.31718392
1591008908.58225989,0.76135102,-0.15525576,-0.31518726
1591008908.59463382,0.76057958,-0.15466235,-0.31361647
1591008908.60618711,0.75947828,-0.15461348,-0.31206836
1591008908.61861777,0.75790574,-0.15487005,-0.31035445
1591008908.63025951,0.75595969,-0.15541982,-0.30855676
1591008908.64261627,0.75365062,-0.15573398,-0.30654265
1591008908.65422487,0.75102216,-0.15566068,-0.30415504
1591008908.66658473,0.74814586,-0.15511439,-0.30132935
1591008908.67814422,0.74515262,-0.15423649,-0.29790152
1591008908.69048858,0.74224490,-0.15323293,-0.29378255
1591008908.70231247,0.73948728,-0.15231663,-0.28915568
1591008908.71473455,0.73666159,-0.15172845,-0.28409771
1591008908.72630978,0.73375213,-0.15136193,-0.27851615
1591008908.73865986,0.73095785,-0.15113679,-0.27255585
1591008908.75022054,0.72832764,-0.15090640,-0.26637390
1591008908.76263666,0.72575503,-0.15046833,-0.26012387
1591008908.77421355,0.72340407,-0.14957123,-0.25432938
1591008908.78689218,0.72143883,-0.14822383,-0.24936217
1591008908.79819369,0.71969350,-0.14633888,-0.24504772
1591008908.81053138,0.71794293,-0.14402981,-0.24109455
1591008908.82214332,0.71623077,-0.14131233,-0.23735082
1591008908.83449125,0.71467044,-0.13839065,-0.23385318
1591008908.84615350,0.71319913,-0.13526476,-0.23041837
1591008908.85864401,0.71186919,-0.13213190,-0.22701672
1591008908.87018132,0.71069807,-0.12929225,-0.22359413
1591008908.88256240,0.70976781,-0.12676675,-0.22031640
1591008908.89412904,0.70904175,-0.12429013,-0.21752562
1591008908.90655589,0.70832791,-0.12110316,-0.21501235
1591008908.91829920,0.70732610,-0.11702258,-0.21229312
1591008908.93047237,0.70600488,-0.11195764,-0.20882865
1591008908.94230652,0.70461909,-0.10693283,-0.20360837
1591008908.95472598,0.70322457,-0.10301806,-0.19508418
1591008908.96618533,0.70177246,-0.10007194,-0.18243578
1591008908.97855186,0.70055422,-0.09746093,-0.16632290
1591008908.99012303,0.69983863,-0.09468935,-0.14842105
1591008909.00252581,0.69948608,-0.09138195,-0.13011604
1591008909.01409459,0.69898866,-0.08798554,-0.11186339
1591008909.02644944,0.69773726,-0.08432209,-0.09348856
1591008909.03832173,0.69558352,-0.08025547,-0.07508232
1591008909.05068088,0.69274911,-0.07585375,-0.05711765
1591008909.06235957,0.68957610,-0.07135081,-0.04001516
1591008909.07445240,0.68656191,-0.06657733,-0.02387959
1591008909.08627439,0.68393345,-0.06184051,-0.00881042
1591008909.09868431,0.68166452,-0.05777214,0.00497942
1591008909.11026382,0.67994886,-0.05443856,0.01757721
1591008909.12259960,0.67878124,-0.05176123,0.02914176
1591008909.13415766,0.67803423,-0.04905422,0.03980572
1591008909.14657021,0.67768342,-0.04608193,0.04976108
1591008909.15813899,0.67777767,-0.04288274,0.05926964
1591008909.17063737,0.67836236,-0.03971846,0.06844658
1591008909.18220353,0.67926993,-0.03704636,0.07720813
1591008909.19462562,0.68046024,-0.03499211,0.08514589
1591008909.20622230,0.68187745,-0.03383844,0.09193696
1591008909.21864009,0.68354249,-0.03378608,0.09754645
1591008909.23019600,0.68527735,-0.03502352,0.10192897
1591008909.24253726,0.68674692,-0.03757868,0.10482098
1591008909.25409460,0.68788662,-0.04046720,0.10644938
1591008909.26652145,0.68867900,-0.04302062,0.10738313
1591008909.27808475,0.68915373,-0.04475199,0.10813187
1591008909.29049087,0.68925496,-0.04564385,0.10887364
1591008909.30229759,0.68918514,-0.04594056,0.10955955
1591008909.31463122,0.68922354,-0.04566130,0.11013202
1591008909.32618833,0.68919038,-0.04521799,0.11091393
1591008909.33852315,0.68885702,-0.04472581,0.11224212
1591008909.35007787,0.68835786,-0.04458269,0.11407297
1591008909.36269045,0.68811351,-0.04425457,0.11618308
1591008909.37409091,0.68804544,-0.04369781,0.11855847
1591008909.38644719,0.68801926,-0.04316897,0.12105953
1591008909.39825773,0.68811002,-0.04270995,0.12354837
1591008909.41059756,0.68824267,-0.04252495,0.12599532
1591008909.42214441,0.68848876,-0.04277977,0.12825203
1591008909.43447256,0.68907693,-0.04333303,0.13018411
1591008909.44627976,0.68998799,-0.04397706,0.13177410
1591008909.45861793,0.69118529,-0.04469963,0.13290333
1591008909.47020650,0.69247160,-0.04561767,0.13358576
1591008909.48255801,0.69355196,-0.04673468,0.13400289
1591008909.49411726,0.69431118,-0.04823916,0.13416520
1591008909.50644398,0.69476147,-0.05031086,0.13406572
1591008909.51826477,0.69477194,-0.05250649,0.13395577
1591008909.53061199,0.69432339,-0.05449616,0.13406921
1591008909.54216075,0.69365144,-0.05599016,0.13443748
1591008909.55449200,0.69290269,-0.05688377,0.13510943
1591008909.56632233,0.69219933,-0.05701293,0.13625785
1591008909.57869291,0.69159195,-0.05634795,0.13807998
1591008909.59026742,0.69102996,-0.05524840,0.14047457
1591008909.60260963,0.69042258,-0.05418898,0.14336658
1591008909.61416936,0.68992691,-0.05314353,0.14615038
1591008909.62660813,0.68956562,-0.05215218,0.14871601
1591008909.63817644,0.68938760,-0.05136853,0.15065857
1591008909.65051579,0.68940855,-0.05080479,0.15194313
1591008909.66207075,0.68953246,-0.05049063,0.15281056
1591008909.67476559,0.68964067,-0.05032657,0.15386997
1591008909.68615055,0.68953595,-0.05020265,0.15560308
1591008909.69855857,0.68922354,-0.04984137,0.15778475
1591008909.71015930,0.68868249,-0.04940504,0.16022297
1591008909.72276831,0.68800181,-0.04851143,0.16330871
1591008909.73434210,0.68741189,-0.04690049,0.16689187
1591008909.74648905,0.68702093,-0.04450939,0.17027432
1591008909.75812936,0.68678532,-0.04176398,0.17288883
1591008909.77048993,0.68636993,-0.03883881,0.17499893
1591008909.78219366,0.68541349,-0.03592411,0.17743192
1591008909.79460168,0.68395788,-0.03341433,0.18026284
1591008909.80615830,0.68206071,-0.03099879,0.18360689
1591008909.81842923,0.67977607,-0.02898119,0.18773111
1591008909.83035541,0.67735705,-0.02736502,0.19290601
1591008909.84255624,0.67508637,-0.02582040,0.19897277
1591008909.85444117,0.67325203,-0.02414663,0.20570625
1591008909.86662340,0.67212455,-0.02247286,0.21290050
1591008909.87832642,0.67161491,-0.02060710,0.22004413
1591008909.89044905,0.67138628,-0.01834516,0.22674270
1591008909.90227103,0.67104419,-0.01567655,0.23309221
1591008909.91462111,0.67040715,-0.01244594,0.23922704
1591008909.92632747,0.66931457,-0.00889071,0.24523796
1591008909.93870330,0.66787642,-0.00528486,0.25093122
1591008909.95027161,0.66620090,-0.00237190,0.25584782
1591008909.96267867,0.66429500,-0.00070337,0.25961947
1591008909.97424364,0.66193706,-0.00031067,0.26204897
1591008909.98645902,0.65918468,0.00013963,0.26292513
1591008909.99829197,0.65646895,0.00167552,0.26270347
1591008910.01062608,0.65439550,0.00353255,0.26169467
1591008910.02223921,0.65334655,0.00502131,0.26049563
1591008910.03459787,0.65361184,0.00646644,0.26004184
1591008910.04615378,0.65523325,0.00766549,0.25980797
1591008910.05849886,0.65796469,0.00856957,0.25975212
1591008910.07007217,0.66143266,0.00932006,0.26017100
1591008910.08245754,0.66545565,0.00957139,0.26100875
1591008910.09409952,0.66971774,0.00921359,0.26243120
1591008910.10644531,0.67398507,0.00809658,0.26454479
1591008910.11811662,0.67809358,0.00609644,0.26742633
1591008910.13051128,0.68191236,0.00349240,0.27128002
1591008910.14207339,0.68538382,0.00037699,0.27625420
1591008910.15468407,0.68861268,-0.00278031,0.28230875
1591008910.16625285,0.69168445,-0.00589049,0.28899162
1591008910.17867541,0.69465151,-0.00862367,0.29611780
1591008910.19029951,0.69736376,-0.01061160,0.30388975
1591008910.20247102,0.69962570,-0.01222080,0.31240695
1591008910.21437216,0.70152811,-0.01348616,0.32177065
1591008910.22646117,0.70331882,-0.01470614,0.33179233
1591008910.23828650,0.70509556,-0.01576556,0.34197981
1591008910.25061679,0.70668556,-0.01703616,0.35197008
1591008910.26216817,0.70783224,-0.01908343,0.36155194
1591008910.27450371,0.70794045,-0.02192483,0.37052642
1591008910.28609872,0.70692118,-0.02549228,0.37851479
1591008910.29844332,0.70501702,-0.02956937,0.38530412
1591008910.31008101,0.70247932,-0.03345971,0.39072337
1591008910.32245016,0.69976533,-0.03698178,0.39485980
1591008910.33426762,0.69709498,-0.03926642,0.39807644
1591008910.34660482,0.69459741,-0.03920009,0.40096671
1591008910.35818172,0.69240702,-0.03739019,0.40374702
1591008910.37057042,0.69008922,-0.03496942,0.40675073
1591008910.38212895,0.68732986,-0.03232001,0.41023790
1591008910.39457846,0.68459318,-0.02918714,0.41375124
1591008910.40615916,0.68249704,-0.02521652,0.41626277
1591008910.41849470,0.68112347,-0.01986359,0.41704817
1591008910.43015122,0.68048991,-0.01303063,0.41616503
1591008910.44243550,0.68053529,-0.00513127,0.41435687
1591008910.45427799,0.68126484,0.00354127,0.41236894
1591008910.46671534,0.68270474,0.01229934,0.41076498
1591008910.47823691,0.68449195,0.02050064,0.40984694
1591008910.49049377,0.68636469,0.02780659,0.40962878
1591008910.50208664,0.68848352,0.03439520,0.40949788
1591008910.51444530,0.69085368,0.04068537,0.40895857
1591008910.52629137,0.69334077,0.04719370,0.40769670
1591008910.53865790,0.69597622,0.05430068,0.40607878
1591008910.55023074,0.69855931,0.06130294,0.40422524
1591008910.56257391,0.70098008,0.06788633,0.40231585
1591008910.57417512,0.70329962,0.07401941,0.40067000
1591008910.58654022,0.70550572,0.08017694,0.39946572
1591008910.59831405,0.70784446,0.08614422,0.39853895
1591008910.61045241,0.71086039,0.09170134,0.39761742
1591008910.62203860,0.71441911,0.09693035,0.39680933
1591008910.63473535,0.71841766,0.10202846,0.39565218
1591008910.64607239,0.72267627,0.10727492,0.39409535
1591008910.65866709,0.72685807,0.11303276,0.39264847
1591008910.67037106,0.73085837,0.11894070,0.39139183
1591008910.68261957,0.73499655,0.12488878,0.39084205
1591008910.69418478,0.73914345,0.13049478,0.39100437
1591008910.70664787,0.74318214,0.13540788,0.39154018
1591008910.71823740,0.74702012,0.13975026,0.39219119
1591008910.73059273,0.75058757,0.14378546,0.39268337
1591008910.74223185,0.75381643,0.14783637,0.39282125
1591008910.75458407,0.75679920,0.15216129,0.39287885
1591008910.76628876,0.75982909,0.15691208,0.39316858
1591008910.77851939,0.76282407,0.16165240,0.39343736
1591008910.79011583,0.76565674,0.16671734,0.39380911
1591008910.80252266,0.76817525,0.17249613,0.39407091
1591008910.81408906,0.77036041,0.17927149,0.39366774
1591008910.82646847,0.77256127,0.18698236,0.39268512
1591008910.83829761,0.77460330,0.19479969,0.39112829
1591008910.85064578,0.77645510,0.20221385,0.38914908
1591008910.86222386,0.77819868,0.20909219,0.38679463
1591008910.87475395,0.77996146,0.21586407,0.38382408
1591008910.88611388,0.78172948,0.22408282,0.37957770
1591008910.89856958,0.78316065,0.23428951,0.37468030
1591008910.91016030,0.78400888,0.24559924,0.36955776
1591008910.92251945,0.78450455,0.25774150,0.36481570
1591008910.93407917,0.78450979,0.26988375,0.36032148
1591008910.94647145,0.78421832,0.28194223,0.35661440
1591008910.95831609,0.78399143,0.29368830,0.35377998
1591008910.97047997,0.78423403,0.30452505,0.35179380
1591008910.98211455,0.78500546,0.31410865,0.35065934
1591008910.99451447,0.78626036,0.32240420,0.35045513
1591008911.00617218,0.78786606,0.32948675,0.35048131
1591008911.01853418,0.79002852,0.33628306,0.35049877
1591008911.03008533,0.79267968,0.34333593,0.34972558
1591008911.04268575,0.79575320,0.35074486,0.34788426
1591008911.05424643,0.79910598,0.35881700,0.34527674
1591008911.06659794,0.80246923,0.36743020,0.34244756
1591008911.07815981,0.80579234,0.37571179,0.34022750
1591008911.09050894,0.80915908,0.38312246,0.33910177
1591008911.10212803,0.81253803,0.38947022,0.33943338
1591008911.11446929,0.81581402,0.39458927,0.34101639
1591008911.12620068,0.81890674,0.39851801,0.34325216
1591008911.13855386,0.82205531,0.40184984,0.34532212
1591008911.15012240,0.82531733,0.40516073,0.34634314
1591008911.16247296,0.82846067,0.40897777,0.34594695
1591008911.17436171,0.83132301,0.41322764,0.34424700
1591008911.18644977,0.83364779,0.41800810,0.34166391
1591008911.19830942,0.83537218,0.42309923,0.33862355
1591008911.21066070,0.83676495,0.42774006,0.33580309
1591008911.22223401,0.83787498,0.43150648,0.33333171
1591008911.23457026,0.83890123,0.43444387,0.33157940
1591008911.24614191,0.83973550,0.43670581,0.33032974
1591008911.25848866,0.84041967,0.43834293,0.32867866
1591008911.27011943,0.84071986,0.43942155,0.32641497
1591008911.28247595,0.84085426,0.44036228,0.32491224
1591008911.29431248,0.84111256,0.44074276,0.32387377
1591008911.30670238,0.84175659,0.44091031,0.32244958
1591008911.31826639,0.84302021,0.44134839,0.32039707
1591008911.33061528,0.84488597,0.44150896,0.31782446
1591008911.34217191,0.84694371,0.44081083,0.31507556
1591008911.35451770,0.84903636,0.43943202,0.31312603
1591008911.36626387,0.85147109,0.43770240,0.31217832
1591008911.37857413,0.85444862,0.43565163,0.31193746
1591008911.39014649,0.85801608,0.43340016,0.31162156
1591008911.40249658,0.86206699,0.43047150,0.31111018
1591008911.41406369,0.86642333,0.42710650,0.31060054
1591008911.42667556,0.87118633,0.42363679,0.30998967
1591008911.43823528,0.87619717,0.42086521,0.30895818
1591008911.45057273,0.88161118,0.41929441,0.30765791
1591008911.46214223,0.88725732,0.41890520,0.30619184
1591008911.47449589,0.89269228,0.41958588,0.30458264
1591008911.48631716,0.89761760,0.42070114,0.30236608
1591008911.49867272,0.90189191,0.42215675,0.29970270
1591008911.51030040,0.90541049,0.42396316,0.29677404
1591008911.52266002,0.90849624,0.42595982,0.29346664
1591008911.53421593,0.91117357,0.42785176,0.28990617
1591008911.54656148,0.91336221,0.42944524,0.28598791
1591008911.55813789,0.91507438,0.43048197,0.28173279
1591008911.57049680,0.91626819,0.43123944,0.27779359
1591008911.58209801,0.91692967,0.43170894,0.27445128
1591008911.59459043,0.91761907,0.43226395,0.27215443
1591008911.60626531,0.91840447,0.43275264,0.27103043
1591008911.61852646,0.91930680,0.43326053,0.27135157
1591008911.63013768,0.92047967,0.43367592,0.27300964
1591008911.64261079,0.92179041,0.43388362,0.27507087
1591008911.65419173,0.92319191,0.43414542,0.27725951
1591008911.66653800,0.92436477,0.43444736,0.27931900
1591008911.67810082,0.92536833,0.43452066,0.28105735
1591008911.69044971,0.92653072,0.43453986,0.28203124
1591008911.70239329,0.92790953,0.43482609,0.28227559
1591008911.71472692,0.92929183,0.43545616,0.28188638
1591008911.72618437,0.93056069,0.43619618,0.28099277
1591008911.73850250,0.93220130,0.43692747,0.28023181
1591008911.75023460,0.93429569,0.43736729,0.27994558
1591008911.76267886,0.93654891,0.43710549,0.27990543
1591008911.77424955,0.93887020,0.43604957,0.27979897
1591008911.78659439,0.94125083,0.43425537,0.27947783
1591008911.79823375,0.94360877,0.43208767,0.27865054
1591008911.81049824,0.94590039,0.42978035,0.27701866
1591008911.82208610,0.94818153,0.42775227,0.27508832
1591008911.83470082,0.95019390,0.42594411,0.27345819
1591008911.84630585,0.95198810,0.42407836,0.27245288
1591008911.85865474,0.95376484,0.42210613,0.27222075
1591008911.87024164,0.95536880,0.41969234,0.27223297
1591008911.88257837,0.95647883,0.41699232,0.27199735
1591008911.89416456,0.95707573,0.41412649,0.27123289
1591008911.90645599,0.95703210,0.41121353,0.26964813
1591008911.91830611,0.95644916,0.40864092,0.26729019
1591008911.93065500,0.95550144,0.40645228,0.26429346
1591008911.94220543,0.95426750,0.40450100,0.26160042
1591008911.95454788,0.95276302,0.40260906,0.26010991
1591008911.96611118,0.95111194,0.40046754,0.26004533
1591008911.97846031,0.94994257,0.39871872,0.26099828
1591008911.99006724,0.94945562,0.39712349,0.26191109
1591008912.00265956,0.94953067,0.39566614,0.26200010
1591008912.01427460,0.95000191,0.39423672,0.26146778
1591008912.02663612,0.95026371,0.39189798,0.26075917
1591008912.03818703,0.95028989,0.38859058,0.26008722
1591008912.05053067,0.95038414,0.38477529,0.25924772
1591008912.06208277,0.95041381,0.38041022,0.25725804
1591008912.07469440,0.95033701,0.37603119,0.25428051
1591008912.08626747,0.95029513,0.37175862,0.25127331
1591008912.09861207,0.95058834,0.36729407,0.24916844
1591008912.11019707,0.95132138,0.36264975,0.24764128
1591008912.12254143,0.95249424,0.35764589,0.24590816
1591008912.13410211,0.95385036,0.35209923,0.24344027
1591008912.14644456,0.95511747,0.34605167,0.24049241
1591008912.15825629,0.95631302,0.33951366,0.23742063
1591008912.17059708,0.95746668,0.33257772,0.23457749
1591008912.18215775,0.95847897,0.32526130,0.23226144
1591008912.19451237,0.95935338,0.31780002,0.23080583
1591008912.20606780,0.96026794,0.31020784,0.23046375
1591008912.21849179,0.96141462,0.30267500,0.23133816
1591008912.23006582,0.96292782,0.29499730,0.23276060
1591008912.24266410,0.96480056,0.28742082,0.23389157
1591008912.25422454,0.96693859,0.28050757,0.23441168
1591008912.26656938,0.96890557,0.27380202,0.23431394
1591008912.27812815,0.97038736,0.26704410,0.23417257
1591008912.29047823,0.97136823,0.26016052,0.23450418
1591008912.30229259,0.97194943,0.25334676,0.23523024
1591008912.31467986,0.97249746,0.24641606,0.23573290
1591008912.32627797,0.97307167,0.23951153,0.23573639
1591008912.33863282,0.97347135,0.23272744,0.23539605
1591008912.35019946,0.97368952,0.22589971,0.23476598
1591008912.36254621,0.97361622,0.21913132,0.23415686
1591008912.37414646,0.97317116,0.21244322,0.23396313
1591008912.38657832,0.97242939,0.20555615,0.23410974
1591008912.39819288,0.97159163,0.19923981,0.23452687
1591008912.41052985,0.97091445,0.19362334,0.23497368
1591008912.42216444,0.97047811,0.18828088,0.23548331
1591008912.43452597,0.97024948,0.18281277,0.23666839
1591008912.44608712,0.97009763,0.17684723,0.23871392
1591008912.45869851,0.96956705,0.16978737,0.24079086
1591008912.47026730,0.96873977,0.16257567,0.24197594
1591008912.48261213,0.96814112,0.15599404,0.24134238
1591008912.49417257,0.96778682,0.14985048,0.23897397
1591008912.50653625,0.96738539,0.14401759,0.23633852
1591008912.51814508,0.96669598,0.13739232,0.23404342
1591008912.53064370,0.96559817,0.12972160,0.23246564
1591008912.54218364,0.96413559,0.12148364,0.23160694
1591008912.55462027,0.96277423,0.11306766,0.23110254
1591008912.56622815,0.96164500,0.10458013,0.23016704
1591008912.57868958,0.96024699,0.09612052,0.22868875
1591008912.59026766,0.95843709,0.08794191,0.22707781
1591008912.60262060,0.95627637,0.08006523,0.22541974
1591008912.61425304,0.95400919,0.07246956,0.22379659
1591008912.62660432,0.95199159,0.06519677,0.22215598
1591008912.63819361,0.95037017,0.05798158,0.22030768
