1591242406.52758265,-0.24192698,-0.08488669,1.18322957
1591242406.53911495,-0.23355168,-0.07530904,1.17615414
1591242406.55167079,-0.22612453,-0.06791279,1.17362714
1591242406.56308699,-0.21870884,-0.06460999,1.16175032
1591242406.57548952,-0.21440887,-0.06118444,1.12965786
1591242406.58707380,-0.19747140,-0.05645345,1.09579647
1591242406.59943914,-0.18156150,-0.05541717,1.05865002
1591242406.61122417,-0.16424946,-0.06216571,1.02226174
1591242406.62366152,-0.15745738,-0.06856322,1.00179327
1591242406.63520861,-0.14873403,-0.07399280,0.99926627
1591242406.64757395,-0.13983744,-0.06553997,1.00406754
1591242406.65910625,-0.13515675,-0.06527071,1.00356209
1591242406.67148805,-0.13386121,-0.06980383,0.98890567
1591242406.68309569,-0.12659088,-0.06795646,0.98157752
1591242406.69567227,-0.12405767,-0.08406455,0.96616298
1591242406.70720100,-0.12101859,-0.10087487,0.96262527
1591242406.71959877,-0.12828419,-0.11779869,0.97045887
1591242406.73113155,-0.11514054,-0.12639885,1.00937414
1591242406.74348235,-0.12154149,-0.12660781,1.02251434
1591242406.75527263,-0.12941921,-0.12767145,1.02832639
1591242406.76758194,-0.13470227,-0.12029824,1.02605212
1591242406.77911544,-0.14265312,-0.11991616,1.04677331
1591242406.79169250,-0.15175107,-0.13051677,1.05789185
1591242406.80322599,-0.16173631,-0.14565386,1.08821559
1591242406.81552339,-0.14824842,-0.17058696,1.12864697
1591242406.82708549,-0.15615244,-0.19331557,1.15138972
1591242406.83966589,-0.15383127,-0.19844308,1.16301382
1591242406.85127473,-0.15157405,-0.20530277,1.15113699
1591242406.86361313,-0.17314132,-0.18779695,1.15568554
1591242406.87524748,-0.15696815,-0.14896703,1.14962089
1591242406.88758302,-0.20508668,-0.13667479,1.19055772
1591242406.89920783,-0.23501360,-0.12638333,1.17590129
1591242406.91150212,-0.21216711,-0.11557819,1.16099226
1591242406.92333484,-0.22831792,-0.12960233,1.12435126
1591242406.93563795,-0.24372424,-0.14484006,1.09630179
1591242406.94714952,-0.23464809,-0.11746989,1.10337734
1591242406.95961213,-0.23498017,-0.09003320,1.12612009
1591242406.97120643,-0.23857243,-0.07505335,1.15795994
1591242406.98352695,-0.26156473,-0.07994787,1.17691207
1591242406.99533415,-0.28570896,-0.08184974,1.16730964
1591242407.00753403,-0.29868108,-0.09037411,1.15037894
1591242407.01911592,-0.27218658,-0.14597617,1.12662554
1591242407.03170633,-0.26259780,-0.19069807,1.07507527
1591242407.04323626,-0.24941844,-0.20693129,1.05157447
1591242407.05552816,-0.24792290,-0.19313975,1.02301979
1591242407.06730127,-0.25164735,-0.20062235,0.99951899
1591242407.07949996,-0.25063914,-0.18061635,1.00406754
1591242407.09129834,-0.24749272,-0.14918660,1.02857912
1591242407.10360885,-0.24940275,-0.11359723,1.07330644
1591242407.11514449,-0.25945365,-0.10388237,1.12030804
1591242407.12753844,-0.26934850,-0.11176436,1.15518022
1591242407.13907790,-0.27568388,-0.09635870,1.15694904
1591242407.15162897,-0.26755369,-0.07296390,1.13269019
1591242407.16314745,-0.26036155,-0.05909151,1.08189809
1591242407.17549396,-0.23603281,-0.06150098,0.99648654
1591242407.18729734,-0.22040753,-0.05962268,0.91233861
1591242407.19969606,-0.21373987,-0.04843610,0.85750341
1591242407.21123433,-0.20104721,-0.04811560,0.82465279
1591242407.22361279,-0.19494712,-0.05741714,0.82212579
1591242407.23514128,-0.20295337,-0.05670484,0.84031999
1591242407.24769282,-0.21428531,-0.04780555,0.85927224
1591242407.25921464,-0.22487643,-0.05237628,0.87670833
1591242407.27151489,-0.22467948,-0.05758087,0.86104119
1591242407.28309965,-0.21686831,-0.05817725,0.83172828
1591242407.29566336,-0.20687935,-0.07196417,0.80468971
1591242407.30718446,-0.19901945,-0.09283069,0.79963577
1591242407.31958222,-0.19233429,-0.11236377,0.80949098
1591242407.33111548,-0.19168982,-0.12550530,0.83526605
1591242407.34368753,-0.20492518,-0.11874992,0.86761123
1591242407.35521889,-0.21648681,-0.09130222,0.89641869
1591242407.36759067,-0.21780960,-0.06809600,0.91688710
1591242407.37916374,-0.20959470,-0.05940801,0.93078548
1591242407.39147091,-0.20140964,-0.05085294,0.94266218
1591242407.40326357,-0.19667828,-0.04768655,0.95125389
1591242407.41556692,-0.18683210,-0.04938402,0.97374392
1591242407.42708993,-0.16631261,-0.07222724,0.99345422
1591242407.43965721,-0.14524224,-0.09588324,0.99522316
1591242407.45117497,-0.13165092,-0.10285185,0.99926627
1591242407.46347952,-0.12779497,-0.10728829,1.02125084
1591242407.47525549,-0.13762245,-0.10651539,1.03009522
1591242407.48762369,-0.13354063,-0.11552048,1.03944504
1591242407.49916887,-0.13048586,-0.11465183,1.07431722
1591242407.51147318,-0.14073658,-0.10886021,1.10135579
1591242407.52324772,-0.13936843,-0.11329664,1.12334037
1591242407.53554630,-0.13179956,-0.10967368,1.12106609
1591242407.54733849,-0.14435591,-0.12502448,1.14608312
1591242407.55946350,-0.13794903,-0.15957224,1.15619099
1591242407.57125378,-0.12036033,-0.17855518,1.17438507
1591242407.58359575,-0.12679222,-0.17431884,1.14684117
1591242407.59514737,-0.13279772,-0.14999469,1.12232959
1591242407.60758090,-0.13926254,-0.12144734,1.11222172
1591242407.61915588,-0.16035718,-0.09632303,1.09604919
1591242407.63152695,-0.15847111,-0.07458617,1.09099519
1591242407.64331245,-0.16405182,-0.06019590,1.10236657
1591242407.65561628,-0.17148694,-0.05623872,1.09630179
1591242407.66714549,-0.17362978,-0.05621488,1.10034502
1591242407.67947698,-0.16121069,-0.05507307,1.10160851
1591242407.69134307,-0.15861371,-0.06745239,1.09781802
1591242407.70365858,-0.15415563,-0.08908893,1.08619392
1591242407.71516943,-0.15071258,-0.09433669,1.08240354
1591242407.72755766,-0.15374011,-0.09919150,1.08897364
1591242407.73908448,-0.15903392,-0.10075058,1.09933424
1591242407.75164938,-0.16748017,-0.09840482,1.11146367
1591242407.76324105,-0.17356230,-0.09683195,1.11474872
1591242407.77554274,-0.17506923,-0.09805033,1.10489357
1591242407.78709865,-0.16930757,-0.09972323,1.09882879
1591242407.79970026,-0.16957887,-0.10153249,1.09529102
1591242407.81125259,-0.16735125,-0.10471915,1.08947909
1591242407.82355309,-0.16749513,-0.10151458,1.07179034
1591242407.83507609,-0.16690361,-0.09927361,1.06269312
1591242407.84762692,-0.16438532,-0.10451955,1.05334342
1591242407.85914302,-0.16478431,-0.10719697,1.05662847
1591242407.87153864,-0.16352844,-0.10706522,1.04955292
1591242407.88308287,-0.15690202,-0.10816534,1.04677331
1591242407.89570379,-0.14940618,-0.10837460,1.03211689
1591242407.90726328,-0.15038328,-0.10907932,1.02200902
1591242407.91969013,-0.14452326,-0.10800663,1.01139569
1591242407.93122005,-0.14377958,-0.11146137,1.01518619
1591242407.94352984,-0.14752945,-0.11169332,1.00558376
1591242407.95534229,-0.14469589,-0.10505192,1.00760531
1591242407.96763492,-0.14320338,-0.11142063,1.00052977
1591242407.97916698,-0.14199787,-0.11237520,1.00432026
1591242407.99152803,-0.14011157,-0.11044323,1.00558376
1591242408.00331879,-0.14189832,-0.11534815,1.00381482
1591242408.01562858,-0.13782616,-0.12197590,1.00154054
1591242408.02714658,-0.13395998,-0.12151676,1.00229859
1591242408.03971124,-0.13810180,-0.11122070,0.99219084
1591242408.05127835,-0.14600147,-0.10281111,0.98460984
1591242408.06357646,-0.14601117,-0.09426977,0.96995342
1591242408.07509208,-0.14645815,-0.10242046,0.95883477
1591242408.08765244,-0.14420971,-0.11552586,0.96540487
1591242408.09923506,-0.15165393,-0.13462691,0.99042189
1591242408.11153650,-0.16237770,-0.15046856,1.02453601
1591242408.12332201,-0.17009559,-0.15612780,1.04601514
1591242408.13562584,-0.18361621,-0.14475398,1.07153749
1591242408.14713883,-0.19510241,-0.12402505,1.09048986
1591242408.15945768,-0.20445824,-0.10643281,1.09807074
1591242408.17125535,-0.20504162,-0.09502284,1.10438812
1591242408.18356180,-0.20853415,-0.09553193,1.10918939
1591242408.19511056,-0.19927344,-0.08904467,1.09882879
1591242408.20756841,-0.18774138,-0.08956609,1.07709694
1591242408.21918130,-0.17294851,-0.09410965,1.05966079
1591242408.23153639,-0.16297026,-0.10069208,1.04727864
1591242408.24310112,-0.15824887,-0.10344686,1.04273009
1591242408.25570560,-0.15912417,-0.10858355,1.04525709
1591242408.26727009,-0.15612814,-0.11507037,1.04500437
1591242408.27972198,-0.15596260,-0.12125249,1.05763924
1591242408.29129481,-0.15768880,-0.12341164,1.06522012
1591242408.30370212,-0.16240504,-0.12246612,1.06623089
1591242408.31529450,-0.16762146,-0.12570730,1.06142962
1591242408.32764220,-0.17787260,-0.13158041,1.06370389
1591242408.33921027,-0.19246951,-0.13206206,1.08189809
1591242408.35155511,-0.19616058,-0.12640250,1.08821559
1591242408.36311388,-0.20231694,-0.12999344,1.10843134
1591242408.37546062,-0.20478912,-0.13428892,1.13243747
1591242408.38728762,-0.19511540,-0.14706248,1.13749135
1591242408.39972258,-0.18587172,-0.15279022,1.13243747
1591242408.41127563,-0.17611165,-0.15135385,1.12435126
1591242408.42364597,-0.16877052,-0.14877678,1.09048986
1591242408.43520713,-0.16562240,-0.14158112,1.06370389
1591242408.44755220,-0.16333912,-0.13114427,1.04171932
1591242408.45921135,-0.17385514,-0.11967993,1.03312767
1591242408.47155476,-0.17529529,-0.11335228,1.02706289
1591242408.48313141,-0.16507456,-0.11456130,1.04020309
1591242408.49550080,-0.19601843,-0.10766101,1.02352512
1591242408.50712299,-0.20019722,-0.09893766,1.02403057
1591242408.51948571,-0.18423644,-0.10030603,1.01695514
1591242408.53130651,-0.18198794,-0.11957546,1.02655756
1591242408.54367161,-0.18512154,-0.12827596,1.03489649
1591242408.55523157,-0.18872666,-0.12712131,1.03666532
1591242408.56756663,-0.19663113,-0.12721217,1.04298282
1591242408.57920766,-0.20399503,-0.12020707,1.04753137
1591242408.59157801,-0.21000384,-0.11424756,1.04828942
1591242408.60319376,-0.21261676,-0.11367032,1.04222476
1591242408.61559606,-0.20763177,-0.11571595,1.03843427
1591242408.62714720,-0.20417191,-0.12318002,1.04702604
1591242408.63959599,-0.19880894,-0.12932597,1.04045582
1591242408.65117598,-0.19481814,-0.13583088,1.04980564
1591242408.66353989,-0.18947028,-0.13834468,1.05005836
1591242408.67512274,-0.18799174,-0.14063574,1.05081642
1591242408.68754506,-0.19363078,-0.14009941,1.04550982
1591242408.69930959,-0.18991506,-0.13562636,1.04601514
1591242408.71175933,-0.18930446,-0.13780835,1.04475176
1591242408.72321415,-0.18681802,-0.14643624,1.04247737
1591242408.73556471,-0.18307835,-0.15021378,1.04298282
1591242408.74710608,-0.18405716,-0.15393677,1.04247737
1591242408.75967145,-0.18771920,-0.15217301,1.04222476
1591242408.77129054,-0.19304034,-0.14446798,1.03843427
1591242408.78362203,-0.20073108,-0.13238516,1.05081642
1591242408.79515553,-0.19828914,-0.12317541,1.05157447
1591242408.80759811,-0.20291018,-0.11498842,1.05738652
1591242408.81923223,-0.19778556,-0.11765221,1.06041896
1591242408.83156252,-0.19197327,-0.12473451,1.06193507
1591242408.84310126,-0.18765652,-0.13239421,1.05561769
1591242408.85567522,-0.17906860,-0.14029948,1.03995049
1591242408.86719775,-0.17481074,-0.14622270,1.03388572
1591242408.87959623,-0.17010731,-0.14645907,1.03363299
1591242408.89111161,-0.17251807,-0.14488161,1.04146659
1591242408.90350103,-0.17501953,-0.14259958,1.04550982
1591242408.91535878,-0.17998606,-0.13903560,1.05359614
1591242408.92765594,-0.18795790,-0.14073119,1.05258524
1591242408.93918920,-0.18541834,-0.14569508,1.06117702
1591242408.95154428,-0.19079685,-0.14993174,1.06092429
1591242408.96331930,-0.19175328,-0.14206308,1.05410147
1591242408.97563028,-0.18975528,-0.13170788,1.04753137
1591242408.98717356,-0.18531433,-0.13220792,1.04753137
1591242408.99959183,-0.19543064,-0.14249954,1.04828942
1591242409.01116133,-0.17778523,-0.13273539,1.03413844
1591242409.02366972,-0.18500349,-0.12973057,1.03868699
1591242409.03524828,-0.19652247,-0.13043512,1.04247737
1591242409.04755926,-0.20062101,-0.13079421,1.04449904
1591242409.05911493,-0.20034665,-0.12350281,1.04374087
1591242409.07170916,-0.21445015,-0.12012067,1.05056381
1591242409.08323765,-0.22468123,-0.11147913,1.05258524
1591242409.09552646,-0.23109311,-0.09361421,1.05511224
1591242409.10734510,-0.23971742,-0.07842737,1.06799984
1591242409.11958504,-0.24472250,-0.07412945,1.09150052
1591242409.13112497,-0.24350193,-0.08687012,1.10337734
1591242409.14351726,-0.23803356,-0.09754570,1.10944211
1591242409.15530896,-0.22280557,-0.10501911,1.09503829
1591242409.16763186,-0.20605753,-0.11142889,1.07482266
1591242409.17915654,-0.19849592,-0.12067968,1.06092429
1591242409.19152451,-0.18203938,-0.12727129,1.03944504
1591242409.20332718,-0.17518933,-0.13618109,1.03312767
1591242409.21564102,-0.16680764,-0.14136788,1.02731562
1591242409.22716022,-0.16620356,-0.14420448,1.02428329
1591242409.23953581,-0.16993240,-0.14382271,1.01720774
1591242409.25132656,-0.17281696,-0.13944511,1.01948202
1591242409.26363111,-0.17784289,-0.14053142,1.03034794
1591242409.27514195,-0.18049222,-0.14130415,1.03540194
1591242409.28770423,-0.18351439,-0.13978581,1.03969777
1591242409.29923344,-0.18357697,-0.13759018,1.04070854
1591242409.31153178,-0.18578294,-0.13738108,1.04146659
1591242409.32312107,-0.19122435,-0.13762650,1.04601514
1591242409.33549380,-0.19490062,-0.13380347,1.04930031
1591242409.34727645,-0.19713646,-0.13193966,1.05182719
1591242409.35967350,-0.19877227,-0.12830769,1.04475176
1591242409.37126732,-0.19685608,-0.12568036,1.03312767
1591242409.38358068,-0.19703381,-0.12473038,1.02478862
1591242409.39509964,-0.19265771,-0.12392579,1.02377784
1591242409.40763927,-0.19487052,-0.12257566,1.02655756
1591242409.41922474,-0.19418234,-0.12295742,1.03363299
1591242409.43156219,-0.19653276,-0.12681660,1.04955292
1591242409.44336510,-0.19650176,-0.13037583,1.05991352
1591242409.45564055,-0.20267121,-0.12676191,1.06244051
1591242409.46715426,-0.20364636,-0.12478000,1.05814469
1591242409.47954941,-0.19868106,-0.11881144,1.05410147
1591242409.49134493,-0.19562137,-0.12088436,1.05081642
1591242409.50370073,-0.19159332,-0.12144813,1.04273009
1591242409.51514912,-0.19160324,-0.12343922,1.03792882
1591242409.52762175,-0.18991202,-0.12633021,1.04980564
1591242409.53926325,-0.18906482,-0.13354869,1.06774712
1591242409.55167532,-0.19311476,-0.13202576,1.07659149
1591242409.56319880,-0.19792916,-0.12564342,1.08341432
1591242409.57554007,-0.19841719,-0.11843397,1.07027400
1591242409.58710527,-0.20271939,-0.11227913,1.05814469
1591242409.59967828,-0.20305701,-0.10526960,1.05334342
1591242409.61127448,-0.19840875,-0.10422862,1.05258524
1591242409.62352419,-0.19557795,-0.11102904,1.05814469
1591242409.63517570,-0.19458829,-0.11305185,1.06319857
1591242409.64766192,-0.19237234,-0.11508386,1.05915534
1591242409.65932870,-0.19531119,-0.11100177,1.05763924
1591242409.67161727,-0.19429766,-0.10659705,1.04550982
1591242409.68325305,-0.19467160,-0.10856548,1.03565466
1591242409.69555759,-0.19401039,-0.10999282,1.03893960
1591242409.70711040,-0.19326073,-0.11301570,1.04399359
1591242409.71968484,-0.19784954,-0.11792046,1.05612302
1591242409.73131299,-0.20202003,-0.12020232,1.06597829
1591242409.74363780,-0.20669365,-0.11780663,1.07254839
1591242409.75514889,-0.21120802,-0.10936517,1.06901062
1591242409.76760817,-0.21052152,-0.10571510,1.05233264
1591242409.77914953,-0.20953240,-0.10326058,1.03464389
1591242409.79151940,-0.20586754,-0.10156055,1.02630484
1591242409.80331373,-0.20718366,-0.10241967,1.02832639
1591242409.81562114,-0.20346990,-0.10533333,1.04525709
1591242409.82719660,-0.20728946,-0.10894710,1.05662847
1591242409.83959675,-0.20632175,-0.10384670,1.05940819
1591242409.85113764,-0.20370232,-0.10141930,1.05612302
1591242409.86369991,-0.20266686,-0.09797375,1.04323554
1591242409.87520528,-0.19782606,-0.09736922,1.03666532
1591242409.88758779,-0.19426325,-0.10176967,1.02554679
1591242409.89911151,-0.19130555,-0.11845711,1.03363299
1591242409.91166782,-0.19058767,-0.13102600,1.04879487
1591242409.92319536,-0.19623129,-0.13080770,1.05865002
1591242409.93555641,-0.21113622,-0.11943880,1.05182719
1591242409.94735265,-0.22029383,-0.09535547,1.03641272
1591242409.95973635,-0.22474280,-0.09034592,1.04550982
1591242409.97125411,-0.22464949,-0.10046917,1.06168246
1591242409.98358154,-0.22656758,-0.11429718,1.08164549
1591242409.99513650,-0.20359620,-0.14509025,1.08240354
1591242410.00785232,-0.20033403,-0.14795855,1.08922637
1591242410.01920915,-0.20158798,-0.13688961,1.08796287
1591242410.03162336,-0.19257955,-0.12895294,1.06597829
1591242410.04324961,-0.18991488,-0.12127991,1.04424632
1591242410.05554867,-0.18675715,-0.11029753,1.02605212
1591242410.06732917,-0.18223062,-0.10734282,1.02226174
1591242410.07973433,-0.18258521,-0.11171584,1.02453601
1591242410.09126520,-0.17783478,-0.12071647,1.02453601
1591242410.10358047,-0.16962516,-0.12507583,1.02655756
1591242410.11535549,-0.17048055,-0.13004433,1.03060067
1591242410.12766910,-0.17049053,-0.12822142,1.03388572
1591242410.13925290,-0.18156594,-0.11976174,1.03464389
1591242410.15156531,-0.18226045,-0.11420222,1.03818166
1591242410.16334891,-0.18642128,-0.11416131,1.03742349
1591242410.17566061,-0.19227020,-0.11661139,1.04576254
1591242410.18718958,-0.19332530,-0.11585674,1.05031097
1591242410.19958520,-0.19254123,-0.11640228,1.04652059
1591242410.21112442,-0.19373882,-0.11232923,1.04980564
1591242410.22350860,-0.19786121,-0.11441576,1.04677331
1591242410.23529339,-0.20085865,-0.11274286,1.05283797
1591242410.24764442,-0.20056373,-0.11738856,1.06016624
1591242410.25917935,-0.20247450,-0.11745672,1.06142962
1591242410.27174163,-0.20783120,-0.11267452,1.06547284
1591242410.28326774,-0.20853169,-0.10754687,1.06774712
1591242410.29556894,-0.21083325,-0.10280557,1.07254839
1591242410.30734301,-0.21093534,-0.10274200,1.06673634
1591242410.31973553,-0.21158659,-0.09697352,1.05713379
1591242410.33125639,-0.20727448,-0.09643717,1.05182719
1591242410.34361362,-0.20646368,-0.09795551,1.04753137
1591242410.35515261,-0.20628056,-0.09634633,1.04550982
1591242410.36771631,-0.20803462,-0.09562814,1.04146659
1591242410.37924409,-0.21069279,-0.09178244,1.03969777
1591242410.39153719,-0.21776716,-0.08752091,1.03919232
1591242410.40332103,-0.21401156,-0.08732666,1.04904747
1591242410.41562128,-0.21667311,-0.08609626,1.05763924
1591242410.42714477,-0.21206827,-0.10815598,1.06976867
1591242410.43974543,-0.19792406,-0.11893860,1.06572556
1591242410.45126390,-0.19602352,-0.12141594,1.07456994
1591242410.46355128,-0.20301063,-0.11279264,1.07229567
1591242410.47532392,-0.19693729,-0.11591113,1.06522012
1591242410.48761725,-0.18696478,-0.11709303,1.06395662
1591242410.49914527,-0.19018313,-0.11614306,1.05561769
1591242410.51169634,-0.18278743,-0.11360215,1.04096127
1591242410.52321529,-0.17734401,-0.11448410,1.03413844
1591242410.53550792,-0.16764078,-0.11860265,1.02706289
1591242410.54728150,-0.16758391,-0.12156180,1.04020309
1591242410.55968094,-0.17260188,-0.12569366,1.06117702
1591242410.57122898,-0.18381661,-0.12546156,1.08467782
1591242410.58354878,-0.18221161,-0.11735193,1.08265615
1591242410.59536791,-0.18142472,-0.11678372,1.08139277
1591242410.60769701,-0.17965047,-0.11061525,1.06901062
1591242410.61930251,-0.17525278,-0.10662417,1.05991352
1591242410.63166547,-0.16818750,-0.10852443,1.04879487
1591242410.64332676,-0.16822365,-0.10550599,1.05309069
1591242410.65569925,-0.16738965,-0.09554158,1.05839729
1591242410.66726661,-0.17457403,-0.09879625,1.06774712
1591242410.67976165,-0.16718574,-0.09298703,1.04348826
1591242410.69135284,-0.16245268,-0.09454642,1.02605212
1591242410.70370936,-0.14676660,-0.09524654,1.02049279
1591242410.71528506,-0.15922381,-0.08858247,1.01746047
1591242410.72765493,-0.14091215,-0.11107945,1.02200902
1591242410.73926544,-0.13930994,-0.11259763,1.03161144
1591242410.75171351,-0.13092202,-0.11768423,1.04247737
1591242410.76330876,-0.12151001,-0.11996625,1.03843427
1591242410.77565598,-0.12154432,-0.12772155,1.01998746
1591242410.78723216,-0.11142159,-0.13493575,1.01468074
1591242410.79963565,-0.10871395,-0.13612226,1.00886869
1591242410.81117582,-0.11671027,-0.13830410,1.02150357
1591242410.82374859,-0.12438156,-0.13860390,1.04096127
1591242410.83528066,-0.13150690,-0.13159865,1.05940819
1591242410.84762526,-0.13799948,-0.12336615,1.06901062
1591242410.85916758,-0.14427879,-0.11081073,1.06799984
1591242410.87152624,-0.14494626,-0.10801964,1.06724167
1591242410.88332844,-0.14372140,-0.10432866,1.04980564
1591242410.89565921,-0.14054623,-0.10225147,1.02984262
1591242410.90717387,-0.13600713,-0.10818832,1.02403057
1591242410.91956019,-0.13260326,-0.11661614,1.02731562
1591242410.93116832,-0.13543430,-0.12269822,1.04273009
1591242410.94349647,-0.13782829,-0.12262069,1.06446207
1591242410.95528030,-0.14693949,-0.11222443,1.07103217
1591242410.96757340,-0.15608107,-0.10421023,1.07077944
1591242410.97912240,-0.15540572,-0.09536877,1.06446207
1591242410.99167538,-0.15804079,-0.09585074,1.05485952
1591242411.00319862,-0.15082365,-0.09930104,1.04930031
1591242411.01552010,-0.14711262,-0.11095643,1.04753137
1591242411.02730823,-0.14070456,-0.11838418,1.05081642
1591242411.03973508,-0.13809499,-0.12646195,1.05688119
1591242411.05136728,-0.13351499,-0.12780289,1.06319857
1591242411.06352544,-0.13040806,-0.13045764,1.06142962
1591242411.07531357,-0.13140771,-0.12661193,1.05966079
1591242411.08767343,-0.13404965,-0.12213889,1.06016624
1591242411.09931588,-0.13783398,-0.11868414,1.05637574
1591242411.11164117,-0.13543439,-0.11272019,1.04778409
1591242411.12325239,-0.13815421,-0.11441576,1.04677331
1591242411.13557220,-0.13772480,-0.11552031,1.05334342
1591242411.14714742,-0.14215012,-0.11696573,1.06623089
1591242411.15958238,-0.14683251,-0.11611564,1.06901062
1591242411.17112780,-0.14326321,-0.11604747,1.06774712
1591242411.18368888,-0.14051124,-0.11276552,1.05789185
1591242411.19524121,-0.14041170,-0.10957444,1.05435419
1591242411.20755887,-0.14559779,-0.10191949,1.04222476
1591242411.21934819,-0.14757742,-0.09607823,1.03590727
1591242411.23167753,-0.14754811,-0.09795567,1.03363299
1591242411.24319434,-0.14559296,-0.10193312,1.04247737
1591242411.25556445,-0.14511457,-0.10676526,1.04399359
1591242411.26735020,-0.14524196,-0.10942906,1.04702604
1591242411.27975416,-0.14626485,-0.11325209,1.04374087
1591242411.29129004,-0.14478946,-0.11486126,1.04576254
1591242411.30359197,-0.14650486,-0.11425215,1.04374087
1591242411.31538725,-0.14658710,-0.11255641,1.05865002
1591242411.32768512,-0.15017775,-0.10909264,1.05005836
1591242411.33922410,-0.14886275,-0.10867900,1.04702604
1591242411.35158038,-0.14488733,-0.10887003,1.03666532
1591242411.36337352,-0.14523877,-0.11392494,1.03767622
1591242411.37569094,-0.13900982,-0.12521662,1.03843427
1591242411.38720989,-0.13389078,-0.14478600,1.05359614
1591242411.39969158,-0.12475219,-0.17296046,1.07532799
1591242411.41124320,-0.12332962,-0.18707940,1.09604919
1591242411.42359519,-0.12298618,-0.17281492,1.08189809
1591242411.43512487,-0.13314976,-0.13735808,1.06420934
1591242411.44768453,-0.15037909,-0.11020178,1.05207992
1591242411.45933485,-0.15656540,-0.09510988,1.04576254
1591242411.47168231,-0.15731192,-0.09511892,1.05056381
1591242411.48321223,-0.15440181,-0.09475078,1.04374087
1591242411.49553061,-0.14507543,-0.09432352,1.04045582
1591242411.50732160,-0.14400554,-0.09691469,1.03287494
1591242411.51966047,-0.13076775,-0.09313272,1.02301979
1591242411.53137445,-0.13171238,-0.10491082,1.02352512
1591242411.54371047,-0.12449263,-0.12012985,1.04146659
1591242411.55519390,-0.11864167,-0.12967128,1.05612302
1591242411.56755614,-0.12078135,-0.13211691,1.05511224
1591242411.57915401,-0.13298234,-0.12617548,1.06547284
1591242411.59152102,-0.14255542,-0.10976531,1.05789185
1591242411.60332131,-0.14594224,-0.09376895,1.03944504
1591242411.61563206,-0.15101479,-0.08625297,1.03363299
1591242411.62716389,-0.15014631,-0.08923692,1.02958989
1591242411.63956881,-0.14177766,-0.10043302,1.04247737
1591242411.65115762,-0.13622209,-0.11787955,1.05536497
1591242411.66364026,-0.13507679,-0.13188957,1.06016624
1591242411.67521143,-0.13452508,-0.13233507,1.05915534
1591242411.68753862,-0.13253951,-0.13158041,1.06370389
1591242411.69930911,-0.13236065,-0.13208489,1.07305372
1591242411.71168160,-0.13614066,-0.13503057,1.07204294
1591242411.72341442,-0.13659543,-0.13048935,1.07128489
1591242411.73577309,-0.13631618,-0.12702556,1.06269312
1591242411.74731588,-0.13573267,-0.11792505,1.05157447
1591242411.75975108,-0.13853785,-0.11254294,1.04449904
1591242411.77130389,-0.13815135,-0.11711602,1.04121399
1591242411.78360200,-0.13757546,-0.11997972,1.05258524
1591242411.79516649,-0.13677007,-0.12405722,1.05865002
1591242411.80773592,-0.13320133,-0.12421180,1.05688119
1591242411.81925058,-0.12341678,-0.12463921,1.04626787
1591242411.83156300,-0.12477611,-0.12717126,1.04222476
1591242411.84342718,-0.12585057,-0.12254807,1.05384874
1591242411.85567784,-0.13174707,-0.11645666,1.06142962
1591242411.86723924,-0.13986740,-0.11145172,1.06597829
1591242411.87969732,-0.13614258,-0.10722868,1.06648362
1591242411.89124250,-0.13885532,-0.10804690,1.06774712
1591242411.90361929,-0.14219624,-0.11447443,1.08493042
1591242411.91519904,-0.14450794,-0.11990665,1.08366704
1591242411.92753172,-0.13934575,-0.12693900,1.07962382
1591242411.93931460,-0.13976489,-0.13180301,1.07709694
1591242411.95169187,-0.13768856,-0.13321687,1.06623089
1591242411.96323252,-0.13179609,-0.13705353,1.06319857
1591242411.97553992,-0.12801711,-0.14218135,1.04702604
1591242411.98731160,-0.12949704,-0.14235416,1.04096127
1591242411.99972868,-0.13638236,-0.12729873,1.02605212
1591242412.01125288,-0.14327250,-0.11222966,1.01089036
1591242412.02361107,-0.14430597,-0.10593848,0.99623394
1591242412.03514194,-0.14084271,-0.10971600,0.99673927
1591242412.04770660,-0.13621315,-0.12307586,1.01265919
1591242412.05928683,-0.13507497,-0.13649927,1.03439116
1591242412.07164288,-0.13519722,-0.14332236,1.04500437
1591242412.08320165,-0.13577764,-0.14224064,1.02958989
1591242412.09553146,-0.13800891,-0.14005882,1.01695514
1591242412.10732508,-0.14004564,-0.14414090,1.01847124
1591242412.11972094,-0.14046651,-0.14585915,1.02251434
1591242412.13124990,-0.15080328,-0.14902298,1.02554679
1591242412.14360785,-0.16318561,-0.15165047,1.02327251
1591242412.15513730,-0.17762119,-0.15484172,1.01291192
1591242412.16776609,-0.20320162,-0.17672515,1.00608909
1591242412.17921829,-0.20052056,-0.16494246,1.01013219
1591242412.19172549,-0.19378446,-0.15502802,1.02099824
1591242412.20335507,-0.18717384,-0.13422661,1.01543880
1591242412.21568036,-0.17901972,-0.12699892,1.00659442
1591242412.22720051,-0.16579102,-0.13618109,1.03312767
1591242412.23958373,-0.17617404,-0.16441421,1.09301686
1591242412.25113988,-0.17999849,-0.16420034,1.11222172
1591242412.26351428,-0.17809942,-0.15916353,1.12081349
1591242412.27513361,-0.16710481,-0.16257752,1.10994744
1591242412.28771400,-0.16922313,-0.15445489,1.05207992
1591242412.29923773,-0.14772305,-0.14981885,0.99395967
1591242412.31153631,-0.10897031,-0.13799588,0.94165140
1591242412.32334161,-0.07021253,-0.13769148,0.92674226
1591242412.33564949,-0.04940357,-0.12619084,0.91284394
1591242412.34717226,-0.03216750,-0.12384540,0.89717680
1591242412.35958147,-0.01749203,-0.11051741,0.87721378
1591242412.37123179,-0.00823437,-0.11263599,0.85623991
1591242412.38360882,0.01624934,-0.11997321,0.82541090
1591242412.39539313,0.03949273,-0.12695135,0.79256034
1591242412.40770125,0.03886662,-0.11896029,0.75566655
1591242412.41936207,0.04048830,-0.09751332,0.75667739
1591242412.43152976,0.01665214,-0.06606416,0.78952789
1591242412.44335985,-0.02410489,-0.04025589,0.84941703
1591242412.45571899,-0.08011321,-0.02205180,0.92017215
1591242412.46733236,-0.13068476,-0.00019735,0.99951899
1591242412.47977185,-0.15975511,0.01105699,1.06901062
1591242412.49131918,-0.16699046,-0.00195312,1.13521719
1591242412.50368881,-0.16597359,-0.02930916,1.18474567
1591242412.51520300,-0.16356006,-0.05614369,1.22012329
1591242412.52761412,-0.16377074,-0.06527147,1.23680127
1591242412.53919673,-0.16865288,-0.05845807,1.24059176
1591242412.55157638,-0.16491923,-0.04739431,1.22391367
1591242412.56316519,-0.15309563,-0.04535264,1.20849931
1591242412.57557607,-0.14754599,-0.05105827,1.19763327
1591242412.58719254,-0.14144492,-0.05589136,1.18853617
1591242412.59971428,-0.12878692,-0.05312374,1.19106317
1591242412.61129880,-0.12247425,-0.08130448,1.19308472
1591242412.62365317,-0.11775208,-0.10233139,1.19813871
1591242412.63521051,-0.12172232,-0.11011364,1.20799375
1591242412.64755893,-0.13143969,-0.11156380,1.20243442
1591242412.65916443,-0.14112866,-0.10245441,1.17261624
1591242412.67157388,-0.13057630,-0.09244302,1.14835739
1591242412.68316436,-0.14293069,-0.10867345,1.13496447
1591242412.69577384,-0.18187428,-0.08978093,1.11247444
1591242412.70732832,-0.15318236,-0.07217298,1.08215082
1591242412.71957183,-0.21178827,-0.03760477,1.04247737
1591242412.73116112,-0.22881399,-0.01035449,1.02630484
1591242412.74376297,-0.22235382,0.01874990,1.02958989
1591242412.75532818,-0.21284921,-0.00815964,1.07532799
1591242412.76768589,-0.19511725,-0.06766381,1.12864697
1591242412.77931976,-0.16522843,-0.14624839,1.17337441
1591242412.79168391,-0.17186515,-0.18053234,1.19712794
1591242412.80325341,-0.19983122,-0.18755504,1.24387681
1591242412.81557727,-0.19768126,-0.12393691,1.24640381
1591242412.82739091,-0.22792992,-0.08477095,1.22593534
1591242412.83958530,-0.22041556,-0.05765351,1.18979967
1591242412.85135436,-0.19557592,-0.06545185,1.15492749
1591242412.86354303,-0.17005669,-0.10822780,1.14987350
1591242412.87536430,-0.14436869,-0.16331792,1.16073954
1591242412.88769150,-0.09620181,-0.21944915,1.15846527
1591242412.89921284,-0.07770016,-0.28048056,1.17286897
1591242412.91157246,-0.03778432,-0.34000710,1.20571959
1591242412.92337394,-0.02248339,-0.40852949,1.25701702
1591242412.93569613,-0.06281380,-0.44498625,1.28860402
1591242412.94721842,-0.12599981,-0.39733276,1.29972279
1591242412.95960569,-0.14985669,-0.29533067,1.25347924
1591242412.97114682,-0.16027388,-0.22956733,1.22088134
1591242412.98360538,-0.16529113,-0.16221321,1.16806769
1591242412.99540234,-0.20176865,-0.09982297,1.12384582
1591242413.00770116,-0.21497208,-0.06689002,1.10085034
1591242413.01923323,-0.18382643,-0.08374122,1.10817862
1591242413.03156734,-0.12887423,-0.16191831,1.11626482
1591242413.04336333,-0.10545300,-0.22156343,1.11424339
1591242413.05569530,-0.11545371,-0.24854709,1.11853921
1591242413.06721401,-0.13507959,-0.26411128,1.16604614
1591242413.07970071,-0.12925611,-0.24589647,1.15745449
1591242413.09126353,-0.14463755,-0.20998067,1.12662554
1591242413.10357976,-0.15055244,-0.19982141,1.07734954
1591242413.11538410,-0.09841388,-0.10672437,1.04323554
1591242413.12770104,-0.07687565,-0.06388359,1.03615999
1591242413.13922787,-0.05669240,-0.08752091,1.03919232
1591242413.15154529,-0.05654758,-0.12958503,1.04525709
1591242413.16333652,-0.06597918,-0.14475398,1.07153749
1591242413.17576551,-0.05262880,-0.16318679,1.09807074
1591242413.18723893,-0.04650126,-0.21345428,1.07052684
1591242413.19972801,-0.02127630,-0.22652811,1.05334342
1591242413.21126795,-0.01066982,-0.20682238,1.03565466
1591242413.22358036,-0.03086042,-0.19847667,1.00608909
1591242413.23537946,-0.04942098,-0.21306822,1.04020309
1591242413.24769640,-0.06587476,-0.22900514,1.08998442
1591242413.25921988,-0.06523141,-0.26334807,1.12409854
1591242413.27159619,-0.07688920,-0.33009341,1.14709389
1591242413.28340030,-0.11148001,-0.32359755,1.14254534
1591242413.29571819,-0.12184227,-0.30248255,1.13117397
1591242413.30725789,-0.17274547,-0.28118113,1.12561464
1591242413.31967306,-0.21058306,-0.24294224,1.11196911
1591242413.33125162,-0.23591344,-0.20467147,1.10236657
1591242413.34359026,-0.26314181,-0.16717803,1.09326947
1591242413.35539889,-0.28458488,-0.12929839,1.06774712
1591242413.36771250,-0.30410171,-0.10910642,1.03641272
1591242413.37924409,-0.27933228,-0.11732545,1.01265919
1591242413.39157653,-0.23940083,-0.17967543,1.00052977
1591242413.40337777,-0.21455881,-0.23707959,0.98941112
1591242413.41567159,-0.19655922,-0.27360973,0.96211988
1591242413.42718387,-0.17667556,-0.28096041,0.94544184
1591242413.43958616,-0.17364123,-0.26873255,0.92269915
1591242413.45137215,-0.16946989,-0.23372105,0.91789788
1591242413.46367955,-0.16854852,-0.19060913,0.90197796
1591242413.47519088,-0.17405152,-0.16502124,0.87721378
1591242413.48757219,-0.16130450,-0.16747163,0.85775608
1591242413.49929094,-0.15443286,-0.17789501,0.86558968
1591242413.51164365,-0.14784989,-0.19208655,0.89692402
1591242413.52332926,-0.15092185,-0.18908174,0.90147263
1591242413.53563285,-0.15031968,-0.17733061,0.92926925
1591242413.54723525,-0.16008991,-0.15698802,0.95074850
1591242413.55968785,-0.16365425,-0.13890940,0.95858210
1591242413.57123375,-0.15570685,-0.13916402,0.95403355
1591242413.58366752,-0.16111489,-0.14970565,0.95479167
1591242413.59521794,-0.15181234,-0.16421998,0.98284101
1591242413.60777545,-0.14468834,-0.19776736,1.02074552
1591242413.61920190,-0.13192205,-0.20350841,1.04374087
1591242413.63156176,-0.10506027,-0.20342202,1.04677331
1591242413.64336538,-0.10022981,-0.19303495,1.04424632
1591242413.65569711,-0.10811460,-0.16213742,1.03691816
1591242413.66722536,-0.11889525,-0.13131724,1.02175629
1591242413.67970276,-0.11758782,-0.13493162,0.97753429
1591242413.69132948,-0.11113912,-0.15617011,0.92168832
1591242413.70365477,-0.11757530,-0.18453592,0.90526307
1591242413.71529508,-0.12466799,-0.17660767,0.94367301
1591242413.72778082,-0.16264227,-0.13492672,1.00987959
1591242413.73937082,-0.21987480,-0.07869321,1.06395662
1591242413.75178051,-0.25031108,-0.04469446,1.10211384
1591242413.76332593,-0.26834667,-0.02939074,1.11449599
1591242413.77564216,-0.26712188,-0.05564576,1.13016319
1591242413.78725839,-0.26166707,-0.10129105,1.14178729
1591242413.79966640,-0.26651752,-0.13852082,1.15063167
1591242413.81125641,-0.26918352,-0.15012167,1.14785206
1591242413.82358360,-0.25819719,-0.15104453,1.14178729
1591242413.83536434,-0.24292019,-0.13410707,1.13370097
1591242413.84768343,-0.22458896,-0.10477354,1.10438812
1591242413.85921597,-0.20598528,-0.08236066,1.06016624
1591242413.87157011,-0.19367167,-0.06755769,0.98764217
1591242413.88336229,-0.18574077,-0.09067884,0.94973773
1591242413.89566946,-0.16838935,-0.12300846,0.94190407
1591242413.90721083,-0.15558508,-0.14959182,0.97121692
1591242413.91960096,-0.15862751,-0.14263208,0.98587334
1591242413.93141127,-0.16840406,-0.11241166,0.99572849
1591242413.94372773,-0.18117507,-0.08361131,0.98915839
1591242413.95525479,-0.20461558,-0.07777612,0.98865306
1591242413.96755719,-0.21447518,-0.07933716,0.99067461
1591242413.97937512,-0.23449400,-0.07366896,0.97980869
1591242413.99157453,-0.26525509,-0.04153782,0.96287793
1591242414.00316691,-0.27330980,0.00289767,0.94215685
1591242414.01574087,-0.27744827,0.02310951,0.95327550
1591242414.02725506,-0.29353118,0.00523910,0.99294877
1591242414.03965569,-0.30237776,-0.04355577,1.01821852
1591242414.05125904,-0.28440648,-0.08690083,0.99092734
1591242414.06357074,-0.27828446,-0.11450359,0.91865599
1591242414.07536554,-0.25791577,-0.13512377,0.86988556
1591242414.08766150,-0.21368641,-0.16292566,0.87544483
1591242414.09922814,-0.20254318,-0.15957983,0.88757432
1591242414.11179256,-0.23711769,-0.10469377,0.92219377
1591242414.12331271,-0.29745558,-0.04045409,1.00558376
1591242414.13560390,-0.33528322,0.02247855,1.07709694
1591242414.14740729,-0.35412672,0.06381904,1.11373794
1591242414.15957522,-0.36441568,0.07883660,1.07760227
1591242414.17130613,-0.36018169,0.09121278,0.99623394
1591242414.18364215,-0.32621747,0.11435951,0.93053275
1591242414.19526410,-0.30191252,0.12934975,0.91284394
1591242414.20763874,-0.27656168,0.11690214,0.94619995
1591242414.21935821,-0.28409970,0.11312544,0.99825549
1591242414.23172522,-0.28206897,0.12184745,1.03843427
1591242414.24325275,-0.27969301,0.12099856,1.09453297
1591242414.25562143,-0.27802566,0.10929742,1.11853921
1591242414.26715159,-0.24951008,0.10144444,1.12056077
1591242414.27958107,-0.22834511,0.11237191,1.08846819
1591242414.29137897,-0.22571042,0.16817789,1.05435419
1591242414.30375504,-0.21287128,0.22019020,1.05915534
1591242414.31529450,-0.20034587,0.20844805,1.11980259
1591242414.32759881,-0.19895215,0.13313568,1.17008924
1591242414.33919740,-0.20454746,0.04362402,1.16958392
1591242414.35180116,-0.19483064,-0.01949625,1.15088439
1591242414.36331987,-0.20870189,-0.01314637,1.14532506
1591242414.37561941,-0.22401033,0.03426115,1.15922332
1591242414.38740301,-0.25052503,0.09077591,1.18373501
1591242414.39958715,-0.28246182,0.13352759,1.18525112
1591242414.41137791,-0.29234821,0.16720951,1.17994452
1591242414.42367411,-0.29644585,0.16837515,1.18525112
1591242414.43520045,-0.27765852,0.14791098,1.20571959
1591242414.44776416,-0.26849127,0.09229262,1.18702006
1591242414.45933342,-0.23928705,0.01540923,1.16326654
1591242414.47163653,-0.21150166,-0.05042424,1.17691207
1591242414.48316574,-0.18131842,-0.09453139,1.15088439
1591242414.49572563,-0.16381469,-0.09794600,1.08442509
1591242414.50736189,-0.13623771,-0.07788530,1.02655756
1591242414.51980591,-0.12347811,-0.08461341,0.99876094
1591242414.53125668,-0.07710107,-0.12665331,1.01872396
1591242414.54365730,-0.02695522,-0.17012419,1.05056381
1591242414.55536032,-0.03477537,-0.21025351,1.11778116
1591242414.56775522,-0.07467968,-0.21787611,1.17564857
1591242414.57933307,-0.10392702,-0.17172718,1.19611704
1591242414.59164500,-0.11932798,-0.12050085,1.19662237
1591242414.60335660,-0.10885581,-0.07517610,1.17817557
1591242414.61574125,-0.06889387,-0.05625932,1.14153457
1591242414.62725759,-0.01626159,-0.08124623,1.09781802
1591242414.63973880,0.03121576,-0.13438086,1.04146659
1591242414.65128088,0.07061405,-0.18251185,1.01139569
1591242414.66358805,0.07027264,-0.19865392,1.00937414
1591242414.67539072,0.05778608,-0.19045313,1.02883184
1591242414.68773913,0.05334987,-0.16425122,1.03439116
1591242414.69926834,0.06560457,-0.15300962,1.02529407
1591242414.71158481,0.05274236,-0.16337861,1.01821852
1591242414.72335863,0.03490664,-0.18001612,1.02074552
1591242414.73565269,-0.00320117,-0.17439303,1.01847124
1591242414.74719214,-0.04698115,-0.14093174,1.00533092
1591242414.75960541,-0.07440311,-0.10780686,0.98915839
1591242414.77139354,-0.08276163,-0.09557883,0.98031402
1591242414.78374147,-0.10405008,-0.09332408,0.98486257
1591242414.79527378,-0.11233122,-0.06407093,0.99926627
1591242414.80768156,-0.11764807,-0.02667731,1.01038492
1591242414.81938410,-0.11167577,0.00823502,1.01366997
1591242414.83190370,-0.09553756,0.01991905,1.01240647
1591242414.84341288,-0.07187287,-0.01384804,1.00583637
1591242414.85565948,-0.04544884,-0.12444913,0.97323859
1591242414.86725736,-0.03139567,-0.23487967,0.96717381
1591242414.87971759,-0.03555467,-0.28623727,1.01543880
1591242414.89130163,-0.08458823,-0.25390258,1.06951594
1591242414.90368748,-0.13138340,-0.14987229,1.09225869
1591242414.91530156,-0.16830851,-0.02441103,1.10742044
1591242414.92765450,-0.18730778,0.04502501,1.13016319
1591242414.93930674,-0.18423654,0.04055650,1.15467477
1591242414.95174289,-0.14933723,-0.03431946,1.16099226
1591242414.96334815,-0.11306480,-0.12574743,1.13167942
1591242414.97564650,-0.06702177,-0.21096328,1.06142962
1591242414.98718715,-0.03873676,-0.29240161,0.99067461
1591242414.99959111,-0.04715888,-0.33173206,0.95504433
1591242415.01123214,-0.07758564,-0.32010838,0.96666837
1591242415.02357674,-0.12080397,-0.23542032,0.99572849
1591242415.03536367,-0.16991326,-0.12627123,1.03944504
1591242415.04767060,-0.20082822,-0.04271067,1.07431722
1591242415.05918741,-0.21638508,-0.01243743,1.15012622
1591242415.07174253,-0.21920688,-0.03076128,1.22062874
1591242415.08334589,-0.20926359,-0.08791696,1.24387681
1591242415.09565425,-0.18102543,-0.14321631,1.17741752
1591242415.10721278,-0.16615702,-0.18578380,1.09983957
1591242415.11960578,-0.15554720,-0.21120887,1.05207992
1591242415.13139844,-0.16328275,-0.19823110,1.01543880
1591242415.14375401,-0.17210647,-0.18304820,1.01670229
1591242415.15528297,-0.17780709,-0.18164290,1.07406449
1591242415.16783714,-0.18245068,-0.16509148,1.09630179
1591242415.17936897,-0.17512235,-0.13836688,1.09680724
