1590396471.47702122,3.20066681,-0.26641229,0.16716764
1590396471.48861551,3.19531389,-0.25975910,0.16578883
1590396471.50104403,3.19008488,-0.25418103,0.16438907
1590396471.51263404,3.18535504,-0.24967459,0.16299455
1590396471.52514148,3.18122734,-0.24617346,0.16148484
1590396471.53655648,3.17675929,-0.24317149,0.15979187
1590396471.54900002,3.17063319,-0.23954469,0.15785630
1590396471.56066632,3.16326790,-0.23411148,0.15567639
1590396471.57307005,3.15477862,-0.22706734,0.15319628
1590396471.58482695,3.14558248,-0.21856933,0.15022922
1590396471.59715176,3.13622577,-0.20923705,0.14692356
1590396471.60862780,3.12702963,-0.19943877,0.14356206
1590396471.62103868,3.11796962,-0.18973474,0.14024942
1590396471.63273931,3.10941751,-0.18030647,0.13700136
1590396471.64515996,3.10147452,-0.17158332,0.13413902
1590396471.65674043,3.09434310,-0.16382708,0.13208303
1590396471.66892076,3.08862889,-0.15676373,0.13084559
1590396471.68059373,3.08374895,-0.14984699,0.12954881
1590396471.69300079,3.07849551,-0.14282902,0.12733224
1590396471.70461535,3.07266960,-0.13560336,0.12430759
1590396471.71704030,3.06646147,-0.12820491,0.12134925
1590396471.72871733,3.06015908,-0.12058480,0.11903844
1590396471.74099731,3.05401029,-0.11306068,0.11746415
1590396471.75260854,3.04850377,-0.10606017,0.11634190
1590396471.76508260,3.04369539,-0.09984680,0.11526503
1590396471.77671480,3.03908598,-0.09425651,0.11366980
1590396471.78915572,3.03379763,-0.08916538,0.11123158
1590396471.80050516,3.02795776,-0.08443379,0.10810395
1590396471.81316614,3.02192939,-0.07992037,0.10456268
1590396471.82449722,3.01606508,-0.07555879,0.10142632
1590396471.83695674,3.01024092,-0.07120420,0.09975255
1590396471.84859705,3.00434345,-0.06688276,0.10054493
1590396471.86099815,2.99850882,-0.06206565,0.10387327
1590396471.87261605,2.99215407,-0.05655739,0.10840415
1590396471.88503885,2.98579758,-0.05034751,0.11290709
1590396471.89665174,2.98084783,-0.04394041,0.11704178
1590396471.90891886,2.97807799,-0.03832394,0.12079947
1590396471.92052674,2.97776907,-0.03460639,0.12410687
1590396471.93292594,2.97944633,-0.03341782,0.12667949
1590396471.94463897,2.98164544,-0.03469016,0.12803910
1590396471.95691490,2.98349724,-0.03748618,0.12830788
1590396471.96860266,2.98461425,-0.04080754,0.12807750
1590396471.98107553,2.98538045,-0.04388979,0.12785060
1590396471.99271750,2.98646081,-0.04585504,0.12782966
1590396472.00488400,2.98835973,-0.04654095,0.12791169
1590396472.01647568,2.99068101,-0.04624424,0.12762720
1590396472.02887034,2.99285395,-0.04538380,0.12677374
1590396472.04057288,2.99456263,-0.04419872,0.12505110
1590396472.05299425,2.99580530,-0.04299095,0.12242612
1590396472.06461787,2.99643537,-0.04193677,0.11914141
1590396472.07707524,2.99677919,-0.04132940,0.11592302
1590396472.08870077,2.99725392,-0.04124737,0.11308512
1590396472.10109663,2.99802012,-0.04181983,0.11024198
1590396472.11271548,2.99880378,-0.04277627,0.10731157
1590396472.12505984,2.99922964,-0.04408178,0.10458536
1590396472.13648057,2.99958394,-0.04555135,0.10252239
1590396472.14896321,2.99997489,-0.04677308,0.10100919
1590396472.16072249,3.00000456,-0.04773126,0.09944886
1590396472.17287493,2.99932039,-0.04864756,0.09744697
1590396472.18451619,2.99736737,-0.04975236,0.09499478
1590396472.19691467,2.99422578,-0.05095140,0.09245358
1590396472.20861363,2.99082413,-0.05204921,0.09067160
1590396472.22097516,2.98756560,-0.05296202,0.08987573
1590396472.23259234,2.98501742,-0.05317844,0.08998743
1590396472.24504066,2.98336110,-0.05254837,0.09063146
1590396472.25668263,2.98201895,-0.05112069,0.09084439
1590396472.26884007,2.98050749,-0.04915371,0.09026145
1590396472.28061986,2.97871329,-0.04697554,0.08902750
1590396472.29304218,2.97677947,-0.04496666,0.08742180
1590396472.30463672,2.97427317,-0.04339063,0.08547750
1590396472.31709290,2.97078252,-0.04211829,0.08342848
1590396472.32847333,2.96667052,-0.04114090,0.08155749
1590396472.34084654,2.96311703,-0.04039914,0.07986976
1590396472.35270905,2.95998591,-0.03968704,0.07823264
1590396472.36485529,2.95640275,-0.03881612,0.07636514
1590396472.37650371,2.95259968,-0.03773402,0.07437546
1590396472.38891053,2.94856971,-0.03640059,0.07258650
1590396472.40051365,2.94472999,-0.03487168,0.07139618
1590396472.41289234,2.94072795,-0.03337593,0.07065965
1590396472.42452359,2.93686553,-0.03194476,0.07025125
1590396472.43693280,2.93311307,-0.03047519,0.07004355
1590396472.44863415,2.92956482,-0.02885727,0.07003134
1590396472.46103859,2.92608987,-0.02742087,0.07020412
1590396472.47268081,2.92250322,-0.02634400,0.07047465
1590396472.48483706,2.91837028,-0.02559874,0.07085513
1590396472.49647856,2.91320061,-0.02500882,0.07129670
1590396472.50899196,2.90766966,-0.02430895,0.07208210
1590396472.52061057,2.90196069,-0.02320241,0.07302283
1590396472.53309226,2.89621856,-0.02146930,0.07381521
1590396472.54445314,2.89076266,-0.01908867,0.07427772
1590396472.55692005,2.88544115,-0.01622633,0.07411192
1590396472.56860995,2.88061008,-0.01278977,0.07346091
1590396472.58097124,2.87624676,-0.00901986,0.07251145
1590396472.59261537,2.87230057,-0.00520457,0.07138746
1590396472.60486531,2.86860396,-0.00169297,0.07013955
1590396472.61652589,2.86533496,0.00127060,0.06902777
1590396472.62892795,2.86246389,0.00335452,0.06801897
1590396472.64061809,2.85994364,0.00454484,0.06704508
1590396472.65308499,2.85817213,0.00501957,0.06616020
1590396472.66445923,2.85710748,0.00485900,0.06544461
1590396472.67681909,2.85645996,0.00420973,0.06476568
1590396472.68851089,2.85623830,0.00342085,0.06417052
1590396472.70100284,2.85595381,0.00259181,0.06382320
1590396472.71262813,2.85556635,0.00160396,0.06377433
1590396472.72488999,2.85518063,0.00033336,0.06395061
1590396472.73665786,2.85451392,-0.00132645,0.06422114
1590396472.74888659,2.85351210,-0.00339641,0.06490705
1590396472.76059580,2.85208791,-0.00586431,0.06589142
1590396472.77309036,2.85075971,-0.00870745,0.06720739
1590396472.78450680,2.84953624,-0.01168149,0.06874154
1590396472.79696703,2.84872990,-0.01450369,0.07041531
1590396472.80868173,2.84807016,-0.01705012,0.07208384
1590396472.82084322,2.84742963,-0.01925273,0.07363195
1590396472.83257747,2.84653253,-0.02077814,0.07477689
1590396472.84503055,2.84534047,-0.02169968,0.07555705
1590396472.85645485,2.84390930,-0.02198068,0.07607367
1590396472.86891627,2.84242577,-0.02173284,0.07627787
1590396472.88061976,2.84100332,-0.02078862,0.07623773
1590396472.89284515,2.83945173,-0.01923178,0.07613999
1590396472.90454125,2.83768894,-0.01749693,0.07596895
1590396472.91695738,2.83665571,-0.01554914,0.07599164
1590396472.92845154,2.83603437,-0.01361706,0.07605447
1590396472.94088268,2.83557360,-0.01191362,0.07619933
1590396472.95259571,2.83516520,-0.01026428,0.07630405
1590396472.96506858,2.83462414,-0.00874061,0.07625867
1590396472.97648478,2.83387540,-0.00752062,0.07602654
1590396472.98896933,2.83320170,-0.00677711,0.07573333
1590396473.00049925,2.83262749,-0.00656244,0.07544186
1590396473.01301551,2.83220512,-0.00692547,0.07511024
1590396473.02465153,2.83203757,-0.00764629,0.07500902
1590396473.03683949,2.83134642,-0.00865334,0.07531270
1590396473.04864621,2.83043186,-0.00979479,0.07625518
1590396473.06087899,2.82921362,-0.01122072,0.07754149
1590396473.07258558,2.82782260,-0.01306553,0.07899884
1590396473.08503485,2.82645426,-0.01511281,0.08039161
1590396473.09644985,2.82495851,-0.01725258,0.08138470
1590396473.10891676,2.82303167,-0.01936268,0.08197986
1590396473.12065458,2.82065278,-0.02143090,0.08226958
1590396473.13283944,2.81817267,-0.02340487,0.08231322
1590396473.14457250,2.81573445,-0.02520779,0.08222421
1590396473.15706515,2.81405369,-0.02684316,0.08214567
1590396473.16849709,2.81282324,-0.02836684,0.08202524
1590396473.18092561,2.81225077,-0.02962696,0.08199208
1590396473.19258118,2.81222633,-0.03052930,0.08194670
1590396473.20498705,2.81212511,-0.03123616,0.08191703
1590396473.21658540,2.81215303,-0.03167074,0.08204095
1590396473.22896695,2.81189647,-0.03192382,0.08198161
1590396473.24059033,2.81149679,-0.03215071,0.08157145
1590396473.25296998,2.81065728,-0.03227986,0.08062548
1590396473.26445127,2.80945475,-0.03226939,0.07935663
1590396473.27681327,2.80781763,-0.03210708,0.07796909
1590396473.28848052,2.80610197,-0.03192556,0.07670548
1590396473.30086303,2.80509317,-0.03165329,0.07555007
1590396473.31246710,2.80456085,-0.03149796,0.07443655
1590396473.32490587,2.80375276,-0.03146654,0.07327765
1590396473.33656263,2.80255721,-0.03148749,0.07209781
1590396473.34895873,2.80152398,-0.03152065,0.07097207
1590396473.36060572,2.80054485,-0.03154334,0.06984633
1590396473.37307215,2.79975945,-0.03157999,0.06895272
1590396473.38444781,2.79909971,-0.03161664,0.06809926
1590396473.39682078,2.79858310,-0.03179990,0.06727895
1590396473.40846515,2.79815898,-0.03209137,0.06654068
1590396473.42086172,2.79733169,-0.03247360,0.06588618
1590396473.43261552,2.79610996,-0.03288549,0.06528230
1590396473.44478703,2.79510989,-0.03328168,0.06471855
1590396473.45646787,2.79438732,-0.03349461,0.06408500
1590396473.46893144,2.79381137,-0.03341956,0.06351777
1590396473.48058128,2.79325984,-0.03306701,0.06304478
1590396473.49298692,2.79241685,-0.03255912,0.06273761
1590396473.50448513,2.79145343,-0.03173183,0.06259274
1590396473.51686454,2.79028755,-0.03081379,0.06215117
1590396473.52848911,2.78928922,-0.02964791,0.06136927
1590396473.54086757,2.78843226,-0.02870368,0.06024528
1590396473.55248117,2.78777602,-0.02819579,0.05868670
1590396473.56500578,2.78651240,-0.02820627,0.05672495
1590396473.57660580,2.78452970,-0.02874208,0.05468466
1590396473.58874059,2.78265697,-0.02956588,0.05307023
1590396473.60036683,2.78134099,-0.03023434,0.05219233
1590396473.61274838,2.78042294,-0.03061133,0.05176821
1590396473.62444663,2.77963755,-0.03074223,0.05147325
1590396473.63686514,2.77850832,-0.03066369,0.05114513
1590396473.64848733,2.77689913,-0.03043331,0.05077861
1590396473.66087151,2.77491120,-0.03016627,0.05038591
1590396473.67253995,2.77285171,-0.02985211,0.05020091
1590396473.68475461,2.77094581,-0.02958333,0.05024105
1590396473.69644213,2.76932091,-0.02933026,0.05051332
1590396473.70882654,2.76811139,-0.02903530,0.05085889
1590396473.72046328,2.76711306,-0.02885204,0.05120447
1590396473.73286796,2.76651616,-0.02857628,0.05163033
1590396473.74448228,2.76613044,-0.02819928,0.05205968
1590396473.75683999,2.76576218,-0.02756049,0.05239827
1590396473.76855946,2.76520542,-0.02671575,0.05234068
1590396473.78095269,2.76438162,-0.02571394,0.05170538
1590396473.79234195,2.76364509,-0.02479589,0.05059535
1590396473.80473900,2.76251936,-0.02424960,0.04887271
1590396473.81648827,2.76095729,-0.02422692,0.04641005
1590396473.82887936,2.75922069,-0.02467546,0.04315676
1590396473.84048367,2.75786805,-0.02545912,0.03929783
1590396473.85291004,2.75730780,-0.02638065,0.03510206
1590396473.86443520,2.75725370,-0.02733709,0.03091153
1590396473.87679887,2.75686973,-0.02844014,0.02699501
1590396473.88858771,2.75601626,-0.02977706,0.02360383
1590396473.90079927,2.75444546,-0.03152937,0.02080956
1590396473.91244888,2.75241914,-0.03342480,0.01879720
1590396473.92491078,2.74995997,-0.03536735,0.01759292
1590396473.93632126,2.74718315,-0.03726627,0.01728923
1590396473.94870162,2.74451803,-0.03898716,0.01766971
1590396473.96031737,2.74210948,-0.04029093,0.01832945
1590396473.97282124,2.73981088,-0.04107981,0.01902932
1590396473.98447847,2.73776012,-0.04132067,0.01984265
1590396473.99684906,2.73562732,-0.04112694,0.02080258
1590396474.00847960,2.73358529,-0.04052655,0.02198940
1590396474.02087045,2.73166717,-0.03960327,0.02329316
1590396474.03251576,2.73009114,-0.03847927,0.02480462
1590396474.04492664,2.72874026,-0.03741288,0.02646792
1590396474.05631161,2.72735097,-0.03670776,0.02815565
1590396474.06877494,2.72604896,-0.03613704,0.02991145
1590396474.08037138,2.72482199,-0.03578449,0.03169343
1590396474.09274912,2.72362469,-0.03551745,0.03321711
1590396474.10437989,2.72249721,-0.03524692,0.03431143
1590396474.11679387,2.72097179,-0.03507937,0.03496244
1590396474.12842131,2.71925963,-0.03495196,0.03516838
1590396474.14082646,2.71751779,-0.03501480,0.03465351
1590396474.15248179,2.71565378,-0.03513348,0.03329390
1590396474.16489768,2.71347386,-0.03522249,0.03110002
1590396474.17633986,2.71139692,-0.03512650,0.02847679
1590396474.18870449,2.70986801,-0.03493451,0.02582215
1590396474.20048952,2.70875973,-0.03460639,0.02324779
1590396474.21293283,2.70818551,-0.03436379,0.02087414
1590396474.22434640,2.70768111,-0.03471983,0.01858427
1590396474.23677635,2.70704930,-0.03558552,0.01617222
1590396474.24835420,2.70650127,-0.03690499,0.01389980
1590396474.26073337,2.70585026,-0.03853687,0.01201485
1590396474.27256298,2.70514515,-0.04031711,0.01069887
1590396474.28481841,2.70425503,-0.04210956,0.00990474
1590396474.29647541,2.70320609,-0.04359309,0.00946667
1590396474.30883741,2.70199308,-0.04466123,0.00921185
1590396474.32044578,2.70086909,-0.04530177,0.00931308
1590396474.33280110,2.69978699,-0.04563512,0.00978257
1590396474.34448981,2.69876073,-0.04600339,0.01043358
1590396474.35687637,2.69786538,-0.04645892,0.01099557
1590396474.36850786,2.69715678,-0.04664567,0.01152965
1590396474.38072371,2.69657558,-0.04653397,0.01217716
1590396474.39235926,2.69597693,-0.04626519,0.01285435
1590396474.40474129,2.69542541,-0.04604877,0.01339017
1590396474.41638303,2.69509903,-0.04578173,0.01391900
1590396474.42872906,2.69464350,-0.04550946,0.01444958
1590396474.44034719,2.69393490,-0.04532446,0.01482832
1590396474.45276284,2.69315474,-0.04520228,0.01515818
1590396474.46435761,2.69230476,-0.04510454,0.01539904
1590396474.47675824,2.69151587,-0.04500506,0.01561895
1590396474.48840046,2.69062925,-0.04494397,0.01559975
1590396474.50079465,2.68965710,-0.04497190,0.01512502
1590396474.51244926,2.68872684,-0.04494223,0.01420698
1590396474.52482510,2.68795889,-0.04477119,0.01296954
1590396474.53644085,2.68725727,-0.04435929,0.01145983
1590396474.54883313,2.68604776,-0.04379555,0.00959931
1590396474.56048656,2.68452583,-0.04308694,0.00749095
1590396474.57287264,2.68256408,-0.04258080,0.00526391
1590396474.58440280,2.68064422,-0.04206767,0.00330042
1590396474.59681082,2.67886922,-0.04201880,0.00163363
1590396474.60843945,2.67759513,-0.04234343,0.00043459
1590396474.62085390,2.67657411,-0.04287227,-0.00033510
1590396474.63248086,2.67586551,-0.04358087,-0.00068242
1590396474.64470196,2.67533842,-0.04435056,-0.00071035
1590396474.65646982,2.67481656,-0.04512549,-0.00047822
1590396474.66889524,2.67450764,-0.04563338,-0.00010472
1590396474.68033528,2.67432787,-0.04597895,0.00017279
1590396474.69277549,2.67389852,-0.04639434,0.00007679
1590396474.70435715,2.67345695,-0.04694936,-0.00012741
1590396474.71674991,2.67300666,-0.04764400,-0.00030020
1590396474.72839522,2.67284609,-0.04827232,-0.00025656
1590396474.74077344,2.67309916,-0.04869469,0.00002618
1590396474.75244999,2.67351978,-0.04907691,0.00031940
1590396474.76486707,2.67343775,-0.04947136,0.00039095
1590396474.77647710,2.67276755,-0.05002288,0.00023213
1590396474.78884840,2.67220031,-0.05071578,0.00000524
1590396474.80050635,2.67166973,-0.05161811,-0.00022515
1590396474.81286383,2.67082499,-0.05245936,-0.00039095
1590396474.82447076,2.66953171,-0.05316622,-0.00071035
1590396474.83688688,2.66818780,-0.05356765,-0.00124267
1590396474.84847903,2.66711268,-0.05368458,-0.00180293
1590396474.86067629,2.66651578,-0.05374043,-0.00252026
1590396474.87227631,2.66652101,-0.05382944,-0.00318348
1590396474.88469315,2.66584906,-0.05404237,-0.00394095
1590396474.89635944,2.66459591,-0.05426927,-0.00481187
1590396474.90879774,2.66358188,-0.05431290,-0.00578751
1590396474.92044163,2.66248756,-0.05433210,-0.00680504
1590396474.93283963,2.66110351,-0.05437050,-0.00761662
1590396474.94444227,2.65980848,-0.05435828,-0.00793601
1590396474.95678735,2.65898992,-0.05420120,-0.00771610
1590396474.96846676,2.65869845,-0.05402841,-0.00709825
1590396474.98086238,2.65856057,-0.05391497,-0.00640710
1590396474.99248552,2.65843316,-0.05385039,-0.00580497
1590396475.00467157,2.65806664,-0.05381025,-0.00519759
1590396475.01625443,2.65757620,-0.05369156,-0.00458323
1590396475.02868557,2.65658136,-0.05352227,-0.00398284
1590396475.04033947,2.65511529,-0.05333552,-0.00350811
1590396475.05276203,2.65400351,-0.05307546,-0.00306480
1590396475.06435990,2.65309245,-0.05284508,-0.00268955
1590396475.07672215,2.65270848,-0.05262691,-0.00235096
1590396475.08847332,2.65279051,-0.05239827,-0.00213628
1590396475.10069633,2.65320939,-0.05233195,-0.00204029
1590396475.11227417,2.65373473,-0.05238606,-0.00206298
1590396475.12476730,2.65377313,-0.05237733,-0.00212232
1590396475.13648295,2.65333854,-0.05231101,-0.00225846
1590396475.14874029,2.65290221,-0.05219582,-0.00241903
1590396475.16048145,2.65269975,-0.05186769,-0.00253073
1590396475.17269540,2.65254093,-0.05144882,-0.00254294
1590396475.18445086,2.65233323,-0.05112768,-0.00258832
1590396475.19679332,2.65169793,-0.05099678,-0.00274366
1590396475.20823526,2.65058965,-0.05104564,-0.00302815
1590396475.22074628,2.64950405,-0.05105786,-0.00341386
1590396475.23245263,2.64886003,-0.05085540,-0.00376468
1590396475.24461937,2.64835388,-0.05048016,-0.00433365
1590396475.25620651,2.64798736,-0.04996703,-0.00506495
1590396475.26882792,2.64709550,-0.04947834,-0.00583115
1590396475.28021574,2.64594707,-0.04908215,-0.00644201
1590396475.29267716,2.64518960,-0.04878893,-0.00671428
1590396475.30432200,2.64491733,-0.04853761,-0.00663749
1590396475.31674004,2.64483006,-0.04834213,-0.00649786
1590396475.32839370,2.64483181,-0.04827232,-0.00640885
1590396475.34079123,2.64460142,-0.04834911,-0.00642979
1590396475.35231781,2.64430821,-0.04857949,-0.00636522
1590396475.36478043,2.64389456,-0.04905771,-0.00624828
1590396475.37621474,2.64362753,-0.04964240,-0.00603709
1590396475.38867497,2.64308648,-0.05026199,-0.00586954
1590396475.40032458,2.64245467,-0.05074021,-0.00568454
1590396475.41273260,2.64166229,-0.05108928,-0.00558156
1590396475.42439342,2.64085071,-0.05134410,-0.00548557
1590396475.43674111,2.64031664,-0.05166698,-0.00547161
1590396475.44842935,2.64001121,-0.05217836,-0.00545590
1590396475.46082139,2.64002168,-0.05275258,-0.00543670
1590396475.47221398,2.64021541,-0.05329363,-0.00542623
1590396475.48460984,2.64067094,-0.05377883,-0.00532151
1590396475.49633026,2.64126086,-0.05417327,-0.00529707
1590396475.50874162,2.64137605,-0.05464626,-0.00537212
1590396475.52037144,2.64096765,-0.05525712,-0.00565312
1590396475.53277111,2.64003913,-0.05590639,-0.00616799
1590396475.54438758,2.63899368,-0.05641079,-0.00657640
1590396475.55679250,2.63807564,-0.05675811,-0.00667763
1590396475.56843472,2.63715585,-0.05706878,-0.00653451
1590396475.58081150,2.63659909,-0.05734105,-0.00634253
1590396475.59221888,2.63610865,-0.05765870,-0.00631635
1590396475.60459280,2.63571421,-0.05807234,-0.00638965
1590396475.61620593,2.63561123,-0.05844759,-0.00646994
1590396475.62859797,2.63565661,-0.05882458,-0.00652230
1590396475.64021897,2.63566359,-0.05921728,-0.00659560
1590396475.65259981,2.63522900,-0.05955063,-0.00657815
1590396475.66430759,2.63434761,-0.05978276,-0.00650659
1590396475.67671227,2.63346797,-0.05984909,-0.00633904
1590396475.68830442,2.63265464,-0.05975484,-0.00614705
1590396475.70081902,2.63243124,-0.05969899,-0.00595855
1590396475.71225476,2.63259879,-0.05968852,-0.00589747
1590396475.72472453,2.63288677,-0.05966234,-0.00593761
1590396475.73622775,2.63324980,-0.05968852,-0.00592714
1590396475.74873543,2.63348368,-0.05974611,-0.00588350
1590396475.76043367,2.63384496,-0.05969375,-0.00572992
1590396475.77261448,2.63455007,-0.05944068,-0.00564789
1590396475.78429770,2.63533721,-0.05920680,-0.00565138
1590396475.79676962,2.63606502,-0.05898689,-0.00561123
1590396475.80835414,2.63680155,-0.05883854,-0.00537736
1590396475.82056952,2.63746303,-0.05880712,-0.00509113
1590396475.83221245,2.63813323,-0.05885250,-0.00485202
1590396475.84469271,2.63887500,-0.05900609,-0.00465654
1590396475.85634208,2.63967087,-0.05925393,-0.00461116
1590396475.86858344,2.64051561,-0.05969375,-0.00432667
1590396475.88022304,2.64147728,-0.06066415,-0.00359363
1590396475.89269328,2.64291718,-0.06251769,-0.00249233
1590396475.90445900,2.64428901,-0.06517234,-0.00137357
1590396475.91668010,2.64504299,-0.06849719,-0.00035256
1590396475.92836714,2.64533621,-0.07198960,0.00052534
1590396475.94057274,2.64532748,-0.07540870,0.00101753
1590396475.95222354,2.64486671,-0.07860614,0.00098437
1590396475.96469545,2.64391725,-0.08123810,0.00067370
1590396475.97620344,2.64264316,-0.08341976,0.00043459
1590396475.98861623,2.64167625,-0.08513716,0.00038572
1590396476.00031209,2.64133766,-0.08623497,0.00066846
1590396476.01271892,2.64067792,-0.08693660,0.00119730
1590396476.02434111,2.63986634,-0.08737118,0.00181514
1590396476.03676510,2.63944397,-0.08768011,0.00242077
1590396476.04842496,2.63928515,-0.08795412,0.00287107
1590396476.06056452,2.63952950,-0.08841838,0.00313985
1590396476.07221127,2.63999899,-0.08898736,0.00306654
1590396476.08456659,2.64019447,-0.08950397,0.00267559
1590396476.09620810,2.64005309,-0.08980941,0.00206298
1590396476.10865450,2.63992569,-0.08976752,0.00142244
1590396476.12033224,2.63966563,-0.08945685,0.00081332
1590396476.13273835,2.63895354,-0.08896641,0.00030543
1590396476.14437699,2.63782605,-0.08844980,-0.00020944
1590396476.15673542,2.63701273,-0.08803441,-0.00067719
1590396476.16836715,2.63644899,-0.08788780,-0.00111876
1590396476.18076515,2.63588874,-0.08798379,-0.00164061
1590396476.19222164,2.63533547,-0.08828224,-0.00213977
1590396476.20469213,2.63450469,-0.08865225,-0.00256738
1590396476.21630883,2.63355174,-0.08907462,-0.00282220
1590396476.22869635,2.63284838,-0.08946558,-0.00292343
1590396476.24032664,2.63241728,-0.08986700,-0.00287281
1590396476.25276136,2.63198967,-0.09049707,-0.00294961
1590396476.26439214,2.63171740,-0.09128421,-0.00304385
1590396476.27674389,2.63132994,-0.09236457,-0.00307702
1590396476.28821230,2.63075747,-0.09380098,-0.00290248
1590396476.30065227,2.63035081,-0.09547998,-0.00226195
1590396476.31231546,2.62991622,-0.09749060,-0.00117635
1590396476.32471061,2.62959334,-0.09944712,0.00018500
1590396476.33632374,2.62950258,-0.10114881,0.00159174
1590396476.34876537,2.62907323,-0.10265852,0.00277856
1590396476.36036515,2.62811504,-0.10409842,0.00348193
1590396476.37272406,2.62696836,-0.10552261,0.00353429
1590396476.38415599,2.62569602,-0.10700788,0.00307352
1590396476.39655709,2.62428404,-0.10853504,0.00218515
1590396476.40821719,2.62278655,-0.11036066,0.00115890
1590396476.42056966,2.62132397,-0.11229099,0.00020595
1590396476.43218970,2.62017030,-0.11408170,-0.00055327
1590396476.44456577,2.61889621,-0.11584797,-0.00148877
1590396476.45621347,2.61798166,-0.11742924,-0.00257262
1590396476.46881557,2.61773382,-0.11895990,-0.00385369
1590396476.48040700,2.61793977,-0.12064763,-0.00519934
1590396476.49274039,2.61764481,-0.12249070,-0.00668461
1590396476.50429654,2.61670932,-0.12433027,-0.00828159
1590396476.51675272,2.61525022,-0.12593249,-0.00984889
1590396476.52833056,2.61307903,-0.12725545,-0.01134988
1590396476.54057646,2.61058146,-0.12803037,-0.01258382
1590396476.55229831,2.60803328,-0.12835326,-0.01336399
1590396476.56474018,2.60591445,-0.12843005,-0.01374621
1590396476.57630539,2.60413596,-0.12837071,-0.01384221
1590396476.58857012,2.60202237,-0.12813160,-0.01367465
1590396476.60025358,2.59965570,-0.12778952,-0.01330639
1590396476.61277294,2.59704120,-0.12730082,-0.01302539
1590396476.62419271,2.59426089,-0.12658175,-0.01291893
1590396476.63665867,2.59137935,-0.12559040,-0.01282468
1590396476.64833736,2.58856065,-0.12437042,-0.01255939
1590396476.66056275,2.58583444,-0.12294797,-0.01215796
1590396476.67222142,2.58336829,-0.12136845,-0.01171290
1590396476.68469048,2.58155664,-0.11965454,-0.01120850
1590396476.69615459,2.58002424,-0.11794935,-0.01080184
1590396476.70860577,2.57858958,-0.11632445,-0.01045976
1590396476.72029424,2.57750398,-0.11478507,-0.01007055
1590396476.73248863,2.57714096,-0.11342371,-0.00957488
1590396476.74417973,2.57742719,-0.11218976,-0.00910538
1590396476.75667715,2.57774659,-0.11122809,-0.00882962
1590396476.76812339,2.57801362,-0.11066958,-0.00868999
1590396476.78060699,2.57843774,-0.11059104,-0.00847357
1590396476.79229307,2.57895959,-0.11076034,-0.00812276
1590396476.80466366,2.57915507,-0.11081270,-0.00781558
1590396476.81626296,2.57915507,-0.11050378,-0.00750492
1590396476.82859826,2.57867161,-0.11004650,-0.00763582
1590396476.84024453,2.57807994,-0.10969394,-0.00804946
1590396476.85265803,2.57765234,-0.10967824,-0.00862542
1590396476.86423826,2.57731898,-0.11038509,-0.00945794
1590396476.87658906,2.57721950,-0.11205712,-0.01065524
1590396476.88834071,2.57684774,-0.11496309,-0.01246689
1590396476.90055466,2.57561728,-0.11907683,-0.01503252
1590396476.91222453,2.57351242,-0.12405451,-0.01848478
1590396476.92469192,2.57078796,-0.12949296,-0.02287603
1590396476.93610859,2.56764287,-0.13529618,-0.02809107
1590396476.94857168,2.56444194,-0.14143450,-0.03366217
1590396476.96016240,2.56128289,-0.14792189,-0.03911981
1590396476.97268724,2.55831409,-0.15488226,-0.04405560
1590396476.98410487,2.55499273,-0.16254077,-0.04876799
1590396476.99656272,2.55065209,-0.17117491,-0.05369505
1590396477.00830173,2.54582451,-0.18011100,-0.05868146
1590396477.02049351,2.54094457,-0.18891269,-0.06330135
1590396477.03222108,2.53643290,-0.19704767,-0.06735051
1590396477.04471278,2.53223363,-0.20443740,-0.07064046
1590396477.05615878,2.52793489,-0.21162117,-0.07359704
1590396477.06860614,2.52287169,-0.21978408,-0.07697077
1590396477.08031702,2.51647157,-0.22950207,-0.08105658
1590396477.09262347,2.50911849,-0.24050986,-0.08528028
1590396477.10429597,2.50213543,-0.25200285,-0.08920901
1590396477.11655188,2.49569691,-0.26337193,-0.09272760
1590396477.12828755,2.48835955,-0.27464850,-0.09672091
1590396477.14069247,2.47979522,-0.28525312,-0.10186440
1590396477.15212107,2.47069507,-0.29478087,-0.10769729
1590396477.16456437,2.46147450,-0.30339757,-0.11425798
1590396477.17623806,2.45203226,-0.31183274,-0.12181526
1590396477.18870544,2.44179940,-0.32079501,-0.12984202
1590396477.20011234,2.43091204,-0.33034545,-0.13738883
1590396477.21256661,2.41942951,-0.34059926,-0.14442949
1590396477.22427130,2.40736929,-0.35135398,-0.15089419
1590396477.23647785,2.39451145,-0.36221167,-0.15680387
1590396477.24815893,2.38112128,-0.37301351,-0.16172570
1590396477.26060271,2.36705916,-0.38361290,-0.16509069
1590396477.27224779,2.35316983,-0.39380911,-0.16705244
1590396477.28444028,2.34018808,-0.40342238,-0.16861102
1590396477.29610872,2.32762345,-0.41290825,-0.17111906
1590396477.30856037,2.31462598,-0.42280601,-0.17505129
1590396477.32022405,2.30097402,-0.43323261,-0.17958216
1590396477.33245826,2.28754022,-0.44377440,-0.18342014
1590396477.34430003,2.27533339,-0.45411024,-0.18662282
1590396477.35655904,2.26490504,-0.46401149,-0.19010999
1590396477.36819506,2.25660426,-0.47350259,-0.19551353
1590396477.38058758,2.25058985,-0.48235665,-0.20357346
1590396477.39221621,2.24650927,-0.49007798,-0.21348344
1590396477.40456295,2.24321235,-0.49708897,-0.22370583
1590396477.41620183,2.24022609,-0.50357810,-0.23322660
1590396477.42867184,2.23797287,-0.50937783,-0.24196372
1590396477.44006252,2.23682619,-0.51445849,-0.25072876
1590396477.45251274,2.23647712,-0.51877294,-0.25995108
1590396477.46413326,2.23698501,-0.52233167,-0.27002512
1590396477.47655392,2.23819103,-0.52539646,-0.28058088
1590396477.48829961,2.23992066,-0.52770030,-0.29059558
1590396477.50058508,2.24235015,-0.52931473,-0.29997148
1590396477.51226997,2.24526834,-0.53006173,-0.30813439
1590396477.52446413,2.24831220,-0.53007046,-0.31549793
1590396477.53618073,2.25125657,-0.52945959,-0.32211622
1590396477.54842544,2.25392867,-0.52816805,-0.32775189
1590396477.56007934,2.25574730,-0.52624993,-0.33234909
1590396477.57256293,2.25620283,-0.52356911,-0.33553606
1590396477.58420968,2.25511724,-0.51977825,-0.33658326
1590396477.59643984,2.25288147,-0.51477963,-0.33526379
1590396477.60817838,2.24997550,-0.50873206,-0.33196337
1590396477.62043118,2.24694735,-0.50185546,-0.32720909
1590396477.63212538,2.24395062,-0.49446399,-0.32136049
1590396477.64455986,2.24074445,-0.48673044,-0.31433205
1590396477.65615916,2.23698152,-0.47887297,-0.30604523
1590396477.66859913,2.23190261,-0.47109578,-0.29577222
1590396477.68028283,2.22578872,-0.46371304,-0.28334897
1590396477.69248629,2.21924199,-0.45747174,-0.26932525
1590396477.70418334,2.21216468,-0.45284313,-0.25399951
1590396477.71660328,2.20453760,-0.44988829,-0.23725133
1590396477.72819138,2.19631186,-0.44806093,-0.21886778
1590396477.74065948,2.18783305,-0.44654423,-0.19881569
1590396477.75208139,2.17921461,-0.44454234,-0.17709681
1590396477.76456785,2.17057523,-0.44171142,-0.15379667
1590396477.77621436,2.16225874,-0.43838482,-0.12935508
1590396477.78842664,2.15504529,-0.43552248,-0.10440734
1590396477.80018926,2.14908150,-0.43388362,-0.07965334
1590396477.81265640,2.14418411,-0.43376842,-0.05517858
1590396477.82429051,2.13928497,-0.43521879,-0.03038095
1590396477.83646917,2.13344510,-0.43747201,-0.00416610
1590396477.84821177,2.12676223,-0.43920338,0.02346246
1590396477.86059666,2.12007064,-0.43913182,0.05257630
1590396477.87217259,2.11382411,-0.43670407,0.08270243
1590396477.88456392,2.10908903,-0.43236343,0.11335739
1590396477.89606810,2.10673633,-0.42661781,0.14389018
1590396477.90856767,2.10806103,-0.42014264,0.17397093
1590396477.92028904,2.11220270,-0.41349992,0.20369214
1590396477.93248415,2.11825375,-0.40678563,0.23288103
1590396477.94420290,2.12624911,-0.39920392,0.26093545
1590396477.95675111,2.13611022,-0.39051917,0.28745922
1590396477.96818018,2.14705169,-0.38128812,0.31232143
1590396477.98059797,2.15952032,-0.37117219,0.33566696
1590396477.99224520,2.17333460,-0.35997765,0.35772792
1590396478.00460458,2.18883836,-0.34851607,0.37874692
1590396478.01624274,2.20572791,-0.33688171,0.39920392
1590396478.02838373,2.22303809,-0.32401863,0.41877256
1590396478.04010463,2.24047218,-0.30987274,0.43715436
1590396478.05255032,2.25814713,-0.29444926,0.45464605
1590396478.06418681,2.27610133,-0.27800652,0.47110276
1590396478.07658601,2.29458088,-0.26133688,0.48656114
1590396478.08810019,2.31355435,-0.24551372,0.50093742
1590396478.10055900,2.33282279,-0.23111301,0.51412164
1590396478.11205077,2.35215405,-0.21803002,0.52562510
1590396478.12455988,2.37182217,-0.20579701,0.53547051
1590396478.13600516,2.39201039,-0.19412774,0.54346760
1590396478.14855623,2.41319520,-0.18314962,0.54945583
1590396478.16020417,2.43551098,-0.17301623,0.55350674
1590396478.17243028,2.45836606,-0.16402953,0.55547372
1590396478.18411922,2.48143408,-0.15588059,0.55566920
1590396478.19659424,2.50386680,-0.14796203,0.55435322
1590396478.20803070,2.52551063,-0.14012027,0.55176141
1590396478.22055960,2.54674779,-0.13258219,0.54835976
1590396478.23221540,2.56757655,-0.12553455,0.54457763
1590396478.24442649,2.58806497,-0.11917457,0.54052847
1590396478.25611305,2.60836664,-0.11339230,0.53602552
1590396478.26856017,2.62859675,-0.10806730,0.53079477
1590396478.28021169,2.64886003,-0.10347010,0.52437545
1590396478.29244018,2.66900113,-0.09947504,0.51680595
1590396478.30411720,2.68900434,-0.09616590,0.50840568
1590396478.31660342,2.70897964,-0.09387602,0.49964937
1590396478.32801580,2.72857270,-0.09261764,0.49083545
1590396478.34047174,2.74713777,-0.09219353,0.48197965
1590396478.35217857,2.76488079,-0.09250071,0.47325475
1590396478.36435556,2.78261508,-0.09333846,0.46430296
1590396478.37603998,2.80066004,-0.09450085,0.45503526
1590396478.38855720,2.81934030,-0.09607339,0.44615852
1590396478.40020847,2.83879548,-0.09807005,0.43800783
1590396478.41240311,2.85925598,-0.10040356,0.43036852
1590396478.42407823,2.88007077,-0.10317863,0.42269955
1590396478.43655777,2.90051905,-0.10683335,0.41468499
1590396478.44801807,2.92087832,-0.11134153,0.40627949
1590396478.46059561,2.94119569,-0.11623544,0.39779893
1590396478.47222281,2.96175916,-0.12124104,0.38972853
1590396478.48445559,2.98350946,-0.12608957,0.38190422
1590396478.49620199,3.00623015,-0.13097300,0.37363834
1590396478.50838828,3.02977988,-0.13625785,0.36433399
1590396478.52003098,3.05413246,-0.14208202,0.35337681
1590396478.53246355,3.07950257,-0.14801963,0.34051199
1590396478.54407501,3.10601935,-0.15378794,0.32636784
1590396478.55653739,3.13293058,-0.15925780,0.31119570
1590396478.56818247,3.15955907,-0.16399288,0.29475120
1590396478.58032894,3.18591005,-0.16766505,0.27625420
1590396478.59220338,3.21152625,-0.17079268,0.25525964
1590396478.60458589,3.23560307,-0.17371437,0.23186001
1590396478.61593914,3.25784031,-0.17726611,0.20606055
1590396478.62842417,3.27853119,-0.18154915,0.17822081
1590396478.64005303,3.29740867,-0.18674674,0.14855894
1590396478.65248847,3.31425982,-0.19334234,0.11712206
1590396478.66419482,3.32965363,-0.20163265,0.08414407
1590396478.67631817,3.34532668,-0.21147805,0.05048888
1590396478.68809605,3.36182353,-0.22226070,0.01705187
1590396478.70057440,3.37976203,-0.23315853,-0.01528210
1590396478.71201086,3.39836375,-0.24365145,-0.04630882
1590396478.72455549,3.41585893,-0.25322982,-0.07648033
1590396478.73600101,3.43042021,-0.26156377,-0.10612998
1590396478.74845481,3.43993400,-0.26922751,-0.13576567
1590396478.76017570,3.44553127,-0.27698026,-0.16483762
1590396478.77242160,3.44973053,-0.28565629,-0.19184834
1590396478.78417563,3.45320025,-0.29529051,-0.21596006
1590396478.79642034,3.45685671,-0.30550418,-0.23753058
1590396478.80806947,3.45968589,-0.31608087,-0.25793523
1590396478.82055354,3.46134919,-0.32677974,-0.27801001
1590396478.83196163,3.46296362,-0.33732153,-0.29718768
1590396478.84441924,3.46397417,-0.34750204,-0.31431285
1590396478.85609770,3.46359543,-0.35716941,-0.32905740
1590396478.86856890,3.46249238,-0.36614913,-0.34154348
1590396478.88018489,3.45921989,-0.37432775,-0.35248321
1590396478.89242530,3.45354757,-0.38193564,-0.36209299
1590396478.90413809,3.44693626,-0.38930442,-0.37031872
1590396478.91633558,3.44015391,-0.39723345,-0.37801214
1590396478.92803621,3.43314292,-0.40539461,-0.38570729
1590396478.94058084,3.42523484,-0.41358544,-0.39342688
1590396478.95222616,3.41640347,-0.42121078,-0.40115171
1590396478.96445227,3.40767857,-0.42785001,-0.40863568
1590396478.97614598,3.39759406,-0.43350139,-0.41677764
1590396478.98831701,3.38680967,-0.43755753,-0.42587779
1590396478.99997973,3.37525384,-0.44040940,-0.43642831
1590396479.01242518,3.36289866,-0.44259281,-0.44800333
1590396479.02410507,3.35046144,-0.44440621,-0.45942302
1590396479.03655243,3.33767690,-0.44565935,-0.47032085
1590396479.04793549,3.32500756,-0.44566110,-0.48046296
1590396479.06033707,3.31314107,-0.44376916,-0.48977953
1590396479.07195807,3.30187147,-0.44024185,-0.49860566
1590396479.08434510,3.29077293,-0.43554517,-0.50745972
1590396479.09593129,3.27972674,-0.43024984,-0.51557899
1590396479.10835361,3.26872069,-0.42470667,-0.52237355
1590396479.11993361,3.25733416,-0.41910940,-0.52775790
1590396479.13236117,3.24571027,-0.41329222,-0.53147196
1590396479.14401746,3.23416317,-0.40669313,-0.53326790
1590396479.15642238,3.22195808,-0.39951459,-0.53377579
1590396479.16809607,3.20920322,-0.39218595,-0.53305846
1590396479.18054152,3.19645708,-0.38513482,-0.53126775
1590396479.19196296,3.18294998,-0.37852003,-0.52941596
1590396479.20441890,3.16833110,-0.37246548,-0.52737741
1590396479.21605468,3.15310659,-0.36671637,-0.52462503
1590396479.22853899,3.13790128,-0.36101088,-0.52086734
1590396479.23989844,3.12281989,-0.35554277,-0.51569767
1590396479.25233555,3.10768963,-0.35041848,-0.50945637
1590396479.26416874,3.09263791,-0.34546175,-0.50261119
1590396479.27633739,3.07705736,-0.34064464,-0.49554959
1590396479.28803229,3.06092004,-0.33611551,-0.48846006
1590396479.30027437,3.04469372,-0.33131585,-0.48146129
1590396479.31193233,3.02858957,-0.32616713,-0.47470163
1590396479.32442164,3.01337902,-0.32069727,-0.46797688
1590396479.33605909,2.99856990,-0.31443677,-0.46161864
1590396479.34828305,2.98433325,-0.30730885,-0.45577703
1590396479.35995436,2.97064987,-0.29949675,-0.45034905
1590396479.37245488,2.95684257,-0.29103714,-0.44513750
1590396479.38419199,2.94293928,-0.28229479,-0.43989802
1590396479.39641619,2.92893301,-0.27348611,-0.43447528
1590396479.40813851,2.91518156,-0.26522896,-0.42940859
1590396479.42030549,2.90239179,-0.25807660,-0.42471889
1590396479.43199229,2.89091625,-0.25225942,-0.42018802
1590396479.44447279,2.88064499,-0.24748245,-0.41581248
1590396479.45603156,2.87100030,-0.24330762,-0.41166732
1590396479.46828747,2.86106414,-0.23955517,-0.40751344
1590396479.48002934,2.85095868,-0.23618668,-0.40261604
1590396479.49227500,2.84098936,-0.23323009,-0.39696816
1590396479.50396204,2.83046677,-0.23072904,-0.39146862
1590396479.51641726,2.81816569,-0.22882837,-0.38643160
1590396479.52805424,2.80419607,-0.22726107,-0.38195483
1590396479.54045153,2.79005367,-0.22506893,-0.37781840
1590396479.55211115,2.77592872,-0.22174583,-0.37409911
1590396479.56445289,2.76185613,-0.21717655,-0.37088945
1590396479.57600427,2.74732976,-0.21218142,-0.36795729
1590396479.58848333,2.73148740,-0.20748823,-0.36508274
1590396479.60006905,2.71423133,-0.20306033,-0.36221167
1590396479.61244631,2.69583033,-0.19913334,-0.35892871
1590396479.62413239,2.67695634,-0.19535819,-0.35455317
1590396479.63628364,2.65890963,-0.19130030,-0.34847069
1590396479.64787197,2.64274090,-0.18619347,-0.34136197
1590396479.66030312,2.62759668,-0.17990679,-0.33468783
1590396479.67195630,2.61238788,-0.17294468,-0.32961590
1590396479.68441629,2.59622962,-0.16586562,-0.32606416
1590396479.69605160,2.57867859,-0.15934332,-0.32273581
1590396479.70846057,2.55963530,-0.15367275,-0.31843009
1590396479.72010565,2.53947326,-0.14891673,-0.31257974
1590396479.73245692,2.51852931,-0.14481346,-0.30512021
1590396479.74386787,2.49803740,-0.14123902,-0.29615619
1590396479.75628924,2.47940950,-0.13764190,-0.28641377
1590396479.76792479,2.46191781,-0.13425771,-0.27687380
1590396479.78039241,2.44468443,-0.13101489,-0.26804767
1590396479.79202795,2.42722765,-0.12777555,-0.26005755
1590396479.80444026,2.40898197,-0.12415400,-0.25257009
1590396479.81606221,2.39049021,-0.11995299,-0.24538631
1590396479.82827020,2.37201939,-0.11525456,-0.23853938
1590396479.83984637,2.35402505,-0.11030655,-0.23221257
1590396479.85225582,2.33718611,-0.10563256,-0.22659086
1590396479.86388421,2.32093011,-0.10215587,-0.22199192
1590396479.87628388,2.30449435,-0.09987472,-0.21862343
1590396479.88796568,2.28827326,-0.09828124,-0.21619393
1590396479.90045595,2.27221274,-0.09713804,-0.21459172
1590396479.91213083,2.25666534,-0.09596693,-0.21344853
1590396479.92442274,2.24195571,-0.09446246,-0.21179570
1590396479.93586969,2.22812572,-0.09279741,-0.20932606
1590396479.94833159,2.21495547,-0.09103288,-0.20623683
1590396479.96000457,2.20241877,-0.08936260,-0.20274966
1590396479.97243142,2.19053831,-0.08791223,-0.19912985
1590396479.98383904,2.17865436,-0.08689820,-0.19587132
1590396479.99641728,2.16687863,-0.08612327,-0.19261105
1590396480.00782514,2.15511685,-0.08541292,-0.18872943
1590396480.02026844,2.14326432,-0.08514589,-0.18361213
1590396480.03197455,2.13217799,-0.08554557,-0.17673902
1590396480.04441309,2.12186135,-0.08684409,-0.16800365
1590396480.05605388,2.11161627,-0.08984431,-0.15828566
1590396480.06847739,2.10141656,-0.09463524,-0.14827794
1590396480.07983208,2.09094808,-0.10085560,-0.13873971
1590396480.09225321,2.08017241,-0.10795909,-0.12991707
1590396480.10385680,2.06934439,-0.11539768,-0.12200550
1590396480.11632991,2.05926686,-0.12258320,-0.11518649
1590396480.12797356,2.04982812,-0.12920672,-0.10940771
1590396480.14041758,2.04028640,-0.13472546,-0.10445621
1590396480.15206742,2.03087035,-0.13903816,-0.09996548
1590396480.16421652,2.02219781,-0.14214310,-0.09582032
1590396480.17606735,2.01446251,-0.14439458,-0.09206961
1590396480.18822360,2.00802748,-0.14574896,-0.08848470
1590396480.19980717,2.00278102,-0.14679092,-0.08489805
1590396480.21222377,1.99842294,-0.14835124,-0.08175122
1590396480.22383690,1.99544541,-0.15025016,-0.07916813
1590396480.23627663,1.99432316,-0.15198676,-0.07732158
1590396480.24784541,1.99505794,-0.15328529,-0.07612428
1590396480.26024938,1.99697780,-0.15424173,-0.07576300
1590396480.27190971,1.99947188,-0.15493288,-0.07627089
1590396480.28430414,2.00242672,-0.15519293,-0.07746120
1590396480.29591894,2.00560148,-0.15450876,-0.07908785
1590396480.30833244,2.00903628,-0.15252781,-0.08085761
1590396480.31991553,2.01354971,-0.14925881,-0.08285078
1590396480.33234382,2.01903353,-0.14558664,-0.08526981
1590396480.34382129,2.02456622,-0.14243108,-0.08753524
1590396480.35626864,2.02981094,-0.13956525,-0.08815658
1590396480.36788392,2.03455998,-0.13639748,-0.08553510
1590396480.38041615,2.03896868,-0.13299758,-0.07875798
1590396480.39205265,2.04326743,-0.13007241,-0.06854432
1590396480.40419412,2.04818227,-0.12784013,-0.05677032
1590396480.41580796,2.05373940,-0.12647179,-0.04536111
1590396480.42822456,2.05921974,-0.12567243,-0.03537084
1590396480.43982410,2.06441907,-0.12481373,-0.02674193
1590396480.45236588,2.06972487,-0.12352219,-0.01841846
1590396480.46395445,2.07499926,-0.12216432,-0.00954695
1590396480.47634315,2.08017416,-0.12132656,0.00071558
1590396480.48801327,2.08516231,-0.12115727,0.01286657
1590396480.50027299,2.09030754,-0.12113458,0.02571045
1590396480.51197505,2.09590656,-0.12104731,0.03751236
1590396480.52443528,2.10130835,-0.12073490,0.04684987
1590396480.53583336,2.10664731,-0.11919028,0.05352576
1590396480.54825091,2.11254129,-0.11650945,0.05843537
1590396480.55984950,2.11817347,-0.11423005,0.06262416
1590396480.57227206,2.12346007,-0.11333295,0.06739589
1590396480.58394957,2.12938197,-0.11362792,0.07350629
1590396480.59640193,2.13724643,-0.11428067,0.08078256
1590396480.60803866,2.14770793,-0.11476587,0.08857022
1590396480.62021422,2.15943480,-0.11521791,0.09553060
1590396480.63178897,2.17070962,-0.11597538,0.10057460
1590396480.64427376,2.18202634,-0.11652865,0.10338807
1590396480.65604401,2.19345301,-0.11760552,0.10432880
1590396480.66822004,2.20465279,-0.12039281,0.10368827
1590396480.67979550,2.21550699,-0.12525530,0.10179284
1590396480.69229650,2.22613430,-0.13206732,0.09922720
1590396480.70391822,2.23594130,-0.14042919,0.09692861
1590396480.71631312,2.24403265,-0.14975449,0.09569291
1590396480.72783899,2.24958105,-0.15957371,0.09537526
1590396480.74032044,2.25335271,-0.16953605,0.09588664
1590396480.75195575,2.25562513,-0.17959089,0.09791297
1590396480.76433492,2.25603528,-0.19071911,0.10291858
1590396480.77595973,2.25513993,-0.20348968,0.11190528
1590396480.78821063,2.25298794,-0.21776299,0.12412084
1590396480.79987717,2.25126704,-0.23180590,0.13863325
1590396480.81230927,2.25156724,-0.24361306,0.15430107
1590396480.82376957,2.25400197,-0.25233272,0.17023418
1590396480.83620715,2.26099900,-0.25642726,0.18548487
1590396480.84778786,2.27105384,-0.25762281,0.19917872
1590396480.86020994,2.28132161,-0.25952522,0.21016731
1590396480.87179208,2.28987372,-0.26483452,0.21750468
1590396480.88427901,2.29664735,-0.27349135,0.22095694
1590396480.89592218,2.30351347,-0.28357062,0.22168474
1590396480.90833712,2.30912296,-0.29397279,0.22040367
1590396480.91988444,2.31313024,-0.30399621,0.21772110
1590396480.93231916,2.31695774,-0.31324297,0.21479767
1590396480.94394350,2.32001556,-0.32206212,0.21293191
1590396480.95623374,2.32179754,-0.32999115,0.21290050
1590396480.96779490,2.32447837,-0.33627259,0.21480989
1590396480.98024964,2.33076853,-0.34066209,0.21798988
1590396480.99182320,2.33890351,-0.34390317,0.22063231
1590396481.01774216,2.34579407,-0.34721406,0.22183309
1590396481.02590370,2.35117841,-0.35081292,0.22173885
1590396481.03978658,2.36113552,-0.35592325,0.21873513
1590396481.05220175,2.36932460,-0.35656553,0.21690254
1590396481.06382608,2.37965346,-0.35634736,0.21506471
1590396481.07622027,2.38991774,-0.35631769,0.21271026
1590396481.08779478,2.39896727,-0.35696347,0.20882690
1590396481.10033846,2.40625402,-0.35837893,0.20262225
1590396481.11195183,2.41210611,-0.35979963,0.19444888
1590396481.12417030,2.41775225,-0.36017313,0.18511311
1590396481.13586402,2.42380505,-0.35789198,0.17561328
1590396481.14832044,2.43058217,-0.35268915,0.16741373
1590396481.15999675,2.43786892,-0.34588412,0.16107818
1590396481.17219281,2.44610862,-0.33915762,0.15662585
1590396481.18387413,2.45531697,-0.33336138,0.15404800
1590396481.19616890,2.46600188,-0.32855300,0.15348425
1590396481.20786762,2.47868519,-0.32393660,0.15451749
1590396481.22016501,2.49275778,-0.31899732,0.15610923
1590396481.23181415,2.50694381,-0.31360600,0.15696270
1590396481.24416852,2.51936707,-0.30796160,0.15617555
1590396481.25585842,2.53000485,-0.30208857,0.15389092
1590396481.26842189,2.54002129,-0.29609685,0.15077201
1590396481.27982044,2.54954556,-0.29013132,0.14760948
1590396481.29233527,2.55958469,-0.28400696,0.14508049
1590396481.30378723,2.57095551,-0.27704658,0.14329502
1590396481.31626248,2.58287087,-0.26962195,0.14218150
1590396481.32795477,2.59437259,-0.26233171,0.14168932
1590396481.34016562,2.60520236,-0.25579371,0.14138040
1590396481.35183311,2.61545791,-0.25019120,0.14153748
1590396481.36416674,2.62676939,-0.24510357,0.14268590
1590396481.37582636,2.63911411,-0.24010320,0.14477855
1590396481.38832498,2.65177124,-0.23502778,0.14761646
1590396481.39976287,2.66414736,-0.22959981,0.15092560
1590396481.41222382,2.67688478,-0.22338295,0.15513010
1590396481.42373657,2.69033254,-0.21605431,0.16092983
1590396481.43626547,2.70447669,-0.20807641,0.16881348
1590396481.44795084,2.71898212,-0.20036380,0.17888229
1590396481.46023726,2.73345963,-0.19309974,0.19055330
1590396481.47180438,2.74816053,-0.18630692,0.20246168
1590396481.48434091,2.76366778,-0.18058747,0.21352533
1590396481.49580169,2.77958693,-0.17659940,0.22334804
1590396481.50826955,2.79647997,-0.17460623,0.23213752
1590396481.51994443,2.81439054,-0.17424495,0.24018872
1590396481.53217244,2.83290150,-0.17516124,0.24778090
1590396481.54381132,2.85139501,-0.17667095,0.25484251
1590396481.55624890,2.86941030,-0.17836043,0.26130197
1590396481.56779265,2.88665765,-0.17977415,0.26702665
1590396481.58022714,2.90278798,-0.18077771,0.27221726
1590396481.59182549,2.91764597,-0.18144094,0.27738343
1590396481.60432887,2.93210776,-0.18215652,0.28292311
1590396481.61576390,2.94628507,-0.18284244,0.28907190
1590396481.62818503,2.96030007,-0.18325783,0.29567274
1590396481.63979125,2.97402010,-0.18357722,0.30213220
1590396481.65222836,2.98743121,-0.18387567,0.30861435
1590396481.66383576,3.00069746,-0.18425266,0.31558520
1590396481.67628789,3.01433895,-0.18512358,0.32277596
1590396481.68794632,3.02859131,-0.18642909,0.32935585
1590396481.70014167,3.04284542,-0.18781314,0.33456216
1590396481.71187258,3.05609945,-0.18856363,0.33773692
1590396481.72410750,3.06769541,-0.18838386,0.33929375
1590396481.73581052,3.07778865,-0.18724765,0.34009660
1590396481.74826598,3.08738098,-0.18609399,0.34070572
1590396481.75991607,3.09685812,-0.18582695,0.34099370
1590396481.77217054,3.10614153,-0.18679037,0.34088898
1590396481.78381467,3.11553838,-0.18863169,0.34083313
1590396481.79624748,3.12489334,-0.19042240,0.34059926
1590396481.80781770,3.13460261,-0.19149578,0.33899356
1590396481.82031059,3.14526308,-0.19231434,0.33601253
1590396481.83173800,3.15678749,-0.19320620,0.33330902
1590396481.84426403,3.16853181,-0.19376296,0.33241192
1590396481.85594130,3.18073864,-0.19391481,0.33377502
1590396481.86817908,3.19347431,-0.19388688,0.33664085
1590396481.87971544,3.20677896,-0.19388688,0.33979117
1590396481.89219403,3.22068050,-0.19406840,0.34175292
1590396481.90384126,3.23403751,-0.19482587,0.34058355
1590396481.91614509,3.24617453,-0.19630591,0.33618358
1590396481.92781878,3.25736558,-0.19821006,0.32989341
1590396481.94007993,3.26880272,-0.20044583,0.32317913
1590396481.95205712,3.28080535,-0.20236918,0.31711062
1590396481.96431589,3.29375220,-0.20373926,0.31211025
