1591242532.18079162,0.21948212,-0.37570709,1.02403057
1591242532.19309187,0.20468011,-0.36501056,1.05283797
1591242532.20472407,0.16880652,-0.34695873,1.10287201
1591242532.21705580,0.13189892,-0.32828873,1.14608312
1591242532.22870612,0.11416225,-0.31688324,1.16175032
1591242532.24106145,0.11146536,-0.30927363,1.15972877
1591242532.25285459,0.10916002,-0.29794562,1.15366399
1591242532.26524591,0.10441114,-0.27069402,1.12586737
1591242532.27678871,0.10818881,-0.24215128,1.11121094
1591242532.28921390,0.10255376,-0.21357682,1.08669937
1591242532.30076647,0.08504066,-0.18687505,1.07836044
1591242532.31309676,0.05412628,-0.17395578,1.09377491
1591242532.32490492,0.03055555,-0.14962228,1.09225869
1591242532.33717632,0.03122617,-0.13850339,1.08543587
1591242532.34870911,0.03998606,-0.13972160,1.08947909
1591242532.36109853,0.04423778,-0.13640781,1.08366704
1591242532.37284899,0.02940941,-0.13416208,1.09301686
1591242532.38526797,-0.00031080,-0.12590216,1.11601222
1591242532.39685845,-0.02368122,-0.11189182,1.13900769
1591242532.40922737,-0.04467180,-0.09657702,1.14709389
1591242532.42082405,-0.05062625,-0.08376518,1.14001834
1591242532.43319511,-0.04315829,-0.08014201,1.13117397
1591242532.44477057,-0.04538873,-0.08057831,1.13926029
1591242532.45718312,-0.03702150,-0.08432413,1.13243747
1591242532.46884704,-0.02136655,-0.09042511,1.11095822
1591242532.48128796,-0.00023459,-0.10345986,1.09857607
1591242532.49286628,0.00777150,-0.11831109,1.08189809
1591242532.50523949,0.02296757,-0.12237987,1.05536497
1591242532.51695085,0.02761527,-0.13184883,1.04550982
1591242532.52924347,0.03132109,-0.13361274,1.03186417
1591242532.54079294,0.02690993,-0.13114902,1.02327251
1591242532.55319118,0.02878200,-0.12229854,1.01215386
1591242532.56489873,0.04698426,-0.10792957,0.99143267
1591242532.57718992,0.04404339,-0.10967082,0.97273314
1591242532.58867645,0.05493177,-0.12283994,0.97121692
1591242532.60119677,0.07305086,-0.14042743,0.98208296
1591242532.61280131,0.05756265,-0.16183792,0.98966384
1591242532.62519670,0.06171334,-0.17349300,1.01569164
1591242532.63677263,0.03981949,-0.17901573,1.04854214
1591242532.64924359,-0.00024869,-0.18014280,1.07406449
1591242532.66087937,-0.02017427,-0.17299169,1.12687814
1591242532.67325211,-0.03868916,-0.15608104,1.16099226
1591242532.68482375,-0.05939099,-0.13872059,1.17286897
1591242532.69719481,-0.07423541,-0.12318763,1.17691207
1591242532.70892072,-0.07926169,-0.11161423,1.16629887
1591242532.72129321,-0.07876118,-0.10217300,1.13496447
1591242532.73286223,-0.07159357,-0.09800942,1.10413551
1591242532.74522734,-0.04372511,-0.10227811,1.08594131
1591242532.75683928,-0.04246873,-0.11165622,1.06976867
1591242532.76920748,-0.03297380,-0.12487528,1.07381177
1591242532.78078818,-0.02474844,-0.13053025,1.07204294
1591242532.79315710,-0.04075668,-0.14346284,1.08467782
1591242532.80472517,-0.05584133,-0.14683086,1.11929727
1591242532.81707287,-0.05563336,-0.13294800,1.12612009
1591242532.82888818,-0.05893230,-0.12907946,1.13319564
1591242532.84109068,-0.05438818,-0.13332072,1.12839437
1591242532.85293221,-0.04780604,-0.14297596,1.12662554
1591242532.86509919,-0.04046722,-0.15465401,1.12991047
1591242532.87669945,-0.02768511,-0.16195019,1.11222172
1591242532.88907146,-0.01837961,-0.15910026,1.08720481
1591242532.90089774,-0.00765985,-0.14846350,1.05688119
1591242532.91325808,0.00129863,-0.13655841,1.03085339
1591242532.92482400,-0.00426868,-0.12595320,1.02428329
1591242532.93717360,-0.01504534,-0.12201649,1.03009522
1591242532.94882274,-0.02330829,-0.11199296,1.03893960
1591242532.96122479,-0.02943163,-0.10234216,1.05005836
1591242532.97287250,-0.03340647,-0.09914647,1.05106914
1591242532.98523808,-0.03383310,-0.09076414,1.04399359
1591242532.99681711,-0.03086341,-0.08308659,1.04222476
1591242533.00917435,-0.02766595,-0.07916352,1.04576254
1591242533.02074933,-0.04299492,-0.08201642,1.06724167
1591242533.03310013,-0.05737393,-0.08198585,1.09807074
1591242533.04493237,-0.07936631,-0.07584739,1.12334037
1591242533.05730629,-0.09682409,-0.06408840,1.12965786
1591242533.06881762,-0.11006317,-0.04532849,1.12283504
1591242533.08108163,-0.11761145,-0.02820118,1.10590434
1591242533.09287167,-0.12452823,-0.02731500,1.10742044
1591242533.10519910,-0.12986924,-0.03969775,1.10817862
1591242533.11673260,-0.12860698,-0.04522273,1.08947909
1591242533.12930799,-0.12452002,-0.05452084,1.08240354
1591242533.14090300,-0.12096132,-0.05833141,1.07229567
1591242533.15323162,-0.11261133,-0.05020231,1.06067157
1591242533.16483045,-0.11027446,-0.04704266,1.04247737
1591242533.17717814,-0.10329793,-0.04653813,1.01518619
1591242533.18878412,-0.09741547,-0.04802068,0.98435712
1591242533.20110559,-0.08616910,-0.05498070,0.99673927
1591242533.21290755,-0.08815087,-0.06292233,1.00937414
1591242533.22527623,-0.09279234,-0.06438795,1.00962687
1591242533.23693943,-0.08786295,-0.05770399,0.98890567
1591242533.24906015,-0.09454463,-0.04958505,0.95504433
1591242533.26088309,-0.09667686,-0.03366087,0.92901653
1591242533.27329135,-0.09052462,-0.01489070,0.90854818
1591242533.28487086,-0.08582073,-0.01915805,0.91587639
1591242533.29722071,-0.08248805,-0.03227022,0.92118299
1591242533.30888009,-0.08140668,-0.05104376,0.92825842
1591242533.32129693,-0.06904899,-0.07295316,0.97551274
1591242533.33270502,-0.06970693,-0.09481023,1.01240647
1591242533.34509778,-0.07881066,-0.11652039,1.05334342
1591242533.35693526,-0.08366645,-0.14138500,1.12030804
1591242533.36929798,-0.08551775,-0.15853110,1.16933119
1591242533.38087153,-0.08627812,-0.17295460,1.19106317
1591242533.39322925,-0.07937607,-0.17394580,1.17236364
1591242533.40480971,-0.04312399,-0.17160955,1.14759922
1591242533.41716552,-0.00603382,-0.19225192,1.14557779
1591242533.42881155,0.01721433,-0.22767723,1.13951302
1591242533.44117999,0.03132258,-0.24135098,1.13344824
1591242533.45274973,0.01756525,-0.23035036,1.11954999
1591242533.46511436,0.00125162,-0.18650644,1.11323249
1591242533.47694254,-0.02360521,-0.15344055,1.10742044
1591242533.48930550,-0.03830456,-0.12228411,1.08139277
1591242533.50094843,-0.04989763,-0.09372328,1.05713379
1591242533.51309371,-0.04943025,-0.07547224,1.05359614
1591242533.52492619,-0.05090475,-0.06772833,1.05359614
1591242533.53727770,-0.05946300,-0.06775902,1.05865002
1591242533.54871154,-0.05295783,-0.06413250,1.06319857
1591242533.56108546,-0.05491493,-0.06710463,1.06446207
1591242533.57276678,-0.06225621,-0.06223742,1.06395662
1591242533.58513546,-0.05834138,-0.05368914,1.06698906
1591242533.59692597,-0.06673600,-0.04576798,1.06370389
1591242533.60926366,-0.06794916,-0.04356611,1.04980564
1591242533.62081504,-0.06789969,-0.03358278,1.02175629
1591242533.63312030,-0.06368136,-0.02488783,0.99067461
1591242533.64492679,-0.06488746,-0.00864670,0.97222769
1591242533.65724230,-0.05748129,-0.01195971,0.97980869
1591242533.66889405,-0.06675012,-0.01858906,0.98157752
1591242533.68122077,-0.05904808,-0.02124424,0.99042189
1591242533.69275928,-0.05481382,-0.02206568,0.99219084
1591242533.70514059,-0.05599179,-0.03312600,1.00432026
1591242533.71668363,-0.05656684,-0.04743458,1.02731562
1591242533.72926641,-0.06377837,-0.05416965,1.04449904
1591242533.74080133,-0.06628162,-0.05315739,1.05713379
1591242533.75310540,-0.07682043,-0.04883899,1.07128489
1591242533.76490450,-0.08774635,-0.04365139,1.07381177
1591242533.77706957,-0.08880459,-0.03310575,1.06673634
1591242533.78888178,-0.09302033,-0.02244761,1.05309069
1591242533.80121517,-0.08896092,-0.01794847,1.04146659
1591242533.81284547,-0.08831933,-0.01720200,1.03211689
1591242533.82527208,-0.08948677,-0.01919930,1.02428329
1591242533.83689046,-0.08789507,-0.01879369,1.02125084
1591242533.84931612,-0.08585302,-0.01167349,1.01038492
1591242533.86091161,-0.08971595,-0.00570195,1.00735259
1591242533.87330699,-0.09234642,-0.00225946,1.00634181
1591242533.88489461,-0.09215595,-0.00475103,1.01215386
1591242533.89725852,-0.08631635,-0.01496601,1.00861609
1591242533.90893412,-0.08441135,-0.01879022,0.99876094
1591242533.92128778,-0.08299497,-0.01276749,0.98132479
1591242533.93285656,-0.07562649,-0.00645851,0.97652352
1591242533.94521904,-0.07260369,-0.00464862,0.96540487
1591242533.95678878,-0.07638004,-0.00666640,0.96692115
1591242533.96917748,-0.07324099,-0.00021765,0.95504433
1591242533.98078537,-0.06576091,-0.01196306,0.96641570
1591242533.99314570,-0.04725253,-0.03670130,0.96742648
1591242534.00471592,-0.06287159,-0.07184884,0.97298574
1591242534.01708388,-0.04497587,-0.08353971,0.98334634
1591242534.02892923,-0.05250302,-0.08116064,0.98410439
1591242534.04128098,-0.07279734,-0.08389764,0.99446511
1591242534.05285096,-0.09987512,-0.09719642,1.04273009
1591242534.06519818,-0.11948651,-0.11515155,1.10211384
1591242534.07681084,-0.13047338,-0.12296553,1.12182426
1591242534.08922338,-0.14062105,-0.12878838,1.14633584
1591242534.10081816,-0.14665425,-0.13564317,1.16680431
1591242534.11316872,-0.13007155,-0.13473855,1.16857314
1591242534.12474012,-0.12566757,-0.13211122,1.15694904
1591242534.13708663,-0.12383901,-0.12329718,1.13723874
1591242534.14892721,-0.14140159,-0.08976045,1.10312462
1591242534.16128182,-0.15136811,-0.05355285,1.08240354
1591242534.17285967,-0.16483660,-0.03036546,1.08771014
1591242534.18524528,-0.17303206,-0.02139114,1.09630179
1591242534.19682741,-0.18144396,-0.02543699,1.11297989
1591242534.20919776,-0.18464392,-0.02850120,1.12940514
1591242534.22077608,-0.18430819,-0.03379108,1.13774419
1591242534.23312616,-0.17221060,-0.03903657,1.12283504
1591242534.24470830,-0.15602157,-0.05545825,1.11323249
1591242534.25732803,-0.14942025,-0.07212536,1.10817862
1591242534.26876831,-0.14061052,-0.06950766,1.09554374
1591242534.28114390,-0.12926048,-0.06964394,1.08012927
1591242534.29271865,-0.12162807,-0.07750371,1.07330644
1591242534.30532193,-0.11823633,-0.08205733,1.06799984
1591242534.31688499,-0.11617179,-0.08633147,1.06648362
1591242534.32921052,-0.10882348,-0.08153579,1.05384874
1591242534.34093189,-0.10659855,-0.08548271,1.04626787
1591242534.35325027,-0.10092284,-0.08884597,1.03161144
1591242534.36480236,-0.09414478,-0.09116445,1.01897657
1591242534.37712598,-0.08201233,-0.09534214,1.00836337
1591242534.38878536,-0.07445067,-0.10161540,0.99951899
1591242534.40111804,-0.07166439,-0.10706586,0.99395967
1591242534.41283202,-0.07561239,-0.11407079,1.00330949
1591242534.42522168,-0.07937964,-0.11391161,1.00962687
1591242534.43679762,-0.08988483,-0.10819307,1.00558376
1591242534.44917965,-0.09493472,-0.09867877,1.00533092
1591242534.46075153,-0.10525703,-0.09571946,1.00608909
1591242534.47310448,-0.11361565,-0.09486033,1.00406754
1591242534.48471832,-0.11970889,-0.08956003,0.99850821
1591242534.49708438,-0.11882614,-0.09150563,0.99749744
1591242534.50893354,-0.12044282,-0.10316069,1.02352512
1591242534.52128887,-0.12641025,-0.11905703,1.04475176
1591242534.53284907,-0.14367603,-0.12843926,1.06572556
1591242534.54520059,-0.14615643,-0.13405761,1.08644664
1591242534.55676436,-0.16234443,-0.13204843,1.08164549
1591242534.56920385,-0.15464313,-0.11994295,1.08897364
1591242534.58069396,-0.15931024,-0.10837857,1.08316159
1591242534.59329939,-0.17661987,-0.10732840,1.09150052
1591242534.60489297,-0.17730154,-0.10864206,1.09731257
1591242534.61724901,-0.17338499,-0.10944666,1.09832346
1591242534.62889981,-0.16555953,-0.11596994,1.08947909
1591242534.64126587,-0.15540698,-0.11867480,1.07937121
1591242534.65284038,-0.14488581,-0.12959835,1.07330644
1591242534.66521621,-0.13463396,-0.13964455,1.06951594
1591242534.67678595,-0.12466510,-0.14418134,1.06092429
1591242534.68920946,-0.12261803,-0.14988180,1.05536497
1591242534.70077848,-0.11970109,-0.15065469,1.04652059
1591242534.71312737,-0.11955889,-0.15217745,1.05157447
1591242534.72470307,-0.12961271,-0.15938674,1.07861304
1591242534.73732305,-0.13630685,-0.16044579,1.08897364
1591242534.74871683,-0.13571276,-0.16145951,1.08922637
1591242534.76133442,-0.13910629,-0.16516426,1.09301686
1591242534.77291465,-0.14366867,-0.16924620,1.10843134
1591242534.78526473,-0.14240432,-0.16577321,1.10893667
1591242534.79689217,-0.14645539,-0.15999570,1.09453297
1591242534.80925846,-0.13350967,-0.15426829,1.07179034
1591242534.82083249,-0.13190657,-0.15265927,1.05587041
1591242534.83326650,-0.12694009,-0.14770916,1.03363299
1591242534.84483337,-0.11544439,-0.14615928,1.01417542
1591242534.85720706,-0.10944212,-0.15042338,1.00052977
1591242534.86894131,-0.09786909,-0.14909163,0.98511529
1591242534.88132977,-0.09461884,-0.15047362,0.97829247
1591242534.89295101,-0.10639316,-0.15437846,0.97652352
1591242534.90511060,-0.11634581,-0.14921433,0.98738956
1591242534.91695213,-0.14774838,-0.14403215,0.98865306
1591242534.92931485,-0.13687342,-0.13173546,1.02024007
1591242534.94088292,-0.16805425,-0.12123917,1.02958989
1591242534.95322776,-0.18449596,-0.12499815,1.06218779
1591242534.96481013,-0.19604591,-0.13535763,1.09200597
1591242534.97719407,-0.20410718,-0.12390676,1.09756529
1591242534.98892593,-0.20472011,-0.11263774,1.10186124
1591242535.00119805,-0.20685330,-0.10826474,1.09958696
1591242535.01286411,-0.20429531,-0.10319622,1.09832346
1591242535.02524090,-0.19547972,-0.09684145,1.07785499
1591242535.03685379,-0.18896416,-0.08650187,1.06067157
1591242535.04922700,-0.18478528,-0.08090861,1.04222476
1591242535.06081653,-0.17137568,-0.07922484,1.03792882
1591242535.07318640,-0.16592479,-0.08695169,1.03312767
1591242535.08478737,-0.15654004,-0.09619652,1.02883184
1591242535.09714460,-0.14987540,-0.10995650,1.03363299
1591242535.10881162,-0.14426443,-0.11814795,1.03717077
1591242535.12117887,-0.14034332,-0.12098455,1.03413844
1591242535.13276339,-0.13147676,-0.12418485,1.02857912
1591242535.14511371,-0.12695220,-0.12626678,1.03009522
1591242535.15695214,-0.12693712,-0.12608494,1.03135872
1591242535.16930795,-0.13463829,-0.12238002,1.04146659
1591242535.18087864,-0.13605855,-0.11823420,1.04803681
1591242535.19323087,-0.13860554,-0.11470209,1.05207992
1591242535.20480061,-0.14287275,-0.11054723,1.05384874
1591242535.21716547,-0.14576128,-0.11007890,1.06370389
1591242535.22882295,-0.14515613,-0.10630597,1.05865002
1591242535.24117947,-0.14397988,-0.10919711,1.05662847
1591242535.25275421,-0.14646228,-0.10898799,1.05738652
1591242535.26511335,-0.14361759,-0.10988803,1.06016624
1591242535.27694392,-0.14280394,-0.11029261,1.05839729
1591242535.28930187,-0.13984376,-0.11555663,1.05865002
1591242535.30093598,-0.14066195,-0.11312002,1.06446207
1591242535.31332302,-0.14785859,-0.11309275,1.06395662
1591242535.32490230,-0.14320296,-0.10680601,1.05865002
1591242535.33724380,-0.14467955,-0.09947829,1.05258524
1591242535.34891057,-0.15635008,-0.08440907,1.04879487
1591242535.36127353,-0.16760004,-0.07222740,1.04727864
1591242535.37285066,-0.17619279,-0.06291224,1.04955292
1591242535.38521504,-0.17336431,-0.06396203,1.05106914
1591242535.39677286,-0.16552907,-0.08033945,1.05410147
1591242535.40920448,-0.15497199,-0.09817366,1.05157447
1591242535.42080951,-0.14299844,-0.11019273,1.04727864
1591242535.43317676,-0.13687044,-0.12097536,1.04323554
1591242535.44473886,-0.13100527,-0.12406197,1.04020309
1591242535.45709038,-0.12928765,-0.11761606,1.04121399
1591242535.46893048,-0.13253883,-0.10614711,1.03717077
1591242535.48128486,-0.14349167,-0.09736004,1.04576254
1591242535.49285769,-0.14990145,-0.09295057,1.05207992
1591242535.50526023,-0.14749327,-0.09597345,1.05713379
1591242535.51683164,-0.14233169,-0.09941456,1.06067157
1591242535.52920079,-0.14014471,-0.10752879,1.05814469
1591242535.54077172,-0.13666952,-0.11279264,1.07229567
1591242535.55312467,-0.13215575,-0.11529282,1.07229567
1591242535.56471825,-0.13610783,-0.11741106,1.07911849
1591242535.57709885,-0.13767277,-0.12316591,1.08846819
1591242535.58874750,-0.13399825,-0.12384319,1.09175336
1591242535.60120320,-0.12628488,-0.12466602,1.08846819
1591242535.61284328,-0.11848053,-0.11947495,1.07103217
1591242535.62520552,-0.10969619,-0.11627941,1.05814469
1591242535.63677430,-0.10846169,-0.11496575,1.05233264
1591242535.64918303,-0.10374741,-0.11624786,1.03439116
1591242535.66082406,-0.09970260,-0.11596154,1.02908444
1591242535.67332792,-0.09770764,-0.11725253,1.02984262
1591242535.68475461,-0.09848856,-0.11973891,1.04348826
1591242535.69736910,-0.10075512,-0.12081158,1.05410147
1591242535.70883965,-0.10171460,-0.12693916,1.06572556
1591242535.72126412,-0.10412417,-0.12873019,1.06648362
1591242535.73281074,-0.11403780,-0.12928475,1.06749439
1591242535.74513721,-0.11294096,-0.12466633,1.06067157
1591242535.75674915,-0.11028026,-0.12090260,1.04652059
1591242535.76919746,-0.10803422,-0.11405684,1.03085339
1591242535.78084183,-0.10092235,-0.11294769,1.02883184
1591242535.79319310,-0.10498078,-0.11476597,1.03009522
1591242535.80476093,-0.11168396,-0.11938901,1.03236961
1591242535.81712794,-0.11903677,-0.11611135,1.04576254
1591242535.82892513,-0.12249123,-0.11313826,1.06016624
1591242535.84123540,-0.12117968,-0.11024712,1.06218779
1591242535.85284233,-0.12345328,-0.11601116,1.06244051
1591242535.86517334,-0.11979244,-0.11205637,1.05865002
1591242535.87695813,-0.11713374,-0.10716526,1.04677331
1591242535.88932586,-0.11354849,-0.10613808,1.03236961
1591242535.90077519,-0.10973008,-0.10531986,1.03110611
1591242535.91320705,-0.10455310,-0.10802470,1.02099824
1591242535.92475796,-0.10192564,-0.11245684,1.01973474
1591242535.93731022,-0.10051706,-0.11779806,1.02605212
1591242535.94892693,-0.10323458,-0.12476668,1.03009522
1591242535.96125507,-0.10188118,-0.12883054,1.03590727
1591242535.97280002,-0.10390628,-0.13025327,1.04374087
1591242535.98518991,-0.10807821,-0.12883498,1.04525709
1591242535.99672675,-0.11204401,-0.12250717,1.05309069
1591242536.00934911,-0.11708928,-0.12353896,1.06294584
1591242536.02088618,-0.12207967,-0.12170243,1.06597829
1591242536.03318882,-0.12308841,-0.11525667,1.05309069
1591242536.04472351,-0.12308589,-0.10999726,1.04828942
1591242536.05728579,-0.12228084,-0.10376506,1.04399359
1591242536.06890440,-0.12320168,-0.10148762,1.04348826
1591242536.08121800,-0.12241393,-0.10249229,1.03893960
1591242536.09281707,-0.11648962,-0.10529703,1.03995049
1591242536.10512948,-0.11749178,-0.10671073,1.04298282
1591242536.11675739,-0.11745907,-0.10725166,1.04374087
1591242536.12934518,-0.11844905,-0.10343322,1.04247737
1591242536.14086962,-0.11998472,-0.10490146,1.04652059
1591242536.15323734,-0.12052619,-0.10426049,1.04854214
1591242536.16481328,-0.11990567,-0.10445137,1.05207992
1591242536.17715120,-0.11849770,-0.10385130,1.05485952
1591242536.18880248,-0.11786067,-0.10756050,1.06799984
1591242536.20112133,-0.11987384,-0.10811952,1.07836044
1591242536.21296620,-0.11857196,-0.10520111,1.07987654
1591242536.22509861,-0.12046145,-0.10028717,1.07684422
1591242536.23689270,-0.11327135,-0.09861901,1.06446207
1591242536.24919939,-0.10749237,-0.09686904,1.05056381
1591242536.26072836,-0.09794188,-0.09786467,1.04121399
1591242536.27331376,-0.09084015,-0.10927908,1.04424632
1591242536.28482938,-0.08432967,-0.11856602,1.04955292
1591242536.29712701,-0.07820907,-0.13078043,1.05814469
1591242536.30893064,-0.07641798,-0.13843997,1.06572556
1591242536.32129073,-0.07761891,-0.14186744,1.06901062
1591242536.33283305,-0.08109780,-0.13849451,1.06673634
1591242536.34514809,-0.08504114,-0.13055308,1.06319857
1591242536.35695291,-0.09104680,-0.12527543,1.06269312
1591242536.36926031,-0.09709623,-0.12424350,1.06673634
1591242536.38080978,-0.10052987,-0.12648907,1.07128489
1591242536.39312220,-0.10284220,-0.12833004,1.07760227
1591242536.40490675,-0.10060836,-0.12906645,1.07734954
1591242536.41725254,-0.10250746,-0.13028927,1.07684422
1591242536.42891741,-0.09948020,-0.12980287,1.07709694
1591242536.44127536,-0.10235107,-0.12535724,1.06420934
1591242536.45280528,-0.10440892,-0.11772497,1.05713379
1591242536.46517515,-0.10313860,-0.11147010,1.04778409
1591242536.47672105,-0.10011278,-0.10728353,1.03969777
1591242536.48929930,-0.10038040,-0.10338789,1.03236961
1591242536.50082135,-0.09827908,-0.10262880,1.02756834
1591242536.51312351,-0.09776826,-0.11002025,1.02554679
1591242536.52496219,-0.09661023,-0.11476140,1.03464389
1591242536.53729963,-0.09978335,-0.12177995,1.04424632
1591242536.54894114,-0.09818397,-0.12441187,1.05132174
1591242536.56125379,-0.10076787,-0.12391643,1.04677331
1591242536.57278156,-0.10166857,-0.11945243,1.05207992
1591242536.58511662,-0.10095306,-0.11823420,1.04803681
1591242536.59689999,-0.10055181,-0.11466579,1.04677331
1591242536.60921526,-0.10184722,-0.11076555,1.04399359
1591242536.62074137,-0.09949967,-0.10655615,1.04475176
1591242536.63332295,-0.09695242,-0.10571985,1.03388572
1591242536.64483857,-0.09165120,-0.10742907,1.03312767
1591242536.65713310,-0.09181017,-0.10910642,1.03641272
1591242536.66893005,-0.08981515,-0.11656144,1.04020309
1591242536.68126225,-0.08723290,-0.12388916,1.04626787
1591242536.69277406,-0.08583342,-0.12898035,1.05258524
1591242536.70533013,-0.08438106,-0.13007587,1.05435419
1591242536.71684694,-0.08948042,-0.12322077,1.06168246
1591242536.72921348,-0.09289704,-0.12024783,1.06218779
1591242536.74074841,-0.09715742,-0.11723398,1.06193507
1591242536.75331378,-0.09107332,-0.11377020,1.05334342
1591242536.76490331,-0.09009585,-0.11867510,1.05157447
1591242536.77726126,-0.08913010,-0.11626133,1.04854214
1591242536.78887987,-0.08692351,-0.12241173,1.05132174
1591242536.80119038,-0.08556275,-0.12122981,1.05258524
1591242536.81296825,-0.08916873,-0.12231629,1.04955292
1591242536.82528257,-0.08911446,-0.11350669,1.03919232
1591242536.83681488,-0.09255782,-0.10956095,1.04020309
1591242536.84918809,-0.09267954,-0.10764723,1.03717077
1591242536.86073709,-0.09395725,-0.11063381,1.03691816
1591242536.87331176,-0.09619706,-0.11032924,1.03590727
1591242536.88487816,-0.09280404,-0.11301127,1.03464389
1591242536.89721274,-0.08963712,-0.11695701,1.03363299
1591242536.90882516,-0.08895771,-0.11888438,1.03691816
1591242536.92113042,-0.08798538,-0.12198003,1.03868699
1591242536.93273091,-0.08625578,-0.12083443,1.04525709
1591242536.94530654,-0.08734012,-0.12201633,1.04399359
1591242536.95684767,-0.08774763,-0.12422100,1.04778409
1591242536.96917105,-0.09447134,-0.12542097,1.05612302
1591242536.98096037,-0.09731721,-0.12115245,1.06041896
1591242536.99334121,-0.09448306,-0.11810230,1.05485952
1591242537.00487757,-0.09346752,-0.11952503,1.06269312
1591242537.01717830,-0.09862110,-0.12294348,1.06117702
1591242537.02883410,-0.09512430,-0.12267078,1.05612302
1591242537.04116702,-0.09380957,-0.12662557,1.05991352
1591242537.05298352,-0.09909738,-0.13391683,1.07456994
1591242537.06529951,-0.10162241,-0.13750792,1.08088732
1591242537.07683301,-0.10086741,-0.13415764,1.08366704
1591242537.08913040,-0.10364699,-0.13019383,1.07507527
1591242537.10091376,-0.09803355,-0.12696183,1.07077944
1591242537.11322808,-0.09233423,-0.12207071,1.05890274
1591242537.12474275,-0.09553042,-0.12006153,1.05410147
1591242537.13737345,-0.08976311,-0.11950697,1.05309069
1591242537.14899850,-0.09076440,-0.12249354,1.05283797
1591242537.16131139,-0.08992347,-0.12364818,1.05106914
1591242537.17281246,-0.08752069,-0.12453015,1.04424632
1591242537.18524790,-0.08478147,-0.12670310,1.03818166
1591242537.19732547,-0.07943814,-0.13099889,1.03439116
1591242537.20934153,-0.07757822,-0.13370374,1.02428329
1591242537.22076035,-0.07292622,-0.13928594,1.02579951
1591242537.23318934,-0.07137775,-0.14146791,1.02453601
1591242537.24478102,-0.07561304,-0.14566812,1.03287494
1591242537.25713730,-0.08284469,-0.14452694,1.04879487
1591242537.26893163,-0.09075774,-0.13798098,1.05258524
1591242537.28134298,-0.09040514,-0.13013056,1.04146659
1591242537.29290843,-0.09115680,-0.12598030,1.03868699
1591242537.30522466,-0.09190758,-0.12340292,1.03262222
1591242537.31682897,-0.09366453,-0.11998449,1.03413844
1591242537.32915592,-0.09833243,-0.11917530,1.03767622
1591242537.34074569,-0.10346702,-0.11468861,1.03792882
1591242537.35334730,-0.10532663,-0.11377940,1.04424632
1591242537.36500311,-0.10800357,-0.11200644,1.05309069
1591242537.37720919,-0.10633110,-0.11227009,1.05334342
1591242537.38890219,-0.10833600,-0.11532024,1.05890274
1591242537.40125155,-0.10378844,-0.11175182,1.05763924
1591242537.41283274,-0.10026526,-0.10684231,1.06395662
1591242537.42519188,-0.09808782,-0.09676884,1.06724167
1591242537.43683481,-0.09950875,-0.08099391,1.06623089
1591242537.44920492,-0.10356233,-0.06645022,1.07027400
1591242537.46077919,-0.10815689,-0.05684537,1.08063471
1591242537.47313023,-0.11857662,-0.05165441,1.09655452
1591242537.48496437,-0.13267630,-0.04786775,1.12056077
1591242537.49731183,-0.14478076,-0.04434008,1.13142669
1591242537.50896573,-0.15416664,-0.03577817,1.13420641
1591242537.52133369,-0.15710488,-0.03528732,1.12510920
1591242537.53294969,-0.15075125,-0.03875024,1.11752832
1591242537.54513288,-0.13332996,-0.05474926,1.10009229
1591242537.55696368,-0.11297147,-0.07939884,1.09048986
1591242537.56932116,-0.09565234,-0.10289182,1.08341432
1591242537.58090711,-0.07837215,-0.12257503,1.08215082
1591242537.59324574,-0.06634414,-0.13318041,1.07482266
1591242537.60481405,-0.05767581,-0.13593519,1.07027400
1591242537.61718440,-0.05404611,-0.13271667,1.08012927
1591242537.62884784,-0.06634817,-0.11797008,1.08947909
1591242537.64130640,-0.08334257,-0.09624583,1.08998442
1591242537.65296793,-0.08874571,-0.06943606,1.08973169
1591242537.66524291,-0.09381096,-0.04860384,1.08038199
1591242537.67684126,-0.08850139,-0.04342645,1.07861304
1591242537.68919277,-0.09209638,-0.03534848,1.06345129
1591242537.70075202,-0.08514331,-0.02848048,1.04828942
1591242537.71334910,-0.08278984,-0.01993899,1.04247737
1591242537.72491670,-0.08682980,-0.02023895,1.04803681
1591242537.73729300,-0.09524770,-0.02578788,1.06117702
1591242537.74896741,-0.09604183,-0.03100959,1.06825256
1591242537.76129818,-0.09117942,-0.04332417,1.06774712
1591242537.77283025,-0.08948430,-0.05975270,1.06724167
1591242537.78513193,-0.07682280,-0.06589801,1.05106914
1591242537.79690719,-0.07327159,-0.06925863,1.03262222
1591242537.80920100,-0.07176667,-0.07795690,1.03236961
1591242537.82098246,-0.06093503,-0.09084595,1.04550982
1591242537.83325887,-0.05978502,-0.11007448,1.05435419
1591242537.84498501,-0.05267733,-0.13663530,1.06471479
1591242537.85732341,-0.03836237,-0.16048241,1.06648362
1591242537.86897230,-0.03030651,-0.18697049,1.08012927
1591242537.88128519,-0.02269693,-0.20322606,1.08947909
1591242537.89282155,0.00633518,-0.20309415,1.09630179
1591242537.90517163,0.03698835,-0.21297675,1.08947909
1591242537.91697931,0.06507270,-0.24544716,1.09352219
1591242537.92929721,0.08841033,-0.27439451,1.10640967
1591242537.94086671,0.10172121,-0.29495937,1.12612009
1591242537.95318365,0.09957433,-0.31526074,1.13167942
1591242537.96511388,0.11456768,-0.33552560,1.14583039
1591242537.97725296,0.10135993,-0.35114515,1.12485659
1591242537.98892713,0.12554215,-0.35168606,1.12561464
1591242538.00125957,0.11523435,-0.35720468,1.12131882
1591242538.01277208,0.08754525,-0.35753652,1.12283504
1591242538.02532911,0.08675596,-0.33136204,1.11500144
1591242538.03690434,0.06118315,-0.31046537,1.09377491
1591242538.04933238,0.03668743,-0.28520471,1.07507527
1591242538.06090260,0.01167089,-0.24837968,1.05056381
1591242538.07320213,-0.00443240,-0.21034546,1.02681029
1591242538.08498406,-0.02223265,-0.18653464,1.03034794
1591242538.09729576,-0.03832255,-0.17209278,1.02681029
1591242538.10892129,-0.06198134,-0.17869326,1.02403057
1591242538.12123156,-0.09012203,-0.17757048,1.02175629
1591242538.13283086,-0.08857474,-0.17344289,1.02403057
1591242538.14521456,-0.09997002,-0.16867450,1.01442814
1591242538.15694785,-0.11818008,-0.15879190,1.02125084
1591242538.16920781,-0.15068449,-0.14442247,1.04222476
1591242538.18090248,-0.18736322,-0.11338368,1.06471479
1591242538.19322157,-0.19805256,-0.08846176,1.07456994
1591242538.20501399,-0.19923657,-0.08237778,1.08290899
1591242538.21730900,-0.19452223,-0.09428659,1.09074247
1591242538.22895145,-0.17863306,-0.13367584,1.07937121
1591242538.24119759,-0.14526606,-0.18882999,1.05435419
1591242538.25281429,-0.12362228,-0.23458353,1.02655756
1591242538.26539731,-0.12865603,-0.23936619,0.98081946
1591242538.27692127,-0.13418776,-0.20227799,0.91436011
1591242538.28936267,-0.12758644,-0.14335628,0.86028302
1591242538.30095267,-0.13063683,-0.12395082,0.82035697
1591242538.31332755,-0.14843462,-0.09719910,0.80645865
1591242538.32487965,-0.16353005,-0.09738523,0.82844323
1591242538.33718491,-0.16960347,-0.09750287,0.87696099
1591242538.34877896,-0.19735047,-0.11646727,0.92724770
1591242538.36136603,-0.21609433,-0.12275782,0.99749744
1591242538.37297177,-0.22930291,-0.13253942,1.07684422
1591242538.38529491,-0.25812656,-0.11639704,1.10666239
1591242538.39681935,-0.27239114,-0.09888679,1.10186124
1591242538.40940475,-0.26393175,-0.10138728,1.07406449
1591242538.42094493,-0.26687756,-0.10962453,1.04601514
1591242538.43325090,-0.27254695,-0.11763430,1.03691816
1591242538.44483042,-0.28067100,-0.11217020,1.04222476
1591242538.45714331,-0.28782073,-0.11092916,1.04702604
1591242538.46895099,-0.28550422,-0.08487600,1.04399359
1591242538.48126006,-0.28361726,-0.06884967,1.04298282
1591242538.49292588,-0.26709086,-0.06890078,1.03944504
1591242538.50519276,-0.25382578,-0.08304568,1.04146659
1591242538.51700521,-0.24590167,-0.11121088,1.05688119
1591242538.52932334,-0.24870938,-0.11960225,1.06875789
1591242538.54091978,-0.24972691,-0.11940217,1.07431722
1591242538.55328417,-0.23913957,-0.11683843,1.06850517
1591242538.56478357,-0.23924671,-0.12494361,1.06117702
1591242538.57720780,-0.23413345,-0.12589835,1.05106914
1591242538.58888364,-0.22412854,-0.12347554,1.04323554
1591242538.60125422,-0.22581547,-0.12933502,1.04525709
1591242538.61292696,-0.22175504,-0.13099413,1.05283797
1591242538.62529135,-0.21558262,-0.15433645,1.07305372
1591242538.63686037,-0.19650379,-0.16443704,1.08417249
1591242538.64933968,-0.17824952,-0.19271168,1.08922637
1591242538.66088629,-0.17478195,-0.20288965,1.09251142
1591242538.67318892,-0.15669048,-0.16783772,1.04525709
1591242538.68498516,-0.16684769,-0.13667256,0.98663139
1591242538.69729376,-0.17877787,-0.08836986,0.92547882
1591242538.70889807,-0.18668503,-0.04894069,0.90273613
1591242538.72125554,-0.20081213,-0.02597818,0.88530004
1591242538.73279619,-0.21898715,-0.00342134,0.88883781
1591242538.74519587,-0.23298006,-0.00527562,0.92320448
1591242538.75699782,-0.23110920,-0.03378712,0.97172225
1591242538.76931906,-0.24830516,-0.06318481,1.01872396
1591242538.78083658,-0.27843678,-0.05015114,1.04626787
1591242538.79331899,-0.29649657,-0.02388253,1.04828942
1591242538.80503678,-0.30110225,-0.00248114,1.05081642
1591242538.81736803,-0.30757579,0.00579108,1.04550982
1591242538.82896209,-0.30083609,0.00953011,1.04348826
1591242538.84120965,-0.28878263,0.00124088,1.03565466
1591242538.85287094,-0.27629775,-0.01707935,1.04778409
1591242538.86521363,-0.26016539,-0.02443813,1.05410147
1591242538.87699914,-0.23879778,-0.03109818,1.06092429
1591242538.88918996,-0.22724421,-0.04804482,1.07002139
1591242538.90101171,-0.21930310,-0.04904692,1.07962382
1591242538.91331577,-0.21722975,-0.05356306,1.07810771
1591242538.92491078,-0.20259175,-0.05787126,1.06825256
1591242538.93723845,-0.18992364,-0.08539417,1.07153749
1591242538.94891047,-0.18006797,-0.11099701,1.07608604
1591242538.96124387,-0.17384192,-0.15007696,1.08215082
1591242538.97282720,-0.14633670,-0.20785812,1.09655452
1591242538.98517370,-0.09794593,-0.23929217,1.09529102
1591242538.99696946,-0.07503810,-0.25398868,1.09428024
1591242539.00928855,-0.08928489,-0.21669070,1.08417249
1591242539.02081966,-0.12263172,-0.15229985,1.08164549
1591242539.03315330,-0.14247251,-0.09542792,1.06092429
1591242539.04494333,-0.17109255,-0.05996731,1.03085339
1591242539.05737066,-0.16870075,-0.04194018,1.01518619
1591242539.06898594,-0.16798678,-0.04621438,1.03161144
1591242539.08127713,-0.17492542,-0.05681456,1.03969777
1591242539.09280276,-0.18680227,-0.06239755,1.04449904
1591242539.10517788,-0.18926194,-0.06325653,1.06041896
1591242539.11695051,-0.18640330,-0.06287139,1.06673634
1591242539.12925410,-0.17916045,-0.06845775,1.05814469
1591242539.14077997,-0.16873121,-0.06759541,1.05561769
1591242539.15338588,-0.16911477,-0.06381890,1.05738652
1591242539.16502357,-0.17717141,-0.05324257,1.04525709
1591242539.17725897,-0.18098801,-0.04857639,1.02605212
1591242539.18896103,-0.18062519,-0.05086338,1.01013219
1591242539.20133615,-0.16535744,-0.05061118,1.01442814
1591242539.21289659,-0.15209162,-0.04387280,1.02857912
1591242539.22524667,-0.16236313,-0.02382109,1.02024007
1591242539.23682237,-0.17810491,-0.01057602,1.01695514
1591242539.24919224,-0.18513286,-0.00937623,1.01265919
1591242539.26091743,-0.18995649,-0.01783928,1.00356209
1591242539.27329707,-0.16884857,-0.03978605,1.01114297
1591242539.28487062,-0.11651939,-0.07866920,1.01417542
1591242539.29724598,-0.03570268,-0.15004113,1.03514922
1591242539.30889583,-0.00697589,-0.22341438,1.04197204
1591242539.32125449,0.00037724,-0.23081534,1.00305665
1591242539.33283472,-0.03133653,-0.18939471,0.96287793
1591242539.34517074,-0.07398552,-0.13169995,0.94544184
1591242539.35678148,-0.12062135,-0.08001871,0.94948506
1591242539.36920571,-0.15467419,-0.04756390,0.96692115
1591242539.38080573,-0.16639546,-0.05080205,1.01796579
1591242539.39341187,-0.17286605,-0.07439865,1.07406449
1591242539.40496516,-0.17159832,-0.10307778,1.11929727
1591242539.41731477,-0.17692763,-0.11607379,1.15164244
1591242539.42896605,-0.18040988,-0.12490146,1.17160547
1591242539.44132495,-0.18527375,-0.11882827,1.17489064
1591242539.45289087,-0.18851177,-0.08807343,1.14810467
1591242539.46533585,-0.18945584,-0.06018233,1.12005532
1591242539.47691417,-0.19976676,-0.03598256,1.10211384
1591242539.48933768,-0.20161635,-0.02150701,1.08947909
1591242539.50105643,-0.19065014,-0.03062794,1.09705997
1591242539.51333213,-0.17278138,-0.06477685,1.11550677
1591242539.52491307,-0.16790542,-0.09305993,1.14633584
1591242539.53732371,-0.17030989,-0.09233741,1.16882575
1591242539.54901314,-0.18356048,-0.06789914,1.17337441
1591242539.56119108,-0.19908646,-0.04423791,1.15644372
1591242539.57287955,-0.19404940,-0.04298018,1.14658856
1591242539.58527064,-0.19224909,-0.03574068,1.13799679
1591242539.59683537,-0.18788245,-0.02720262,1.13673329
1591242539.60925889,-0.18150993,-0.02537908,1.12536204
1591242539.62083960,-0.17236632,-0.04619756,1.09857607
1591242539.63325667,-0.15428784,-0.09718676,1.09352219
1591242539.64488506,-0.12796906,-0.15608627,1.10085034
1591242539.65723300,-0.11571735,-0.17360112,1.10110307
1591242539.66905761,-0.11926015,-0.14852200,1.10893667
1591242539.68118191,-0.13774945,-0.11161469,1.12460387
1591242539.69299817,-0.16025829,-0.07842761,1.13976574
1591242539.70534825,-0.16801596,-0.06465761,1.13572252
1591242539.71692967,-0.16328207,-0.06397590,1.12308776
1591242539.72925210,-0.14979763,-0.07292631,1.10059774
1591242539.74079776,-0.13921709,-0.08369347,1.09832346
1591242539.75340176,-0.13659124,-0.09007404,1.10893667
1591242539.76491904,-0.13598439,-0.09286813,1.10615706
1591242539.77723837,-0.14330408,-0.08842091,1.09175336
1591242539.78891015,-0.16067517,-0.06675020,1.07583344
1591242539.80124211,-0.17756510,-0.04466023,1.05662847
1591242539.81282115,-0.18607081,-0.02413133,1.03944504
1591242539.82531762,-0.19341987,0.00059670,1.03413844
1591242539.83702588,-0.19002038,0.01200119,1.04702604
1591242539.84937167,-0.19136968,0.00374603,1.04753137
1591242539.86091042,-0.18833081,-0.01127142,1.04778409
1591242539.87333179,-0.18126401,-0.02955754,1.05031097
1591242539.88489079,-0.16967753,-0.04994319,1.03792882
1591242539.89720559,-0.14611429,-0.08669263,1.02832639
1591242539.90882635,-0.12571433,-0.11745261,1.02428329
1591242539.92119026,-0.11528440,-0.13640843,1.02807379
1591242539.93301129,-0.09944133,-0.14516793,1.04677331
1591242539.94530821,-0.11051857,-0.11888438,1.03691816
1591242539.95685172,-0.14758745,-0.07588458,1.02984262
1591242539.96941924,-0.16221710,-0.03009596,1.01543880
1591242539.98101521,-0.17022747,0.00040599,0.98385179
1591242539.99331975,-0.18421477,-0.01840160,0.98258829
1591242540.00485802,-0.19393073,-0.02983342,0.98814762
1591242540.01740789,-0.17060484,-0.04767309,1.00482559
1591242540.02900743,-0.17652363,-0.06797028,1.03565466
1591242540.04130840,-0.18730682,-0.07712188,1.04828942
1591242540.05283523,-0.19047852,-0.08712563,1.06774712
1591242540.06525016,-0.19760363,-0.11737460,1.08771014
1591242540.07686782,-0.21167740,-0.12999359,1.09453297
1591242540.08919501,-0.21022654,-0.12357494,1.09604919
1591242540.10099530,-0.20406601,-0.11494245,1.10287201
1591242540.11330700,-0.20133622,-0.11506975,1.10059774
1591242540.12482071,-0.19314787,-0.12206121,1.09579647
1591242540.13737583,-0.18076482,-0.13300300,1.08543587
1591242540.14898038,-0.16630755,-0.13425323,1.07153749
1591242540.16127253,-0.15125567,-0.12778038,1.04424632
1591242540.17305899,-0.13172126,-0.13313094,1.02756834
1591242540.18542099,-0.14205188,-0.11446634,0.99673927
1591242540.19695973,-0.17149003,-0.08103457,0.99522316
1591242540.20934987,-0.19524108,-0.05092123,0.97980869
1591242540.22090220,-0.18285419,-0.07730563,0.95302272
1591242540.23321462,-0.15468848,-0.13242288,0.93103814
1591242540.24501967,-0.13516897,-0.19544999,0.93609208
1591242540.25731444,-0.11878417,-0.24653475,0.99320161
1591242540.26893854,-0.10855104,-0.24372938,1.04778409
1591242540.28139734,-0.13007200,-0.19328006,1.07659149
1591242540.29295945,-0.16197480,-0.12367958,1.08872092
1591242540.30526328,-0.18059769,-0.06691039,1.07431722
1591242540.31682038,-0.17167275,-0.08606564,1.07052684
1591242540.32921290,-0.13594049,-0.16720547,1.07987654
1591242540.34079504,-0.11107960,-0.23486492,1.06420934
1591242540.35336637,-0.09797432,-0.26153991,1.03034794
1591242540.36483788,-0.08561480,-0.24551629,1.01139569
1591242540.37720942,-0.08827507,-0.23291521,1.02807379
1591242540.38891339,-0.09130053,-0.22162303,1.06901062
1591242540.40123868,-0.08256076,-0.24047852,1.10337734
1591242540.41282892,-0.06635033,-0.27841270,1.12991047
1591242540.42540026,-0.05614509,-0.31057873,1.11904454
1591242540.43693304,-0.04532798,-0.33072582,1.09857607
1591242540.44924450,-0.05116874,-0.31514323,1.06926334
1591242540.46103239,-0.06494051,-0.28581858,1.05865002
1591242540.47332382,-0.09809049,-0.25212076,1.05966079
1591242540.48494720,-0.11765801,-0.22975552,1.06218779
1591242540.49736023,-0.12529634,-0.22622783,1.07558072
1591242540.50896358,-0.12592165,-0.23453739,1.08594131
1591242540.52130008,-0.11637124,-0.26220754,1.08442509
1591242540.53283095,-0.11791020,-0.27029023,1.05814469
1591242540.54540610,-0.12884520,-0.24699339,1.03413844
1591242540.55694532,-0.16235825,-0.19480363,1.01215386
1591242540.56926274,-0.18789397,-0.15068717,0.98688412
1591242540.58086658,-0.19376460,-0.13929561,0.97500741
1591242540.59326243,-0.18284975,-0.16242896,0.98208296
1591242540.60482335,-0.16443613,-0.21020007,1.01948202
1591242540.61739755,-0.15670162,-0.23595142,1.06117702
1591242540.62882185,-0.15072618,-0.23396474,1.07532799
1591242540.64138985,-0.14235166,-0.23005086,1.07229567
1591242540.65296364,-0.14424665,-0.21536800,1.07355917
1591242540.66528249,-0.14078265,-0.20457634,1.07280099
1591242540.67682385,-0.12923937,-0.22243208,1.07937121
1591242540.68923688,-0.11189185,-0.23434651,1.08240354
1591242540.70084071,-0.09743357,-0.25801179,1.08543587
1591242540.71346378,-0.09059346,-0.26891267,1.07431722
1591242540.72505403,-0.09116589,-0.27322653,1.08012927
1591242540.73723793,-0.10202011,-0.25732544,1.07734954
1591242540.74890780,-0.10088659,-0.24933869,1.06370389
1591242540.76125622,-0.10103901,-0.24566135,1.04652059
1591242540.77285051,-0.09963387,-0.24617502,1.04677331
1591242540.78523517,-0.10681712,-0.24663414,1.04601514
1591242540.79683685,-0.11353468,-0.23070580,1.04273009
1591242540.80930114,-0.12567426,-0.21889141,1.03691816
1591242540.82101750,-0.14026153,-0.20853621,1.03034794
1591242540.83365345,-0.15241247,-0.19501272,1.01139569
