1591242532.18079162,5.91987757,-0.20958612,-0.31948776
1591242532.19309187,5.90910540,-0.20306208,-0.32212669
1591242532.20472407,5.89751990,-0.19572995,-0.32294002
1591242532.21705580,5.88549284,-0.18794753,-0.32210400
1591242532.22870612,5.87370314,-0.18048450,-0.31997819
1591242532.24106145,5.86242831,-0.17403027,-0.31702510
1591242532.25285459,5.85145543,-0.16885013,-0.31380671
1591242532.26524591,5.84027485,-0.16503484,-0.31051327
1591242532.27678871,5.82887261,-0.16239416,-0.30732805
1591242532.28921390,5.81731504,-0.16019679,-0.30398574
1591242532.30076647,5.80564403,-0.15751771,-0.30021408
1591242532.31309676,5.79388923,-0.15384030,-0.29596421
1591242532.32490492,5.78241544,-0.14940717,-0.29094813
1591242532.33717632,5.77177940,-0.14465638,-0.28586224
1591242532.34870911,5.76203697,-0.13979389,-0.28131566
1591242532.36109853,5.75277975,-0.13505707,-0.27731362
1591242532.37284899,5.74359408,-0.13032897,-0.27396433
1591242532.38526797,5.73433860,-0.12543507,-0.27110548
1591242532.39685845,5.72539902,-0.12046612,-0.26808083
1591242532.40922737,5.71702493,-0.11532961,-0.26417827
1591242532.42082405,5.70965092,-0.11011980,-0.25921979
1591242532.43319511,5.70350561,-0.10482273,-0.25352129
1591242532.44477057,5.69849477,-0.09936334,-0.24713862
1591242532.45718312,5.69472661,-0.09425476,-0.24037896
1591242532.46884704,5.69209639,-0.08985828,-0.23373275
1591242532.48128796,5.69051513,-0.08637984,-0.22783354
1591242532.49286628,5.68964421,-0.08371821,-0.22314209
1591242532.50523949,5.68890768,-0.08202349,-0.21965318
1591242532.51695085,5.68813799,-0.08078082,-0.21719750
1591242532.52924347,5.68722518,-0.07966555,-0.21514150
1591242532.54079294,5.68615704,-0.07833561,-0.21291446
1591242532.55319118,5.68505748,-0.07666533,-0.21021793
1591242532.56489873,5.68408010,-0.07472278,-0.20700129
1591242532.57718992,5.68328248,-0.07187440,-0.20398361
1591242532.58867645,5.68275714,-0.06821968,-0.20168676
1591242532.60119677,5.68263147,-0.06384240,-0.19990478
1591242532.61280131,5.68247439,-0.05831145,-0.19865861
1591242532.62519670,5.68169598,-0.05219756,-0.19768297
1591242532.63677263,5.68014089,-0.04525115,-0.19655898
1591242532.64924359,5.67810584,-0.03741113,-0.19500389
1591242532.66087937,5.67586658,-0.02932851,-0.19261105
1591242532.67325211,5.67360463,-0.02141694,-0.18902963
1591242532.68482375,5.67145090,-0.01386664,-0.18461046
1591242532.69719481,5.66943155,-0.00687136,-0.17969212
1591242532.70892072,5.66789740,-0.00061785,-0.17444391
1591242532.72129321,5.66714168,0.00486772,-0.16899849
1591242532.73286223,5.66720625,0.00974417,-0.16371363
1591242532.74522734,5.66817142,0.01392249,-0.15881274
1591242532.75683928,5.66968113,0.01794198,-0.15447735
1591242532.76920748,5.67151024,0.02180440,-0.15076329
1591242532.78078818,5.67349817,0.02547308,-0.14728659
1591242532.79315710,5.67522953,0.02944720,-0.14399490
1591242532.80472517,5.67666070,0.03363773,-0.14031749
1591242532.81707287,5.67806220,0.03754552,-0.13584945
1591242532.82888818,5.67960682,0.04106236,-0.13111088
1591242532.84109068,5.68157730,0.04389852,-0.12647528
1591242532.85293221,5.68388811,0.04585504,-0.12228649
1591242532.86509919,5.68630539,0.04660378,-0.11905240
1591242532.87669945,5.68857083,0.04581315,-0.11676427
1591242532.88907146,5.69049244,0.04379380,-0.11513064
1591242532.90089774,5.69204753,0.04104316,-0.11373962
1591242532.91325808,5.69324831,0.03817384,-0.11221769
1591242532.92482400,5.69416985,0.03597473,-0.11028736
1591242532.93717360,5.69484878,0.03480536,-0.10787007
1591242532.94882274,5.69540205,0.03462733,-0.10466390
1591242532.96122479,5.69603560,0.03542495,-0.10072644
1591242532.97287250,5.69686987,0.03704112,-0.09618684
1591242532.98523808,5.69780537,0.03926991,-0.09111142
1591242532.99681711,5.69873563,0.04199786,-0.08599586
1591242533.00917435,5.69963971,0.04522148,-0.08133234
1591242533.02074933,5.70039544,0.04917116,-0.07728143
1591242533.03310013,5.70098187,0.05369156,-0.07350978
1591242533.04493237,5.70142867,0.05863957,-0.06969623
1591242533.05730629,5.70174807,0.06366263,-0.06572561
1591242533.06881762,5.70206397,0.06845356,-0.06147050
1591242533.08108163,5.70269578,0.07277499,-0.05723284
1591242533.09287167,5.70386690,0.07653269,-0.05369331
1591242533.10519910,5.70564713,0.07959923,-0.05113117
1591242533.11673260,5.70791606,0.08176693,-0.04924970
1591242533.12930799,5.71039617,0.08298517,-0.04806986
1591242533.14090300,5.71295133,0.08334994,-0.04725130
1591242533.15323162,5.71571070,0.08299390,-0.04651477
1591242533.16483045,5.71868823,0.08219454,-0.04590041
1591242533.17717814,5.72200610,0.08102517,-0.04527908
1591242533.18878412,5.72559624,0.07973013,-0.04468916
1591242533.20110559,5.72936092,0.07847000,-0.04429646
1591242533.21290755,5.73317272,0.07766890,-0.04385489
1591242533.22527623,5.73700023,0.07721860,-0.04291416
1591242533.23693943,5.74082075,0.07686954,-0.04136430
1591242533.24906015,5.74464826,0.07686255,-0.03946364
1591242533.26088309,5.74848449,0.07712086,-0.03730816
1591242533.27329135,5.75245512,0.07755545,-0.03527136
1591242533.28487086,5.75675212,0.07819250,-0.03422940
1591242533.29722071,5.76135455,0.07901280,-0.03441266
1591242533.30888009,5.76607567,0.07997099,-0.03604454
1591242533.32129693,5.77086485,0.08078256,-0.03925071
1591242533.33270502,5.77540445,0.08145103,-0.04344823
1591242533.34509778,5.77947979,0.08204444,-0.04849746
1591242533.35693526,5.78321654,0.08241968,-0.05401445
1591242533.36929798,5.78660597,0.08222944,-0.05908114
1591242533.38087153,5.78959921,0.08125031,-0.06332229
1591242533.39322925,5.79204267,0.07944739,-0.06666460
1591242533.40480971,5.79400792,0.07665312,-0.06950425
1591242533.41716552,5.79548970,0.07302632,-0.07298618
1591242533.42881155,5.79617212,0.06860191,-0.07776489
1591242533.44117999,5.79559442,0.06354569,-0.08308640
1591242533.45274973,5.79336912,0.05860292,-0.08797681
1591242533.46511436,5.78981738,0.05425531,-0.09123360
1591242533.47694254,5.78575076,0.05099678,-0.09265255
1591242533.48930550,5.78176269,0.04876974,-0.09197536
1591242533.50094843,5.77819349,0.04771207,-0.08934166
1591242533.51309371,5.77516709,0.04758291,-0.08537104
1591242533.52492619,5.77273410,0.04819029,-0.08065690
1591242533.53727770,5.77080900,0.04932126,-0.07571762
1591242533.54871154,5.76928882,0.05030388,-0.07081848
1591242533.56108546,5.76793095,0.05097234,-0.06643770
1591242533.57276678,5.76653120,0.05126032,-0.06267826
1591242533.58513546,5.76519602,0.05083970,-0.05940926
1591242533.59692597,5.76389749,0.04997052,-0.05663244
1591242533.60926366,5.76274558,0.04867723,-0.05423611
1591242533.62081504,5.76176470,0.04730191,-0.05162160
1591242533.63312030,5.76106832,0.04629311,-0.04858822
1591242533.64492679,5.76071401,0.04617967,-0.04503299
1591242533.65724230,5.76108402,0.04692143,-0.04125784
1591242533.66889405,5.76201079,0.04859346,-0.03723834
1591242533.68122077,5.76312955,0.05068087,-0.03318220
1591242533.69275928,5.76431463,0.05299343,-0.02917841
1591242533.70514059,5.76549273,0.05538977,-0.02596177
1591242533.71668363,5.76653992,0.05762379,-0.02366143
1591242533.72926641,5.76713857,0.05951398,-0.02207492
1591242533.74080133,5.76711937,0.06074618,-0.02113594
1591242533.75310540,5.76658530,0.06144432,-0.02081654
1591242533.76490450,5.76571438,0.06170437,-0.02083050
1591242533.77706957,5.76465322,0.06156998,-0.02079734
1591242533.78888178,5.76356588,0.06134483,-0.02041686
1591242533.80121517,5.76270369,0.06112492,-0.01967335
1591242533.81284547,5.76210853,0.06122615,-0.01862790
1591242533.82527208,5.76177517,0.06170263,-0.01730145
1591242533.83689046,5.76160762,0.06242868,-0.01567131
1591242533.84931612,5.76137375,0.06340956,-0.01379857
1591242533.86091161,5.76108228,0.06467667,-0.01192583
1591242533.87330699,5.76075765,0.06604675,-0.01026603
1591242533.88489461,5.76050981,0.06736622,-0.00905477
1591242533.89725852,5.76042953,0.06849894,-0.00836362
1591242533.90893412,5.76038415,0.06954439,-0.00795521
1591242533.92128778,5.76026023,0.07065791,-0.00764978
1591242533.93285656,5.76004032,0.07179935,-0.00759044
1591242533.94521904,5.75949577,0.07318864,-0.00790460
1591242533.95678878,5.75871038,0.07500029,-0.00873363
1591242533.96917748,5.75773299,0.07722384,-0.01003215
1591242533.98078537,5.75682891,0.07978598,-0.01260477
1591242533.99314570,5.75622154,0.08223642,-0.01693493
1591242534.00471592,5.75538203,0.08502371,-0.02377662
1591242534.01708388,5.75375713,0.08735024,-0.03270223
1591242534.02892923,5.75112343,0.08975879,-0.04290019
1591242534.04128098,5.74788933,0.09261764,-0.05415408
1591242534.05285096,5.74435679,0.09604372,-0.06602231
1591242534.06519818,5.74083122,0.09958500,-0.07730761
1591242534.07681084,5.73742783,0.10286272,-0.08696103
1591242534.08922338,5.73417454,0.10593625,-0.09490402
1591242534.10081816,5.73117781,0.10875147,-0.10101093
1591242534.11316872,5.72850047,0.11088949,-0.10485938
1591242534.12474012,5.72589993,0.11260690,-0.10676528
1591242534.13708663,5.72321387,0.11407297,-0.10708817
1591242534.14892721,5.72018747,0.11580085,-0.10575299
1591242534.16128182,5.71710871,0.11780972,-0.10334618
1591242534.17285967,5.71443661,0.12019384,-0.10056762
1591242534.18524528,5.71220259,0.12264080,-0.09786236
1591242534.19682741,5.71052184,0.12490623,-0.09565975
1591242534.20919776,5.70947464,0.12661317,-0.09405405
1591242534.22077608,5.70898420,0.12741951,-0.09309412
1591242534.23312616,5.70897722,0.12707917,-0.09282185
1591242534.24470830,5.70941530,0.12569338,-0.09349903
1591242534.25732803,5.71006456,0.12366356,-0.09485341
1591242534.26876831,5.71078364,0.12120963,-0.09613274
1591242534.28114390,5.71162139,0.11856371,-0.09729862
1591242534.29271865,5.71269128,0.11590906,-0.09856572
1591242534.30532193,5.71386414,0.11329630,-0.09982062
1591242534.31688499,5.71501257,0.11071322,-0.10101966
1591242534.32921052,5.71628142,0.10818074,-0.10189756
1591242534.34093189,5.71775972,0.10586469,-0.10245955
1591242534.35325027,5.71933924,0.10373190,-0.10269692
1591242534.36480236,5.72095192,0.10178237,-0.10270914
1591242534.37712598,5.72277230,0.09997420,-0.10274404
1591242534.38878536,5.72465726,0.09846100,-0.10292730
1591242534.40111804,5.72637466,0.09738065,-0.10338458
1591242534.41283202,5.72784597,0.09686752,-0.10407922
1591242534.42522168,5.72906247,0.09691813,-0.10470928
1591242534.43679762,5.73005556,0.09766339,-0.10505835
1591242534.44917965,5.73089681,0.09906838,-0.10498854
1591242534.46075153,5.73175028,0.10127448,-0.10465169
1591242534.47310448,5.73283238,0.10421186,-0.10402860
1591242534.48471832,5.73413614,0.10781771,-0.10302679
1591242534.49708438,5.73554113,0.11190004,-0.10195690
1591242534.50893354,5.73704037,0.11625987,-0.10119768
1591242534.52128887,5.73858673,0.12064763,-0.10095683
1591242534.53284907,5.73995856,0.12493765,-0.10120990
1591242534.54520059,5.74134260,0.12860982,-0.10178760
1591242534.55676436,5.74254165,0.13174792,-0.10230596
1591242534.56920385,5.74362200,0.13398718,-0.10266201
1591242534.58069396,5.74462382,0.13566793,-0.10284702
1591242534.59329939,5.74562564,0.13709038,-0.10325193
1591242534.60489297,5.74682468,0.13800318,-0.10389072
1591242534.61724901,5.74825062,0.13839414,-0.10469532
1591242534.62889981,5.74988774,0.13824753,-0.10570238
1591242534.64126587,5.75176920,0.13762445,-0.10682462
1591242534.65284038,5.75385836,0.13672560,-0.10818598
1591242534.66521621,5.75593181,0.13566444,-0.10971140
1591242534.67678595,5.75789007,0.13451776,-0.11111639
1591242534.68920946,5.75978026,0.13356132,-0.11242713
1591242534.70077848,5.76152559,0.13278639,-0.11356508
1591242534.71312737,5.76318191,0.13223313,-0.11461926
1591242534.72470307,5.76468464,0.13203416,-0.11566471
1591242534.73732305,5.76591859,0.13194689,-0.11653040
1591242534.74871683,5.76697451,0.13176538,-0.11724773
1591242534.76133442,5.76802171,0.13154547,-0.11801742
1591242534.77291465,5.76899909,0.13128541,-0.11874697
1591242534.78526473,5.76986128,0.13086653,-0.11915014
1591242534.79689217,5.77068159,0.13036039,-0.11909080
1591242534.80925846,5.77149840,0.12957324,-0.11869112
1591242534.82083249,5.77225064,0.12884893,-0.11818497
1591242534.83326650,5.77279344,0.12815429,-0.11760378
1591242534.84483337,5.77320359,0.12744918,-0.11704876
1591242534.85720706,5.77358233,0.12700412,-0.11665781
1591242534.86894131,5.77383016,0.12689067,-0.11631223
1591242534.88132977,5.77403611,0.12734446,-0.11607138
1591242534.89295101,5.77404833,0.12872501,-0.11598062
1591242534.90511060,5.77374813,0.13093809,-0.11564726
1591242534.91695213,5.77318963,0.13428389,-0.11513064
1591242534.92931485,5.77241645,0.13763666,-0.11422831
1591242534.94088292,5.77132387,0.14145894,-0.11307116
1591242534.95322776,5.77037441,0.14521488,-0.11243062
1591242534.96481013,5.76953840,0.14834426,-0.11215835
1591242534.97719407,5.76850342,0.15049101,-0.11181626
1591242534.98892593,5.76732881,0.15148236,-0.11160508
1591242535.00119805,5.76614024,0.15159057,-0.11173947
1591242535.01286411,5.76509130,0.15095702,-0.11196113
1591242535.02524090,5.76427623,0.14974227,-0.11207806
1591242535.03685379,5.76371074,0.14834601,-0.11195764
1591242535.04922700,5.76336168,0.14711206,-0.11167140
1591242535.06081653,5.76335470,0.14598457,-0.11126125
1591242535.07318640,5.76373343,0.14515903,-0.11098898
1591242535.08478737,5.76437397,0.14448534,-0.11095931
1591242535.09714460,5.76522569,0.14392160,-0.11128743
1591242535.10881162,5.76609486,0.14335436,-0.11177438
1591242535.12117887,5.76672144,0.14277666,-0.11229448
1591242535.13276339,5.76708272,0.14209249,-0.11287568
1591242535.14511371,5.76742481,0.14139436,-0.11351447
1591242535.15695214,5.76764995,0.14077128,-0.11413755
1591242535.16930795,5.76756269,0.14036287,-0.11460879
1591242535.18087864,5.76729041,0.14004522,-0.11491946
1591242535.19323087,5.76703036,0.13978342,-0.11493866
1591242535.20480061,5.76680870,0.13961761,-0.11476936
1591242535.21716547,5.76657134,0.13941166,-0.11460705
1591242535.22882295,5.76630779,0.13901897,-0.11438888
1591242535.24117947,5.76607218,0.13840112,-0.11437317
1591242535.25275421,5.76581561,0.13766634,-0.11457039
1591242535.26511335,5.76545433,0.13678145,-0.11501720
1591242535.27694392,5.76504418,0.13583199,-0.11557570
1591242535.28930187,5.76481728,0.13487381,-0.11621275
1591242535.30093598,5.76468813,0.13401511,-0.11658276
1591242535.31332302,5.76451709,0.13345311,-0.11664384
1591242535.32490230,5.76437222,0.13299932,-0.11622846
1591242535.33724380,5.76434604,0.13281257,-0.11532263
1591242535.34891057,5.76442458,0.13307786,-0.11386354
1591242535.36127353,5.76455025,0.13376727,-0.11204490
1591242535.37285066,5.76490979,0.13477083,-0.11004126
1591242535.38521504,5.76586623,0.13575171,-0.10824008
1591242535.39677286,5.76743877,0.13649347,-0.10705850
1591242535.40920448,5.76930452,0.13678843,-0.10657853
1591242535.42080951,5.77119123,0.13654234,-0.10662391
1591242535.43317676,5.77292085,0.13595940,-0.10717194
1591242535.44473886,5.77434853,0.13508674,-0.10800621
1591242535.45709038,5.77547775,0.13403431,-0.10874099
1591242535.46893048,5.77635216,0.13302201,-0.10922096
1591242535.48128486,5.77695430,0.13226454,-0.10948450
1591242535.49285769,5.77754946,0.13173222,-0.10956130
1591242535.50526023,5.77836278,0.13128541,-0.10951068
1591242535.51683164,5.77938206,0.13091366,-0.10933266
1591242535.52920079,5.78074167,0.13058553,-0.10914067
1591242535.54077172,5.78229850,0.13023996,-0.10900454
1591242535.55312467,5.78375585,0.12977919,-0.10887364
1591242535.56471825,5.78506834,0.12923465,-0.10872529
1591242535.57709885,5.78641224,0.12848939,-0.10868514
1591242535.58874750,5.78781898,0.12740205,-0.10863627
1591242535.60120320,5.78906689,0.12590282,-0.10854203
1591242535.61284328,5.79016295,0.12407895,-0.10826801
1591242535.62520552,5.79138643,0.12211371,-0.10794338
1591242535.63677430,5.79270415,0.12031427,-0.10760478
1591242535.64918303,5.79414929,0.11870333,-0.10724699
1591242535.66082406,5.79568692,0.11740132,-0.10692934
1591242535.67332792,5.79709889,0.11648153,-0.10682288
1591242535.68475461,5.79831190,0.11595618,-0.10700090
1591242535.69736910,5.79945334,0.11571358,-0.10728190
1591242535.70883965,5.80057035,0.11558967,-0.10753846
1591242535.72126412,5.80154250,0.11553032,-0.10757860
1591242535.73281074,5.80235757,0.11562981,-0.10731331
1591242535.74513721,5.80316740,0.11559665,-0.10667103
1591242535.75674915,5.80398073,0.11531390,-0.10579837
1591242535.76919746,5.80466490,0.11486012,-0.10495014
1591242535.78084183,5.80527402,0.11421435,-0.10439687
1591242535.79319310,5.80583776,0.11360872,-0.10419267
1591242535.80476093,5.80629852,0.11313748,-0.10432357
1591242535.81712794,5.80673486,0.11281983,-0.10453126
1591242535.82892513,5.80724275,0.11253359,-0.10472848
1591242535.84123540,5.80778554,0.11216708,-0.10479480
1591242535.85284233,5.80838245,0.11177438,-0.10485240
1591242535.86517334,5.80899855,0.11123856,-0.10470928
1591242535.87695813,5.80963908,0.11061897,-0.10436022
1591242535.88932586,5.81034594,0.10999763,-0.10398672
1591242535.90077519,5.81107898,0.10940945,-0.10365859
1591242535.91320705,5.81172301,0.10889982,-0.10347359
1591242535.92475796,5.81224486,0.10851061,-0.10350326
1591242535.93731022,5.81275275,0.10826103,-0.10382440
1591242535.94892693,5.81315243,0.10815631,-0.10443003
1591242535.96125507,5.81335140,0.10807951,-0.10516656
1591242535.97280002,5.81331649,0.10810395,-0.10588214
1591242535.98518991,5.81313672,0.10830990,-0.10648777
1591242535.99672675,5.81280511,0.10863976,-0.10680019
1591242536.00934911,5.81241939,0.10904992,-0.10698694
1591242536.02088618,5.81202669,0.10944785,-0.10697821
1591242536.03318882,5.81165145,0.10972710,-0.10676354
1591242536.04472351,5.81129017,0.10990338,-0.10646508
1591242536.05728579,5.81097426,0.11003254,-0.10610031
1591242536.06890440,5.81069501,0.11013900,-0.10581059
1591242536.08121800,5.81045764,0.11023849,-0.10563954
1591242536.09281707,5.81029707,0.11022452,-0.10561685
1591242536.10512948,5.81019759,0.11022452,-0.10577219
1591242536.11675739,5.81011381,0.11014249,-0.10604621
1591242536.12934518,5.81013825,0.11005348,-0.10634815
1591242536.14086962,5.81029009,0.10998890,-0.10673037
1591242536.15323734,5.81037038,0.10996272,-0.10705850
1591242536.16481328,5.81041052,0.11002381,-0.10728713
1591242536.17715120,5.81038434,0.11017565,-0.10744072
1591242536.18880248,5.81033198,0.11037986,-0.10766936
1591242536.20112133,5.81053618,0.11056137,-0.10786658
1591242536.21296620,5.81096204,0.11062944,-0.10788055
1591242536.22509861,5.81151008,0.11055439,-0.10767111
1591242536.23689270,5.81224835,0.11019834,-0.10739185
1591242536.24919939,5.81302677,0.10962762,-0.10716671
1591242536.26072836,5.81389594,0.10886317,-0.10721732
1591242536.27331376,5.81487682,0.10800446,-0.10779852
1591242536.28482938,5.81586991,0.10705501,-0.10874623
1591242536.29712701,5.81692583,0.10604446,-0.10996796
1591242536.30893064,5.81791893,0.10503741,-0.11117224
1591242536.32129073,5.81868163,0.10408446,-0.11218976
1591242536.33283305,5.81922269,0.10320306,-0.11289662
1591242536.34514809,5.81959968,0.10241243,-0.11326314
1591242536.35695291,5.81983006,0.10175793,-0.11343942
1591242536.36926031,5.82003950,0.10120990,-0.11363839
1591242536.38080978,5.82030828,0.10070026,-0.11391764
1591242536.39312220,5.82053343,0.10012256,-0.11423180
1591242536.40490675,5.82071669,0.09943315,-0.11454945
1591242536.41725254,5.82099071,0.09871931,-0.11477983
1591242536.42891741,5.82129963,0.09790774,-0.11483045
1591242536.44127536,5.82143751,0.09716597,-0.11460530
1591242536.45280528,5.82143227,0.09645562,-0.11402934
1591242536.46517515,5.82154397,0.09572084,-0.11327536
1591242536.47672105,5.82180054,0.09495987,-0.11248472
1591242536.48929930,5.82208328,0.09428443,-0.11181626
1591242536.50082135,5.82242188,0.09365960,-0.11138866
1591242536.51312351,5.82285995,0.09311506,-0.11135724
1591242536.52496219,5.82332596,0.09261590,-0.11160682
1591242536.53729963,5.82373262,0.09223018,-0.11204141
1591242536.54894114,5.82408692,0.09184272,-0.11239571
1591242536.56125379,5.82428240,0.09156521,-0.11254058
1591242536.57278156,5.82434523,0.09133657,-0.11242015
1591242536.58511662,5.82426145,0.09109571,-0.11221245
1591242536.59689999,5.82405899,0.09081821,-0.11198556
1591242536.60921526,5.82383036,0.09052499,-0.11181452
1591242536.62074137,5.82361917,0.09009913,-0.11165918
1591242536.63332295,5.82362790,0.08959299,-0.11167489
1591242536.64483857,5.82380941,0.08904670,-0.11192796
1591242536.65713310,5.82398569,0.08858593,-0.11235906
1591242536.66893005,5.82419862,0.08821767,-0.11299785
1591242536.68126225,5.82454071,0.08792096,-0.11372740
1591242536.69277406,5.82489850,0.08767312,-0.11437841
1591242536.70533013,5.82523186,0.08747765,-0.11490375
1591242536.71684694,5.82549540,0.08734675,-0.11513937
1591242536.72921348,5.82559488,0.08719839,-0.11520918
1591242536.74074841,5.82563328,0.08707622,-0.11522838
1591242536.75331378,5.82582701,0.08678475,-0.11525631
1591242536.76490331,5.82609230,0.08647234,-0.11547971
1591242536.77726126,5.82648500,0.08620007,-0.11576245
1591242536.78887987,5.82700860,0.08590860,-0.11617610
1591242536.80119038,5.82752173,0.08558397,-0.11652167
1591242536.81296825,5.82799122,0.08535533,-0.11676951
1591242536.82528257,5.82829665,0.08525759,-0.11668922
1591242536.83681488,5.82850609,0.08535707,-0.11640823
1591242536.84918809,5.82881502,0.08556302,-0.11603996
1591242536.86073709,5.82923040,0.08586671,-0.11580434
1591242536.87331176,5.82960740,0.08623148,-0.11571707
1591242536.88487816,5.82997741,0.08649503,-0.11584099
1591242536.89721274,5.83032647,0.08670621,-0.11615341
1591242536.90882516,5.83064238,0.08697150,-0.11647629
1591242536.92113042,5.83111361,0.08739213,-0.11672064
1591242536.93273091,5.83168608,0.08792096,-0.11676078
1591242536.94530654,5.83228648,0.08858593,-0.11671191
1591242536.95684767,5.83289734,0.08928057,-0.11668050
1591242536.96917105,5.83319056,0.09004328,-0.11678871
1591242536.98096037,5.83323943,0.09074839,-0.11693008
1591242536.99334121,5.83322372,0.09124930,-0.11715697
1591242537.00487757,5.83321499,0.09162455,-0.11763868
1591242537.01717830,5.83328655,0.09196838,-0.11826700
1591242537.02883410,5.83349773,0.09221098,-0.11873300
1591242537.04116702,5.83391661,0.09251292,-0.11914490
1591242537.05298352,5.83444719,0.09299812,-0.11959520
1591242537.06529951,5.83492367,0.09347809,-0.11994950
1591242537.07683301,5.83535826,0.09376083,-0.12002106
1591242537.08913040,5.83572827,0.09394235,-0.11994252
1591242537.10091376,5.83609129,0.09386206,-0.11980289
1591242537.11322808,5.83659220,0.09357408,-0.11966675
1591242537.12474275,5.83721703,0.09330530,-0.11964407
1591242537.13737345,5.83783488,0.09291609,-0.11972261
1591242537.14899850,5.83847018,0.09257401,-0.11991983
1591242537.16131139,5.83922416,0.09220924,-0.12016243
1591242537.17281246,5.84004272,0.09182875,-0.12042772
1591242537.18524790,5.84079321,0.09146747,-0.12075933
1591242537.19732547,5.84149658,0.09106779,-0.12118694
1591242537.20934153,5.84216679,0.09076236,-0.12169308
1591242537.22076035,5.84278812,0.09055117,-0.12233885
1591242537.23318934,5.84341819,0.09049009,-0.12303699
1591242537.24478102,5.84396622,0.09065589,-0.12378922
1591242537.25713730,5.84429609,0.09107128,-0.12440707
1591242537.26893163,5.84446887,0.09158964,-0.12474741
1591242537.28134298,5.84451076,0.09198758,-0.12488180
1591242537.29290843,5.84446713,0.09232094,-0.12497256
1591242537.30522466,5.84439033,0.09263859,-0.12516629
1591242537.31682897,5.84426293,0.09298940,-0.12543507
1591242537.32915592,5.84403080,0.09343969,-0.12571258
1591242537.34074569,5.84374107,0.09402089,-0.12588362
1591242537.35334730,5.84360668,0.09467539,-0.12603721
1591242537.36500311,5.84364159,0.09541366,-0.12618207
1591242537.37720919,5.84391735,0.09612575,-0.12630250
1591242537.38890219,5.84436765,0.09685879,-0.12644561
1591242537.40125155,5.84485459,0.09754994,-0.12644561
1591242537.41283274,5.84534328,0.09827600,-0.12620127
1591242537.42519188,5.84565046,0.09905965,-0.12555899
1591242537.43683481,5.84578311,0.09999340,-0.12438438
1591242537.44920492,5.84585990,0.10118546,-0.12279438
1591242537.46077919,5.84596113,0.10267947,-0.12097226
1591242537.47313023,5.84612694,0.10447366,-0.11901051
1591242537.48496437,5.84642713,0.10640574,-0.11691437
1591242537.49731183,5.84691059,0.10818772,-0.11469431
1591242537.50896573,5.84765235,0.10958573,-0.11232939
1591242537.52133369,5.84880078,0.11042698,-0.11010759
1591242537.53294969,5.85053215,0.11048981,-0.10820343
1591242537.54513288,5.85292674,0.10972361,-0.10696250
1591242537.55696368,5.85578210,0.10824707,-0.10661518
1591242537.56932116,5.85891671,0.10623296,-0.10701312
1591242537.58090711,5.86204958,0.10379473,-0.10790149
1591242537.59324574,5.86482639,0.10108249,-0.10891727
1591242537.60481405,5.86711452,0.09826204,-0.10983357
1591242537.61718440,5.86905882,0.09558994,-0.11048283
1591242537.62884784,5.87060867,0.09337337,-0.11047760
1591242537.64130640,5.87178502,0.09162106,-0.10956653
1591242537.65296793,5.87293345,0.09020734,-0.10767111
1591242537.66524291,5.87433495,0.08909033,-0.10504962
1591242537.67684126,5.87616580,0.08791049,-0.10210874
1591242537.68919277,5.87845567,0.08668178,-0.09912772
1591242537.70075202,5.88117664,0.08524712,-0.09659350
1591242537.71334910,5.88413672,0.08371995,-0.09451656
1591242537.72491670,5.88729576,0.08220326,-0.09304350
1591242537.73729300,5.89077595,0.08077907,-0.09225636
1591242537.74896741,5.89467327,0.07933394,-0.09194394
1591242537.76129818,5.89919193,0.07769682,-0.09216037
1591242537.77283025,5.90421673,0.07589215,-0.09294227
1591242537.78513193,5.90948064,0.07365464,-0.09410466
1591242537.79690719,5.91484404,0.07121816,-0.09585697
1591242537.80920100,5.92052683,0.06887593,-0.09843133
1591242537.82098246,5.92655171,0.06655115,-0.10173175
1591242537.83325887,5.93280871,0.06446374,-0.10558195
1591242537.84498501,5.93925247,0.06241821,-0.10983008
1591242537.85732341,5.94590217,0.06021910,-0.11440110
1591242537.86897230,5.95254490,0.05799904,-0.11934736
1591242537.88128519,5.95893106,0.05587497,-0.12427791
1591242537.89282155,5.96505193,0.05355892,-0.12862902
1591242537.90517163,5.97119374,0.05114513,-0.13249492
1591242537.91697931,5.97735126,0.04877497,-0.13648126
1591242537.92929721,5.98336916,0.04665440,-0.14043792
1591242537.94086671,5.98893850,0.04492652,-0.14398443
1591242537.95318365,5.99393364,0.04364719,-0.14709286
1591242537.96511388,5.99817653,0.04253891,-0.14974401
1591242537.97725296,6.00149789,0.04209734,-0.15186982
1591242537.98892713,6.00373366,0.04192455,-0.15295542
1591242538.00125957,6.00506884,0.04263665,-0.15292226
1591242538.01277208,6.00546677,0.04465076,-0.15151378
1591242538.02532911,6.00470232,0.04751484,-0.14776307
1591242538.03690434,6.00305124,0.05167571,-0.14194937
1591242538.04933238,6.00084514,0.05714906,-0.13426818
1591242538.06090260,5.99823762,0.06385287,-0.12478057
1591242538.07320213,5.99543636,0.07158468,-0.11404854
1591242538.08498406,5.99264384,0.08020661,-0.10288367
1591242538.09729576,5.98997174,0.08917411,-0.09192998
1591242538.10892129,5.98735549,0.09820270,-0.08188212
1591242538.12123156,5.98469561,0.10714053,-0.07286750
1591242538.13283086,5.98195370,0.11523536,-0.06487738
1591242538.14521456,5.97892206,0.12279089,-0.05783323
1591242538.15694785,5.97553088,0.13001830,-0.05147674
1591242538.16920781,5.97179413,0.13722826,-0.04546932
1591242538.18090248,5.96788809,0.14421830,-0.03931005
1591242538.19322157,5.96407803,0.15025889,-0.03325899
1591242538.20501399,5.96076540,0.15490321,-0.02781008
1591242538.21730900,5.95823293,0.15778824,-0.02329142
1591242538.22895145,5.95636193,0.15842877,-0.02032785
1591242538.24119759,5.95466373,0.15619126,-0.01962797
1591242538.25281429,5.95221329,0.15128863,-0.02116386
1591242538.26539731,5.94821648,0.14459355,-0.02418328
1591242538.27692127,5.94256511,0.13697169,-0.02782229
1591242538.28936267,5.93556110,0.12918404,-0.03136531
1591242538.30095267,5.92809982,0.12239296,-0.03540226
1591242538.31332755,5.92028074,0.11784114,-0.03906745
1591242538.32487965,5.91265191,0.11590208,-0.04245339
1591242538.33718491,5.90532676,0.11634888,-0.04494223
1591242538.34877896,5.89844144,0.11942939,-0.04665789
1591242538.36136603,5.89165909,0.12418716,-0.04741711
1591242538.37297177,5.88480867,0.12933937,-0.04770159
1591242538.38529491,5.87782212,0.13422629,-0.04723210
1591242538.39681935,5.87079542,0.13807300,-0.04657411
1591242538.40940475,5.86403751,0.14047981,-0.04665091
1591242538.42094493,5.85740875,0.14190225,-0.04787613
1591242538.43325090,5.85053389,0.14261609,-0.05041907
1591242538.44483042,5.84331172,0.14281680,-0.05382421
1591242538.45714331,5.83560086,0.14261260,-0.05801649
1591242538.46895099,5.82748508,0.14193541,-0.06218434
1591242538.48126006,5.81942165,0.14093185,-0.06643945
1591242538.49292588,5.81183296,0.13957223,-0.07087084
1591242538.50519276,5.80474344,0.13814456,-0.07536855
1591242538.51700521,5.79814260,0.13676749,-0.08010014
1591242538.52932334,5.79146323,0.13549864,-0.08462229
1591242538.54091978,5.78456743,0.13414252,-0.08891929
1591242538.55328417,5.77775715,0.13243733,-0.09302256
1591242538.56478357,5.77110745,0.13071992,-0.09704031
1591242538.57720780,5.76456421,0.12906012,-0.10071422
1591242538.58888364,5.75810998,0.12745616,-0.10380171
1591242538.60125422,5.75158594,0.12610353,-0.10651046
1591242538.61292696,5.74510903,0.12466189,-0.10887015
1591242538.62529135,5.73910335,0.12275424,-0.11172900
1591242538.63686037,5.73334900,0.11964930,-0.11501894
1591242538.64933968,5.72745502,0.11494913,-0.11946255
1591242538.66088629,5.72101999,0.10864500,-0.12475613
1591242538.67318892,5.71383098,0.10072121,-0.12996420
1591242538.68498516,5.70606950,0.09244136,-0.13493315
1591242538.69729376,5.69801655,0.08496263,-0.13909227
1591242538.70889807,5.69014512,0.07916290,-0.14227924
1591242538.72125554,5.68256515,0.07582059,-0.14445567
1591242538.73279619,5.67545817,0.07520100,-0.14545399
1591242538.74519587,5.66908074,0.07687652,-0.14613467
1591242538.75699782,5.66365276,0.07985754,-0.14724296
1591242538.76931906,5.65875712,0.08379675,-0.14870205
1591242538.78083658,5.65364505,0.08822290,-0.14964977
1591242538.79331899,5.64823627,0.09254085,-0.15015068
1591242538.80503678,5.64304217,0.09642944,-0.15059050
1591242538.81736803,5.63839959,0.09990788,-0.15138288
1591242538.82896209,5.63447435,0.10276324,-0.15263253
1591242538.84120965,5.63133101,0.10506184,-0.15454541
1591242538.85287094,5.62895387,0.10685080,-0.15732049
1591242538.86521363,5.62718411,0.10808126,-0.16060869
1591242538.87699914,5.62596412,0.10872180,-0.16415694
1591242538.88918996,5.62512462,0.10908657,-0.16780468
1591242538.90101171,5.62453994,0.10927157,-0.17093580
1591242538.91331577,5.62416469,0.10946007,-0.17350318
1591242538.92491078,5.62411233,0.10951592,-0.17546493
1591242538.93723845,5.62462371,0.10954908,-0.17750522
1591242538.94891047,5.62550685,0.10945658,-0.17970434
1591242538.96124387,5.62658197,0.10924539,-0.18251432
1591242538.97282720,5.62787351,0.10851759,-0.18612017
1591242538.98517370,5.62905859,0.10698868,-0.18954276
1591242538.99696946,5.62939370,0.10515434,-0.19227769
1591242539.00928855,5.62811262,0.10369699,-0.19334234
1591242539.02081966,5.62524330,0.10289240,-0.19256043
1591242539.03315330,5.62155891,0.10249621,-0.19037004
1591242539.04494333,5.61770348,0.10284702,-0.18735411
1591242539.05737066,5.61418839,0.10358355,-0.18421776
1591242539.06898594,5.61120562,0.10468136,-0.18167830
1591242539.08127713,5.60860333,0.10608984,-0.17975844
1591242539.09280276,5.60621223,0.10771823,-0.17834647
1591242539.10517788,5.60390316,0.10912846,-0.17747730
1591242539.11695051,5.60173546,0.11005174,-0.17706714
1591242539.12925410,5.59996046,0.11055265,-0.17698337
1591242539.14077997,5.59854675,0.11088949,-0.17678265
1591242539.15338588,5.59732327,0.11143404,-0.17619797
1591242539.16502357,5.59625164,0.11244807,-0.17494831
1591242539.17725897,5.59544006,0.11399793,-0.17302147
1591242539.18896103,5.59502991,0.11630874,-0.17052390
1591242539.20133615,5.59524633,0.11914490,-0.16751496
1591242539.21289659,5.59581007,0.12216083,-0.16408887
1591242539.22524667,5.59634414,0.12555724,-0.16005193
1591242539.23682237,5.59701784,0.12945631,-0.15568162
1591242539.24919224,5.59808423,0.13382312,-0.15106174
1591242539.26091743,5.59972484,0.13862627,-0.14633888
1591242539.27329707,5.60194490,0.14316936,-0.14217976
1591242539.28487062,5.60478630,0.14642614,-0.13941516
1591242539.29724598,5.60804832,0.14731102,-0.13906958
1591242539.30889583,5.61077452,0.14631619,-0.14118666
1591242539.32125449,5.61211145,0.14381688,-0.14407868
1591242539.33283472,5.61174667,0.14154271,-0.14638775
1591242539.34517074,5.61033819,0.14090916,-0.14722201
1591242539.35678148,5.60872376,0.14278364,-0.14616260
1591242539.36920571,5.60764689,0.14715918,-0.14339974
1591242539.38080573,5.60766260,0.15329925,-0.13975549
1591242539.39341187,5.60868362,0.16047255,-0.13580756
1591242539.40496516,5.61034517,0.16775930,-0.13195387
1591242539.41731477,5.61212541,0.17446660,-0.12830439
1591242539.42896605,5.61372588,0.18002548,-0.12527450
1591242539.44132495,5.61498775,0.18418285,-0.12279613
1591242539.45289087,5.61580631,0.18702250,-0.12032823
1591242539.46533585,5.61651317,0.18908897,-0.11776958
1591242539.47691417,5.61742772,0.19122351,-0.11479729
1591242539.48933768,5.61890776,0.19374202,-0.11131710
1591242539.50105643,5.62119414,0.19663577,-0.10763271
1591242539.51333213,5.62417691,0.19977213,-0.10420488
1591242539.52491307,5.62736388,0.20306208,-0.10092715
1591242539.53732371,5.63031348,0.20624207,-0.09737366
1591242539.54901314,5.63297337,0.20912884,-0.09322153
1591242539.56119108,5.63547791,0.21165259,-0.08864004
1591242539.57287955,5.63816921,0.21346598,-0.08432384
1591242539.58527064,5.64132651,0.21465281,-0.08037416
1591242539.59683537,5.64490269,0.21522179,-0.07686430
1591242539.60925889,5.64880001,0.21532127,-0.07355516
1591242539.62083960,5.65334310,0.21526367,-0.07053574
1591242539.63325667,5.65892118,0.21526716,-0.06827903
1591242539.64488506,5.66499318,0.21536141,-0.06687404
1591242539.65723300,5.67052413,0.21576284,-0.06549348
1591242539.66905761,5.67508467,0.21663201,-0.06336243
1591242539.68118191,5.67887727,0.21805096,-0.06036396
1591242539.69299817,5.68235222,0.21971077,-0.05664292
1591242539.70534825,5.68589349,0.22089934,-0.05284159
1591242539.71692967,5.68962850,0.22126586,-0.04957957
1591242539.72925210,5.69366545,0.22067594,-0.04731239
1591242539.74079776,5.69774428,0.21926920,-0.04617967
1591242539.75340176,5.70165905,0.21724462,-0.04587772
1591242539.76491904,5.70532774,0.21473309,-0.04603306
1591242539.77723837,5.70867353,0.21206099,-0.04618665
1591242539.78891015,5.71164408,0.20974494,-0.04565607
1591242539.80124211,5.71457449,0.20810433,-0.04424235
1591242539.81282115,5.71768816,0.20722992,-0.04190885
1591242539.82531762,5.72105141,0.20720723,-0.03867301
1591242539.83702588,5.72491208,0.20762786,-0.03506366
1591242539.84937167,5.72931205,0.20832250,-0.03161489
1591242539.86091042,5.73408378,0.20898747,-0.02864609
1591242539.87333179,5.73894976,0.20935748,-0.02621485
1591242539.88489079,5.74375116,0.20928592,-0.02442588
1591242539.89720559,5.74827331,0.20847260,-0.02392846
1591242539.90882635,5.75197166,0.20684770,-0.02493203
1591242539.92119026,5.75424408,0.20435711,-0.02768790
1591242539.93301129,5.75507136,0.20062036,-0.03205646
1591242539.94530821,5.75479909,0.19612614,-0.03665017
1591242539.95685172,5.75378506,0.19186404,-0.04071504
1591242539.96941924,5.75285480,0.18796149,-0.04333303
1591242539.98101521,5.75266456,0.18474136,-0.04452160
1591242539.99331975,5.75360878,0.18254573,-0.04586725
1591242540.00485802,5.75550944,0.18124197,-0.04727224
1591242540.01740789,5.75807159,0.18005166,-0.04907691
1591242540.02900743,5.76092345,0.17922961,-0.05135282
1591242540.04130840,5.76400047,0.17857860,-0.05405983
1591242540.05283523,5.76728518,0.17774957,-0.05710368
1591242540.06525016,5.77083867,0.17671982,-0.06079156
1591242540.07686782,5.77437994,0.17573371,-0.06446025
1591242540.08919501,5.77773796,0.17480520,-0.06743778
1591242540.10099530,5.78118847,0.17405994,-0.06936113
1591242540.11330700,5.78502296,0.17361663,-0.07027917
1591242540.12482071,5.78920826,0.17312619,-0.07060729
1591242540.13737583,5.79354191,0.17211739,-0.07092494
1591242540.14898038,5.79770278,0.17020625,-0.07159690
1591242540.16127253,5.80146047,0.16712924,-0.07285702
1591242540.17305899,5.80486037,0.16285493,-0.07490604
1591242540.18542099,5.80782918,0.15826646,-0.07698996
1591242540.19695973,5.81031453,0.15382110,-0.07890983
1591242540.20934987,5.81278242,0.14928848,-0.08094139
1591242540.22090220,5.81589260,0.14409089,-0.08461007
1591242540.23321462,5.81936755,0.13834352,-0.09055117
1591242540.24501967,5.82262957,0.13292602,-0.09858667
1591242540.25731444,5.82518299,0.12852081,-0.10738662
1591242540.26893854,5.82662812,0.12544729,-0.11463846
1591242540.28139734,5.82703653,0.12408244,-0.11885343
1591242540.29295945,5.82700511,0.12436344,-0.11969992
1591242540.30526328,5.82747809,0.12578762,-0.11773642
1591242540.31682038,5.82934560,0.12739507,-0.11529994
1591242540.32921290,5.83267743,0.12808448,-0.11456167
1591242540.34079504,5.83624663,0.12754343,-0.11578165
1591242540.35336637,5.83895014,0.12603546,-0.11846946
1591242540.36483788,5.84046683,0.12418890,-0.12164072
1591242540.37720942,5.84132030,0.12297066,-0.12478755
1591242540.38891339,5.84193640,0.12250117,-0.12723450
1591242540.40123868,5.84284223,0.12224635,-0.12930970
1591242540.41282892,5.84405174,0.12151157,-0.13134824
1591242540.42540026,5.84509894,0.11993379,-0.13360495
1591242540.43693304,5.84563650,0.11749382,-0.13622295
1591242540.44924450,5.84555621,0.11471526,-0.13868386
1591242540.46103239,5.84485459,0.11198207,-0.14098072
1591242540.47332382,5.84358923,0.10973060,-0.14310827
1591242540.48494720,5.84218075,0.10762747,-0.14528819
1591242540.49736023,5.84087699,0.10544232,-0.14756759
1591242540.50896358,5.83981234,0.10314896,-0.14976496
1591242540.52130008,5.83896062,0.10066012,-0.15201992
1591242540.53283095,5.83788898,0.09820095,-0.15386997
1591242540.54540610,5.83618554,0.09601405,-0.15500269
1591242540.55694532,5.83374034,0.09460208,-0.15530812
1591242540.56926274,5.83088847,0.09376432,-0.15541284
1591242540.58086658,5.82831062,0.09320756,-0.15629773
1591242540.59326243,5.82645010,0.09272062,-0.15867835
1591242540.60482335,5.82517426,0.09219702,-0.16265770
1591242540.61739755,5.82390366,0.09193522,-0.16689536
1591242540.62882185,5.82244980,0.09205390,-0.17024640
1591242540.64138985,5.82096453,0.09264208,-0.17238442
1591242540.65296364,5.81950194,0.09399820,-0.17306685
1591242540.66528249,5.81827672,0.09582730,-0.17269335
1591242540.67682385,5.81751052,0.09749060,-0.17234952
1591242540.68923688,5.81696249,0.09842784,-0.17251358
1591242540.70084071,5.81636209,0.09836152,-0.17373182
1591242540.71346378,5.81540914,0.09731781,-0.17586112
1591242540.72505403,5.81391689,0.09549045,-0.17871299
1591242540.73723793,5.81170904,0.09315520,-0.18185807
1591242540.74890780,5.80906313,0.09029984,-0.18523005
1591242540.76125622,5.80623395,0.08737816,-0.18858981
1591242540.77285051,5.80321453,0.08472526,-0.19176107
1591242540.78523517,5.79994727,0.08266054,-0.19449600
1591242540.79683685,5.79642869,0.08124682,-0.19623086
1591242540.80930114,5.79290836,0.08054869,-0.19698659
1591242540.82101750,5.78939326,0.08041605,-0.19709829
1591242540.83365345,5.78576473,0.08057312,-0.19703546
