1591008882.96258092,0.18095189,-0.12117068,1.05612302
1591008882.97416186,0.19177422,-0.10375555,1.08088732
1591008882.98658180,0.17685828,-0.09055798,1.09099519
1591008882.99819398,0.17746657,-0.07284108,1.09453297
1591008883.01070595,0.16777787,-0.05727825,1.08417249
1591008883.02230906,0.15609533,-0.05389365,1.07077944
1591008883.03473592,0.28234449,-0.10475212,0.98814762
1591008883.04634738,0.21925774,-0.14916711,1.14406157
1591008883.05870819,0.15769914,-0.10199654,1.06218779
1591008883.07028842,0.11849014,-0.03549144,1.00330949
1591008883.08263230,0.13378263,0.02565556,0.96439409
1591008883.09425402,0.10862787,0.04567314,0.96565759
1591008883.10672283,0.08849847,0.04874065,0.98056674
1591008883.11818886,0.09164046,0.02646659,1.01215386
1591008883.13064861,0.09823030,-0.01490138,1.04778409
1591008883.14222288,0.12842654,-0.07848538,1.09150052
1591008883.15458560,0.16684783,-0.14732598,1.15164244
1591008883.16619658,0.29804870,-0.28192168,1.16250837
1591008883.17855072,0.29884866,-0.29904112,1.15543294
1591008883.19010925,0.21475297,-0.23269595,1.12131882
1591008883.20271063,0.13558662,-0.15154551,1.05839729
1591008883.21436191,0.09607613,-0.09087369,1.00432026
1591008883.22670507,0.06236464,-0.06280293,0.97576547
1591008883.23814130,0.06940471,-0.07582998,1.01089036
1591008883.25069833,0.04070418,-0.05519560,1.05005836
1591008883.26209712,0.03518948,-0.04088036,1.07179034
1591008883.27470946,0.01465650,-0.02625151,1.08771014
1591008883.28620291,-0.03158201,-0.03046439,1.11196911
1591008883.29859638,-0.05648135,-0.01380065,1.10363007
1591008883.31016397,-0.06257288,0.00298244,1.07962382
1591008883.32254601,-0.04250186,-0.00491476,1.05106914
1591008883.33414030,-0.03118999,-0.02891330,1.03388572
1591008883.34651494,-0.02360602,-0.03908048,1.00255132
1591008883.35834670,-0.01533449,-0.01899803,0.97121692
1591008883.37070680,-0.00223436,0.00957815,0.94392568
1591008883.38226080,0.00141784,0.02706338,0.91587639
1591008883.39463782,0.00726925,0.02365848,0.88479465
1591008883.40626287,0.02604877,0.00198110,0.85598725
1591008883.41867638,0.02558427,-0.02870820,0.85068053
1591008883.43014407,0.00831879,-0.04284289,0.85699797
1591008883.44253039,-0.03121499,-0.02279474,0.88909048
1591008883.45436382,-0.07283387,0.00506544,0.93786097
1591008883.46647620,-0.09853315,0.02430237,0.97601819
1591008883.47830987,-0.10193412,0.02354227,0.98562074
1591008883.49068356,-0.08285453,0.00993253,0.97323859
1591008883.50225663,-0.04931133,0.00347021,0.96742648
1591008883.51465440,-0.02911469,0.00499036,0.96616298
1591008883.52617979,-0.02744514,0.01184124,0.97374392
1591008883.53870845,-0.03474323,0.01528373,0.97273314
1591008883.55028224,-0.03979420,0.01477253,0.95529699
1591008883.56264544,-0.04356534,0.01162662,0.93735558
1591008883.57422757,-0.04508965,0.00197744,0.93230164
1591008883.58657479,-0.06150142,-0.00642429,0.93103814
1591008883.59816527,-0.06817755,-0.02229729,0.94266218
1591008883.61052847,-0.05652377,-0.03659228,0.98334634
1591008883.62219143,-0.04199506,-0.04450676,1.03135872
1591008883.63456607,-0.02343632,-0.03947606,1.06370389
1591008883.64613557,0.00533080,-0.02995294,1.05763924
1591008883.65849495,0.04057860,-0.02414490,1.02175629
1591008883.67034292,0.07304402,-0.02603649,0.99850821
1591008883.68269038,0.08781719,-0.01917192,0.98789489
1591008883.69425797,0.10763787,-0.00529970,0.99092734
1591008883.70661116,0.12030631,0.01917606,0.99926627
1591008883.71822286,0.13495231,0.03703951,1.00457299
1591008883.73060560,0.10384203,0.03928565,1.00330949
1591008883.74218678,0.02997071,0.02935014,1.00356209
1591008883.75461483,-0.04169590,0.01951686,1.01089036
1591008883.76620221,-0.07938536,0.01029358,1.04727864
1591008883.77857327,-0.07449208,-0.01500372,1.07659149
1591008883.79014587,-0.10245021,-0.02100602,1.10261929
1591008883.80251336,-0.11875467,-0.01567866,1.09807074
1591008883.81435156,-0.11362469,-0.01685452,1.08846819
1591008883.82648349,-0.10338237,-0.01928471,1.08417249
1591008883.83810425,-0.08304392,-0.02525277,1.06471479
1591008883.85072374,-0.05299786,-0.04350130,1.03514922
1591008883.86229300,-0.02678436,-0.06273487,1.01038492
1591008883.87472701,-0.01387911,-0.07079232,0.99825549
1591008883.88634777,-0.01180855,-0.08350229,1.00507832
1591008883.89869523,-0.00463006,-0.09324640,1.02049279
1591008883.91026783,-0.02617458,-0.08764137,1.02782094
1591008883.92268848,-0.02598481,-0.09535562,1.02251434
1591008883.93439507,-0.03333602,-0.11549796,1.02049279
1591008883.94655108,-0.04782353,-0.11943007,1.01922929
1591008883.95815229,-0.07085213,-0.10784286,1.02226174
1591008883.97052002,-0.09934676,-0.09298259,1.03413844
1591008883.98210788,-0.12072314,-0.08979562,1.06774712
1591008883.99473715,-0.13334092,-0.08597715,1.11373794
1591008884.00631166,-0.14316541,-0.07929678,1.15138972
1591008884.01868701,-0.13753498,-0.07033611,1.16023421
1591008884.03011250,-0.11542860,-0.08073851,1.13774419
1591008884.04248476,-0.07724108,-0.09552319,1.07659149
1591008884.05433249,-0.03919602,-0.10849762,1.00659442
1591008884.06669521,-0.01024079,-0.11123481,0.95074850
1591008884.07826185,0.00459894,-0.11183077,0.91082245
1591008884.09059095,-0.00250068,-0.11669937,0.90374690
1591008884.10214138,-0.02602711,-0.12249495,0.92775309
1591008884.11448812,-0.07075457,-0.12163520,0.98132479
1591008884.12633204,-0.11870752,-0.10830168,1.04930031
1591008884.13868785,-0.15942474,-0.09081709,1.11373794
1591008884.15025353,-0.17210743,-0.09042528,1.16478264
1591008884.16260242,-0.15427691,-0.09342469,1.16655159
1591008884.17418075,-0.10392801,-0.10325947,1.13193214
1591008884.18654060,-0.06571108,-0.09559581,1.08720481
1591008884.19811988,-0.03439793,-0.08451129,1.04171932
1591008884.21071839,-0.01353714,-0.06961302,1.00330949
1591008884.22229362,0.01891302,-0.08269785,0.99016917
1591008884.23471975,0.06205137,-0.11247556,0.97374392
1591008884.24633265,0.09113590,-0.13150431,0.96035093
1591008884.25869989,0.09770086,-0.13157724,0.94316757
1591008884.27029634,0.08135650,-0.11955848,0.91966683
1591008884.28267884,0.08178088,-0.11868143,0.89414442
1591008884.29422522,0.09408063,-0.12949623,0.85826147
1591008884.30657649,0.10621244,-0.13888355,0.83299178
1591008884.31816053,0.08163066,-0.13373749,0.85346019
1591008884.33056617,0.05347800,-0.13074125,0.90450495
1591008884.34214401,0.01900903,-0.13712281,0.96717381
1591008884.35454416,-0.01829624,-0.15154140,1.02125084
1591008884.36619234,-0.05136000,-0.15370007,1.07052684
1591008884.37855887,-0.07620297,-0.14666297,1.09301686
1591008884.39017844,-0.07634239,-0.13786240,1.08745742
1591008884.40254521,-0.06217150,-0.13945827,1.06142962
1591008884.41409922,-0.04537837,-0.14382699,1.04045582
1591008884.42672396,-0.03954872,-0.13391745,1.01897657
1591008884.43813634,-0.04788002,-0.11528900,1.00735259
1591008884.45051861,-0.06190512,-0.08895075,1.01038492
1591008884.46210241,-0.06783870,-0.08701420,1.01619697
1591008884.47473168,-0.05688658,-0.10193343,1.01468074
1591008884.48609853,-0.04637663,-0.11751173,1.02074552
1591008884.49871898,-0.04891216,-0.13127618,1.03489649
1591008884.51034451,-0.06293440,-0.13988569,1.05081642
1591008884.52270007,-0.06924061,-0.14957280,1.04500437
1591008884.53433275,-0.07501583,-0.14971374,1.04298282
1591008884.54658127,-0.08198302,-0.14092222,1.04222476
1591008884.55818510,-0.08583733,-0.13435359,1.04096127
1591008884.57053447,-0.09607437,-0.12614392,1.04171932
1591008884.58211708,-0.10218495,-0.12661652,1.05511224
1591008884.59473538,-0.09877261,-0.12935309,1.05485952
1591008884.60630965,-0.09299620,-0.12904853,1.05384874
1591008884.61867070,-0.09175515,-0.12473021,1.03868699
1591008884.63023257,-0.08957109,-0.12163013,1.02756834
1591008884.64262605,-0.08289573,-0.11794376,1.00558376
1591008884.65421200,-0.07486849,-0.10699308,0.99724472
1591008884.66658235,-0.07977048,-0.10058807,0.99901354
1591008884.67816138,-0.09242985,-0.10197434,1.01543880
1591008884.69052696,-0.09733972,-0.10720187,1.02428329
1591008884.70208859,-0.10082998,-0.10681996,1.03110611
1591008884.71469426,-0.10584650,-0.10995191,1.03818166
1591008884.72626758,-0.10642753,-0.10762899,1.04146659
1591008884.73868728,-0.10196297,-0.10606991,1.03110611
1591008884.75029016,-0.09979999,-0.09976953,1.02554679
1591008884.76265621,-0.10380133,-0.09401453,1.03009522
1591008884.77423310,-0.10142786,-0.09536909,1.03666532
1591008884.78658199,-0.09856866,-0.09395999,1.02908444
1591008884.79816842,-0.10072516,-0.09344172,1.03338039
1591008884.81054401,-0.09780389,-0.10061502,1.02731562
1591008884.82213044,-0.09727204,-0.10739276,1.02782094
1591008884.83447886,-0.08858125,-0.10695647,1.01973474
1591008884.84613776,-0.09507465,-0.10096508,1.02453601
1591008884.85853338,-0.09828623,-0.09734212,1.02226174
1591008884.87010145,-0.09019853,-0.10797016,1.01998746
1591008884.88273382,-0.08313548,-0.11692546,1.00987959
1591008884.89431357,-0.08163679,-0.11467989,1.00533092
1591008884.90668273,-0.08629161,-0.11021145,1.00128782
1591008884.91825128,-0.08719087,-0.10709757,1.00381482
1591008884.93060708,-0.09114155,-0.10675193,1.01594424
1591008884.94221663,-0.09331138,-0.11191131,1.02352512
1591008884.95457220,-0.09268345,-0.11302045,1.02554679
1591008884.96614671,-0.09863594,-0.10789280,1.02782094
1591008884.97849798,-0.10467976,-0.09846933,1.03388572
1591008884.99008751,-0.10214702,-0.09994218,1.03338039
1591008885.00271487,-0.09962535,-0.10620165,1.03818166
1591008885.01427221,-0.09604489,-0.11367491,1.03767622
1591008885.02662945,-0.08636896,-0.11704341,1.03060067
1591008885.03827095,-0.08258866,-0.11589335,1.02782094
1591008885.05072021,-0.08698779,-0.11383425,1.01746047
1591008885.06231332,-0.08788128,-0.11847091,1.01998746
1591008885.07467318,-0.08697467,-0.11868905,1.02403057
1591008885.08625102,-0.08134416,-0.11875263,1.02984262
1591008885.09865546,-0.08652139,-0.11806615,1.03565466
1591008885.11021876,-0.09032100,-0.12532569,1.04045582
1591008885.12257218,-0.08889987,-0.13339444,1.04171932
1591008885.13417339,-0.08762264,-0.14295867,1.04753137
1591008885.14658523,-0.08970178,-0.14030851,1.04475176
1591008885.15828919,-0.08724592,-0.13136242,1.04576254
1591008885.17068648,-0.08706483,-0.12246183,1.04298282
1591008885.18225789,-0.09367024,-0.11839798,1.03717077
1591008885.19463563,-0.09338389,-0.11405684,1.03085339
1591008885.20622969,-0.08586051,-0.11534782,1.03161144
1591008885.21857452,-0.08458471,-0.12121190,1.02908444
1591008885.23021865,-0.08456763,-0.12215744,1.02807379
1591008885.24257469,-0.08385356,-0.11958909,1.02681029
1591008885.25419688,-0.08492140,-0.12428932,1.03514922
1591008885.26655340,-0.08664386,-0.13072160,1.03388572
1591008885.27812219,-0.08874857,-0.13281719,1.03565466
1591008885.29047346,-0.09179723,-0.12595764,1.03363299
1591008885.30229497,-0.09237084,-0.12220293,1.02428329
1591008885.31474566,-0.09648876,-0.11634345,1.02226174
1591008885.32631230,-0.09459906,-0.11072496,1.01543880
1591008885.33851647,-0.09554522,-0.10882485,1.01265919
1591008885.35021138,-0.09904175,-0.10472913,1.01089036
1591008885.36257672,-0.09622349,-0.10645199,1.01038492
1591008885.37414908,-0.09456183,-0.10948390,1.02024007
1591008885.38663840,-0.09538538,-0.11107041,1.01720774
1591008885.39815879,-0.09359581,-0.10505176,1.02150357
1591008885.41055226,-0.08874252,-0.10336077,1.01796579
1591008885.42213535,-0.09057739,-0.09994693,1.01493347
1591008885.43448496,-0.08741730,-0.10275166,1.01594424
1591008885.44634247,-0.09063452,-0.10370624,1.01973474
1591008885.45855212,-0.08970088,-0.10669281,1.01948202
1591008885.47012663,-0.08407494,-0.10472438,1.02933717
1591008885.48248577,-0.08203930,-0.10725182,1.02984262
1591008885.49435496,-0.08144747,-0.10915652,1.02807379
1591008885.50657630,-0.07946701,-0.11040661,1.02807379
1591008885.51816034,-0.07951623,-0.10869738,1.02883184
1591008885.53053522,-0.08638099,-0.10792911,1.03312767
1591008885.54210067,-0.08740254,-0.10312423,1.03211689
1591008885.55450130,-0.08402351,-0.09937857,1.02756834
1591008885.56634378,-0.08327960,-0.09230086,1.02150357
1591008885.57870674,-0.08555242,-0.08730971,1.01240647
1591008885.59027433,-0.08049317,-0.08392154,1.00836337
1591008885.60262537,-0.07337479,-0.09388293,1.00912142
1591008885.61420417,-0.07557525,-0.10285170,1.01316464
1591008885.62657213,-0.07820776,-0.10658833,1.01291192
1591008885.63814616,-0.07848392,-0.10456996,1.01720774
1591008885.65049052,-0.08103687,-0.10146971,1.01998746
1591008885.66211438,-0.08504244,-0.10164236,1.02782094
1591008885.67471814,-0.08862594,-0.10346526,1.02453601
1591008885.68629217,-0.08994237,-0.10252875,1.03034794
1591008885.69864941,-0.09186421,-0.10738356,1.03691816
1591008885.71022034,-0.09439917,-0.11296576,1.03843427
1591008885.72256851,-0.09518293,-0.11656588,1.04955292
1591008885.73413205,-0.08679818,-0.11245653,1.04753137
1591008885.74654698,-0.08204753,-0.11092472,1.03767622
1591008885.75815940,-0.08062078,-0.10825190,1.02984262
1591008885.77064061,-0.07960864,-0.10866109,1.02352512
1591008885.78222489,-0.08620156,-0.10351075,1.02074552
1591008885.79459524,-0.08204792,-0.09445098,1.02428329
1591008885.80619621,-0.08011015,-0.09333724,1.02681029
1591008885.81856489,-0.08284649,-0.09386455,1.02731562
1591008885.83012938,-0.08105173,-0.09581919,1.03110611
1591008885.84271979,-0.07675150,-0.10231061,1.02630484
1591008885.85427761,-0.07122461,-0.10982017,1.03110611
1591008885.86668944,-0.06837662,-0.11589335,1.02782094
1591008885.87826943,-0.06928009,-0.11945733,1.01973474
1591008885.89061713,-0.06896719,-0.11747986,1.02478862
1591008885.90218854,-0.07768075,-0.11570248,1.02428329
1591008885.91456842,-0.07819523,-0.11401592,1.03009522
1591008885.92618132,-0.07388285,-0.11146121,1.02908444
1591008885.93855047,-0.07245837,-0.11262046,1.02276707
1591008885.95011544,-0.07633536,-0.11290678,1.02807379
1591008885.96250582,-0.08482507,-0.11425231,1.02984262
1591008885.97412634,-0.08480285,-0.11935714,1.03641272
1591008885.98661089,-0.09041973,-0.11776160,1.03464389
1591008885.99820495,-0.09260497,-0.11279310,1.03060067
1591008886.01056552,-0.09208344,-0.10743827,1.02403057
1591008886.02214360,-0.08697364,-0.10591549,1.01897657
1591008886.03449893,-0.08840835,-0.10554276,1.01670229
1591008886.04633713,-0.09052330,-0.10783382,1.01746047
1591008886.05868936,-0.08765329,-0.10600649,1.01139569
1591008886.07029271,-0.08194909,-0.10729304,1.00280404
1591008886.08265662,-0.07923888,-0.10703413,0.98410439
1591008886.09422803,-0.07279481,-0.10797064,0.97829247
1591008886.10658813,-0.07496291,-0.10347936,0.98309362
1591008886.11815858,-0.07944566,-0.10453841,0.99345422
1591008886.13053751,-0.08616226,-0.10486104,1.00406754
1591008886.14211297,-0.08851810,-0.10892934,1.01922929
1591008886.15472984,-0.09330005,-0.10510629,1.02251434
1591008886.16609573,-0.09766997,-0.09729661,1.02605212
1591008886.17869902,-0.10250423,-0.09489648,1.02327251
1591008886.19027090,-0.09855241,-0.09714665,1.02327251
1591008886.20267987,-0.09803820,-0.10320160,1.02428329
1591008886.21425653,-0.09737787,-0.10305606,1.03085339
1591008886.22660875,-0.09852964,-0.10202873,1.03034794
1591008886.23818994,-0.10599475,-0.09888297,1.03691816
1591008886.25053835,-0.10594641,-0.09901932,1.03944504
1591008886.26209688,-0.10455207,-0.09995122,1.03818166
1591008886.27451301,-0.11327670,-0.09794204,1.03338039
1591008886.28608775,-0.11181045,-0.09548721,1.04348826
1591008886.29869795,-0.10851047,-0.09454167,1.04449904
1591008886.31028795,-0.10541070,-0.09425978,1.04854214
1591008886.32262588,-0.10273746,-0.09557360,1.04045582
1591008886.33419228,-0.10412949,-0.09756471,1.03565466
1591008886.34656453,-0.10203671,-0.09633285,1.03135872
1591008886.35816932,-0.10273488,-0.09412821,1.02756834
1591008886.37059450,-0.10672851,-0.09108709,1.02681029
1591008886.38218260,-0.10646860,-0.08991881,1.02832639
1591008886.39462686,-0.09447809,-0.09290539,1.02807379
1591008886.40619612,-0.09034417,-0.10396989,1.01998746
1591008886.41855979,-0.09018059,-0.11048858,1.01569164
1591008886.43011236,-0.09538229,-0.10558826,1.01291192
1591008886.44271874,-0.10046314,-0.10102881,1.01644969
1591008886.45435810,-0.10387549,-0.09829225,1.01670229
1591008886.46670818,-0.10794738,-0.08964612,1.02327251
1591008886.47832656,-0.10527929,-0.09150071,1.02984262
1591008886.49070215,-0.09783208,-0.09829210,1.03060067
1591008886.50226903,-0.09967338,-0.10551089,1.02074552
1591008886.51462197,-0.09798580,-0.10940669,1.01417542
1591008886.52620125,-0.09856285,-0.10317449,1.00987959
1591008886.53858399,-0.10703101,-0.09751953,1.01164842
1591008886.55023551,-0.11162809,-0.09758310,1.01746047
1591008886.56257606,-0.11524604,-0.09806935,1.03110611
1591008886.57414126,-0.12160406,-0.09862375,1.04601514
1591008886.58648610,-0.12110412,-0.09880544,1.05865002
1591008886.59833360,-0.11943367,-0.09794173,1.06117702
1591008886.61069560,-0.11230476,-0.08926404,1.04399359
1591008886.62225485,-0.10609919,-0.08738232,1.02301979
1591008886.63461161,-0.10439798,-0.08739612,1.00937414
1591008886.64618564,-0.10111672,-0.09233733,1.01291192
1591008886.65854883,-0.10442442,-0.09056897,1.01720774
1591008886.67011762,-0.10593427,-0.08762315,1.03211689
1591008886.68255353,-0.11055888,-0.08609620,1.03969777
1591008886.69415212,-0.11224619,-0.08920490,1.04753137
1591008886.70652938,-0.11339451,-0.09300511,1.05309069
1591008886.71810150,-0.11061092,-0.09687364,1.04601514
1591008886.73072505,-0.10950322,-0.09565097,1.03262222
1591008886.74229765,-0.10323028,-0.09451456,1.03009522
1591008886.75467849,-0.10145970,-0.09405099,1.02150357
1591008886.76626134,-0.10460354,-0.09678295,1.02579951
1591008886.77861166,-0.10746727,-0.09997404,1.02933717
1591008886.79019117,-0.10955440,-0.09662838,1.02756834
1591008886.80256009,-0.11339842,-0.09602830,1.03034794
1591008886.81414223,-0.11237291,-0.09927393,1.03489649
1591008886.82657838,-0.11217384,-0.09905578,1.03085339
1591008886.83817005,-0.11022604,-0.10592896,1.03312767
1591008886.85055685,-0.10544269,-0.10493809,1.02403057
1591008886.86211920,-0.10155860,-0.10083333,1.01746047
1591008886.87472630,-0.09490746,-0.09561484,1.01341736
1591008886.88609147,-0.09727496,-0.09382840,1.00811064
1591008886.89854741,-0.09576377,-0.09049636,1.00659442
1591008886.91012502,-0.09597878,-0.08932348,1.01265919
1591008886.92248225,-0.09884451,-0.09138720,1.01847124
1591008886.93433452,-0.10144036,-0.09175549,1.01139569
1591008886.94670343,-0.10273544,-0.08965087,1.00482559
1591008886.95830679,-0.10172413,-0.09465122,1.00482559
1591008886.97068214,-0.10355839,-0.09717867,1.00533092
1591008886.98231268,-0.11046521,-0.09998783,1.01569164
1591008886.99468160,-0.11842291,-0.09611471,1.02731562
1591008887.00627160,-0.12810284,-0.09049144,1.03893960
1591008887.01865673,-0.12620910,-0.08530888,1.04753137
1591008887.03023696,-0.12726043,-0.08394213,1.05359614
1591008887.04257798,-0.11732525,-0.08671997,1.04677331
1591008887.05417776,-0.10905248,-0.08501571,1.03312767
1591008887.06654620,-0.10616630,-0.08696869,1.01998746
1591008887.07811475,-0.10388237,-0.09098721,1.01569164
1591008887.09055185,-0.10377432,-0.09061892,1.02276707
1591008887.10213971,-0.10748526,-0.09129161,1.03060067
1591008887.11449599,-0.11677271,-0.08980957,1.04020309
1591008887.12609315,-0.12043387,-0.09196873,1.04778409
1591008887.13872552,-0.12636641,-0.09048685,1.04348826
1591008887.15029860,-0.12848845,-0.08642001,1.04121399
1591008887.16267467,-0.12239173,-0.08199246,1.03540194
1591008887.17426300,-0.11905627,-0.08595301,1.02807379
1591008887.18667340,-0.11903489,-0.09639660,1.02327251
1591008887.19826531,-0.11186188,-0.09613293,1.02301979
1591008887.21062756,-0.11511187,-0.09038253,1.02301979
1591008887.22222662,-0.11299635,-0.08786872,1.02276707
1591008887.23458934,-0.10694636,-0.08867791,1.01922929
1591008887.24616122,-0.10946341,-0.09061448,1.01341736
1591008887.25854826,-0.10463594,-0.08300466,1.00482559
1591008887.27010202,-0.10519275,-0.08277630,1.00507832
1591008887.28271151,-0.10261568,-0.08367954,1.00836337
1591008887.29434443,-0.10106812,-0.08810526,1.00861609
1591008887.30672073,-0.10645096,-0.08829154,1.01670229
1591008887.31808496,-0.11233708,-0.08367617,1.02175629
1591008887.33072805,-0.11331441,-0.07913277,1.02276707
1591008887.34229732,-0.11774564,-0.07758877,1.02554679
1591008887.35472560,-0.12043656,-0.08126984,1.02200902
1591008887.36633444,-0.11965176,-0.08561558,1.02630484
1591008887.37869525,-0.11932474,-0.08640974,1.02756834
1591008887.39032888,-0.12311355,-0.08446698,1.03641272
1591008887.40269375,-0.12270370,-0.08232647,1.03262222
1591008887.41426921,-0.12241559,-0.08062229,1.03691816
1591008887.42656279,-0.12218624,-0.07471550,1.03060067
1591008887.43817472,-0.11936463,-0.07748312,1.02807379
1591008887.45055842,-0.11781771,-0.08272524,1.02655756
1591008887.46212673,-0.11662477,-0.08535994,1.02605212
1591008887.47448492,-0.11812811,-0.07598680,1.02276707
1591008887.48609328,-0.11582822,-0.07285106,1.01847124
1591008887.49850082,-0.11383300,-0.07367249,1.02024007
1591008887.51008821,-0.11188860,-0.07131049,1.02579951
1591008887.52271080,-0.11392743,-0.07462005,1.02883184
1591008887.53437519,-0.11893351,-0.07735698,1.02125084
1591008887.54647827,-0.11971999,-0.08433741,1.02504134
1591008887.55811453,-0.11800948,-0.08731415,1.02175629
1591008887.57048893,-0.11278077,-0.08881886,1.01720774
1591008887.58232832,-0.10656723,-0.08998270,1.00634181
1591008887.59450960,-0.11020679,-0.08895536,1.00583637
1591008887.60610557,-0.10959444,-0.08240138,1.00709987
1591008887.61852288,-0.11593258,-0.08540763,1.01796579
1591008887.63010883,-0.12478290,-0.09319171,1.03338039
1591008887.64247704,-0.13538560,-0.09414168,1.04171932
1591008887.65434027,-0.14181474,-0.09202771,1.05814469
1591008887.66671324,-0.13313356,-0.09772816,1.05258524
1591008887.67828560,-0.12511961,-0.09626912,1.03944504
1591008887.69066501,-0.12138995,-0.08970968,1.02908444
1591008887.70228529,-0.12918344,-0.07260564,1.01392269
1591008887.71473908,-0.12525061,-0.06852916,1.01013219
1591008887.72634220,-0.12308326,-0.07821590,1.01922929
1591008887.73870063,-0.11600794,-0.09411456,1.02731562
1591008887.75026941,-0.11632016,-0.09905578,1.03085339
1591008887.76261950,-0.10940283,-0.09403276,1.02579951
1591008887.77419400,-0.10927575,-0.08957335,1.02655756
1591008887.78656316,-0.11150321,-0.08130053,1.02706289
1591008887.79820323,-0.11378819,-0.07892145,1.02782094
1591008887.81065488,-0.11545575,-0.07629019,1.03287494
1591008887.82223916,-0.10972342,-0.07608567,1.02908444
1591008887.83470488,-0.10686798,-0.07894874,1.02832639
1591008887.84630036,-0.10448243,-0.08552013,1.02453601
1591008887.85868168,-0.10075071,-0.09348738,1.01569164
1591008887.87025404,-0.10603908,-0.09865135,1.01872396
1591008887.88262296,-0.10929613,-0.09994233,1.01948202
1591008887.89419675,-0.10988970,-0.09489188,1.02782094
1591008887.90660739,-0.11866353,-0.09352353,1.03489649
1591008887.91820741,-0.11872891,-0.09860569,1.03641272
1591008887.93064976,-0.12220175,-0.10712895,1.04146659
1591008887.94223595,-0.11813875,-0.10969271,1.04727864
1591008887.95478868,-0.11732289,-0.10304227,1.04449904
1591008887.96617389,-0.11362825,-0.09301889,1.03944504
1591008887.97866225,-0.11380171,-0.09230530,1.03085339
1591008887.99039364,-0.11733631,-0.09404179,1.03060067
1591008888.00273800,-0.11488349,-0.09674188,1.03893960
1591008888.01423335,-0.11268122,-0.09649187,1.03893960
1591008888.02662563,-0.11403889,-0.09219164,1.03338039
1591008888.03820539,-0.11241242,-0.08228900,1.03641272
1591008888.05067253,-0.10857143,-0.07795347,1.02782094
1591008888.06223679,-0.10688139,-0.08108237,1.02301979
1591008888.07461691,-0.10611112,-0.08824605,1.02049279
1591008888.08619022,-0.10355197,-0.08710846,1.02706289
1591008888.09860921,-0.10234670,-0.08487253,1.02150357
1591008888.11014366,-0.10346463,-0.08548944,1.01948202
1591008888.12255073,-0.10395977,-0.08695506,1.01973474
1591008888.13414311,-0.09785176,-0.08792786,1.01922929
1591008888.14657974,-0.09824250,-0.08693238,1.01468074
1591008888.15816164,-0.09567592,-0.08850066,1.01594424
1591008888.17053843,-0.09301580,-0.08730971,1.01240647
1591008888.18217182,-0.09805728,-0.08275930,1.01821852
1591008888.19455004,-0.09663619,-0.08156638,1.02301979
1591008888.20622635,-0.09871595,-0.08410905,1.02529407
1591008888.21861172,-0.09756052,-0.08511794,1.02605212
1591008888.23020101,-0.09502244,-0.08721411,1.02453601
1591008888.24256897,-0.09460892,-0.09074163,1.02504134
1591008888.25421834,-0.10100615,-0.08905968,1.02630484
1591008888.26659226,-0.10573093,-0.08764137,1.02782094
1591008888.27818465,-0.11592636,-0.08685625,1.03135872
1591008888.29054213,-0.11926163,-0.09025507,1.03919232
1591008888.30209112,-0.12006103,-0.09425978,1.04854214
1591008888.31462622,-0.11798872,-0.09576893,1.05334342
1591008888.32622790,-0.12252121,-0.09915550,1.05587041
1591008888.33863807,-0.12159212,-0.09776004,1.04854214
1591008888.35023284,-0.12220301,-0.09143238,1.04247737
1591008888.36258554,-0.11776798,-0.08429657,1.04222476
1591008888.37415504,-0.11564269,-0.08014514,1.04601514
1591008888.38652754,-0.11549743,-0.08294345,1.04854214
1591008888.39809799,-0.11316079,-0.08885367,1.05940819
1591008888.41071391,-0.10893793,-0.09310055,1.05485952
1591008888.42228484,-0.10121033,-0.09598264,1.04803681
1591008888.43464065,-0.09479380,-0.08920506,1.03363299
1591008888.44622803,-0.09014172,-0.08225825,1.01341736
1591008888.45857692,-0.09356752,-0.07465748,1.00709987
1591008888.47022057,-0.09600206,-0.07111617,1.01771307
1591008888.48259664,-0.09379274,-0.07341007,1.02883184
1591008888.49417114,-0.08963232,-0.07900669,1.03388572
1591008888.50654745,-0.08356930,-0.08112670,1.02832639
1591008888.51829123,-0.08085944,-0.08249346,1.02226174
1591008888.53066230,-0.08154925,-0.07828744,1.00709987
1591008888.54222965,-0.07941242,-0.07981437,0.99951899
1591008888.55460668,-0.07981359,-0.07555386,1.00128782
1591008888.56618619,-0.08928499,-0.07482451,1.01468074
1591008888.57854795,-0.08457680,-0.07801823,1.02453601
1591008888.59010959,-0.07759899,-0.08320239,1.01746047
1591008888.60271358,-0.06942250,-0.08329777,1.00128782
1591008888.61433530,-0.06768145,-0.07689335,0.99471772
1591008888.62668753,-0.07395897,-0.07122856,0.98840034
1591008888.63825798,-0.07285170,-0.07055368,0.98486257
1591008888.65062189,-0.08517198,-0.06435719,0.98663139
1591008888.66219783,-0.08913686,-0.06421749,0.99749744
1591008888.67457366,-0.08326979,-0.06699875,0.99522316
1591008888.68614721,-0.06708837,-0.07278619,0.98587334
1591008888.69850993,-0.04313993,-0.08152872,0.97298574
1591008888.71008825,-0.03382420,-0.08568737,0.96843731
1591008888.72253203,-0.04113694,-0.09068280,1.00078249
1591008888.73413086,-0.05266999,-0.08017235,1.02857912
1591008888.74657249,-0.06891739,-0.06821917,1.06269312
1591008888.75815892,-0.07126135,-0.06526758,1.08872092
1591008888.77076888,-0.05879090,-0.06227165,1.10944211
1591008888.78215075,-0.03756580,-0.05656943,1.12485659
1591008888.79466414,-0.03181744,-0.04662713,1.13344824
1591008888.80628729,-0.03970339,-0.04231215,1.15214789
1591008888.81872272,-0.04231571,-0.06373738,1.14557779
1591008888.83020210,-0.03051065,-0.08660427,1.10742044
1591008888.84261155,-0.00748585,-0.08978690,1.03514922
1591008888.85419703,0.01649021,-0.07374391,0.97222769
1591008888.86655354,0.02679673,-0.05199475,0.94139868
1591008888.87833238,0.03592578,-0.03997670,0.94291484
1591008888.89070511,0.05718392,-0.04435650,0.93887174
1591008888.90215850,0.06538805,-0.04978608,0.93634480
1591008888.91462660,0.07545383,-0.04676284,0.93861908
1591008888.92609715,0.07912970,-0.03686143,0.94796878
1591008888.93848920,0.07791238,-0.03328950,0.97146964
1591008888.95008278,0.09321219,-0.03162957,0.96313059
1591008888.96250057,0.10969332,-0.02909705,0.93861908
1591008888.97433901,0.12474155,-0.02433885,0.92219377
1591008888.98670030,0.14108835,-0.02118263,0.90854818
1591008888.99827433,0.14892738,-0.02012605,0.91587639
1591008889.01063204,0.14753570,-0.02472062,0.92926925
1591008889.02220225,0.14482358,-0.02461160,0.94518918
1591008889.03458071,0.14384484,-0.02244720,0.92750037
1591008889.04619908,0.14948685,-0.01831271,0.90020913
1591008889.05855489,0.16175947,-0.01587226,0.89085931
1591008889.07012701,0.16605267,-0.01295130,0.90399957
1591008889.08246779,0.17415923,-0.02326179,0.92017215
1591008889.09443069,0.18095827,-0.02806425,0.92396265
1591008889.10656786,0.17716762,-0.03243041,0.91966683
1591008889.11812520,0.17637837,-0.02689175,0.92017215
1591008889.13060594,0.17123923,-0.02256649,0.92522609
1591008889.14221692,0.16782910,-0.02713723,0.94266218
1591008889.15456581,0.18044692,-0.04233535,0.95074850
1591008889.16613460,0.19732615,-0.05520210,0.95150656
1591008889.17849183,0.21819293,-0.05109493,0.94266218
1591008889.19007921,0.22371075,-0.03767944,0.94518918
1591008889.20268917,0.21387547,-0.02210983,0.94367301
1591008889.21426249,0.20063794,-0.01525895,0.95125389
1591008889.22665453,0.18744022,-0.00700041,0.96414143
1591008889.23822403,0.18051943,-0.00701069,0.97778702
1591008889.25057745,0.18449989,-0.00774010,0.98233557
1591008889.26215529,0.17713311,-0.00559624,0.99193811
1591008889.27454114,0.16513485,-0.00297523,1.01063764
1591008889.28618360,0.16356051,-0.00680977,1.03236961
1591008889.29855084,0.17033786,-0.02194650,1.03034794
1591008889.31011391,0.17510089,-0.02865762,1.01569164
1591008889.32269573,0.17914227,-0.01900152,0.99370694
1591008889.33435416,0.18072945,-0.01194607,0.97955596
1591008889.34646416,0.17549202,-0.01144165,0.98814762
1591008889.35830808,0.16572803,-0.01724285,1.01493347
1591008889.37048626,0.15797698,-0.02199420,1.02226174
1591008889.38232398,0.15743709,-0.02625133,1.03388572
1591008889.39469218,0.17052227,-0.03698780,1.02655756
1591008889.40627789,0.17965499,-0.04856618,1.03034794
1591008889.41865969,0.18878031,-0.06077511,1.03236961
1591008889.43028402,0.19226167,-0.06655577,1.03186417
1591008889.44269395,0.19134161,-0.06930633,1.02453601
1591008889.45436573,0.18314391,-0.06715220,1.02049279
1591008889.46646762,0.18913084,-0.06355631,1.01215386
1591008889.47830725,0.19005084,-0.06449702,1.01164842
1591008889.49067664,0.20317847,-0.07318164,1.01114297
1591008889.50227165,0.21257758,-0.08659720,1.02655756
1591008889.51476383,0.20946145,-0.09236429,1.04121399
1591008889.52621245,0.21233448,-0.10007852,1.03590727
1591008889.53869677,0.22791210,-0.09860601,1.00861609
1591008889.55028558,0.24503186,-0.08881013,0.98460984
1591008889.56261444,0.25938672,-0.07653195,0.96110904
1591008889.57414985,0.27404085,-0.07256113,0.95479167
1591008889.58649349,0.29102346,-0.07665460,0.94544184
1591008889.59829736,0.30394545,-0.07805541,0.93103814
1591008889.61066246,0.30854279,-0.07973912,0.91739255
1591008889.62221408,0.31347561,-0.08726975,0.92825842
1591008889.63458824,0.31572247,-0.10347967,0.95529699
1591008889.64633298,0.32722840,-0.13330865,0.98915839
1591008889.65869808,0.31529573,-0.15297316,1.03388572
1591008889.67027640,0.28743961,-0.15827316,1.06724167
1591008889.68264198,0.28084704,-0.15565455,1.08821559
1591008889.69420314,0.29293454,-0.14607193,1.10059774
1591008889.70675135,0.29450107,-0.12716159,1.09301686
1591008889.71820140,0.29809555,-0.10701956,1.06724167
1591008889.73068500,0.30391416,-0.09954663,1.03995049
1591008889.74218845,0.28893077,-0.08428973,1.03312767
1591008889.75454569,0.26877967,-0.06949043,1.03691816
1591008889.76608586,0.25218678,-0.06326673,1.05612302
1591008889.77867627,0.21878684,-0.06039352,1.07911849
1591008889.79021859,0.16512969,-0.05952103,1.09882879
1591008889.80253673,0.12874311,-0.06898281,1.11272705
1591008889.81419134,0.10209939,-0.07795718,1.12207687
1591008889.82661152,0.08249186,-0.08249718,1.11651766
1591008889.83811307,0.06484941,-0.09187710,1.11095822
1591008889.85049987,0.06538174,-0.10510091,1.09655452
1591008889.86230373,0.06504785,-0.10135572,1.05031097
1591008889.87465262,0.07038185,-0.08915083,1.00482559
1591008889.88630223,0.05967110,-0.10334761,0.97601819
1591008889.89863014,0.05452490,-0.10183862,0.95731860
1591008889.91014791,0.02005542,-0.10210656,0.98081946
1591008889.92251182,-0.01121008,-0.10631089,1.02630484
1591008889.93408823,-0.06667344,-0.09742330,1.07937121
1591008889.94655204,-0.08735832,-0.10277799,1.09983957
1591008889.95810533,-0.07069609,-0.10301009,1.07633877
1591008889.97068715,-0.03737510,-0.11458889,1.01291192
1591008889.98222995,-0.01390054,-0.13259538,0.95277005
1591008889.99455333,-0.02211681,-0.12618165,0.92194104
1591008890.00608253,-0.05020512,-0.09527047,0.91436011
1591008890.01865387,-0.06834051,-0.05088009,0.90728468
1591008890.03021812,-0.07598284,-0.03324836,0.89894563
1591008890.04253578,-0.09444369,-0.05078807,0.91006434
1591008890.05408764,-0.14434901,-0.07085682,0.92320448
1591008890.06667042,-0.18460146,-0.07805210,0.96237254
1591008890.07822943,-0.21818742,-0.07357356,0.99598122
1591008890.09053469,-0.24794669,-0.05677360,1.02099824
1591008890.10208511,-0.28046936,-0.04032134,1.06142962
1591008890.11478734,-0.31958777,-0.02584259,1.11601222
1591008890.12608933,-0.34935805,-0.00445152,1.15012622
1591008890.13868904,-0.36422244,0.01048407,1.16933119
1591008890.15009260,-0.36201060,-0.00575365,1.18322957
1591008890.16268206,-0.33451959,-0.03546127,1.15972877
1591008890.17422199,-0.32099828,-0.03718234,1.10640967
1591008890.18654251,-0.30896753,-0.03000063,1.04955292
1591008890.19808316,-0.28865743,-0.03215802,1.00432026
1591008890.21067905,-0.28097165,-0.02020118,0.96211988
1591008890.22221375,-0.28728986,0.00169791,0.94645262
1591008890.23452044,-0.30388343,0.01118691,0.94999039
1591008890.24609137,-0.31282750,0.00508912,0.99572849
1591008890.25869179,-0.32482880,-0.00695295,1.04399359
1591008890.27023029,-0.31971344,-0.01346652,1.07052684
1591008890.28254819,-0.30524617,-0.01034439,1.06648362
1591008890.29409337,-0.29842764,-0.00287991,1.04475176
1591008890.30665803,-0.28747264,0.01902271,0.98865306
1591008890.31818938,-0.30535102,0.05432376,0.93988252
1591008890.33050323,-0.35700479,0.10475466,0.92017215
1591008890.34232163,-0.39609340,0.13082547,0.95277005
1591008890.35463858,-0.40514100,0.12328254,0.98941112
1591008890.36620498,-0.39505678,0.11930488,1.00482559
1591008890.37851572,-0.39222512,0.12150328,1.01341736
1591008890.39029980,-0.38762662,0.11110762,1.01771307
1591008890.40271878,-0.37982833,0.08180560,0.99117994
1591008890.41419649,-0.39080995,0.06270158,0.95504433
1591008890.42654228,-0.40767640,0.06384008,0.92497343
1591008890.43808913,-0.41810706,0.08933501,0.91890872
1591008890.45052171,-0.42658004,0.09992144,0.94695801
1591008890.46208620,-0.41680172,0.10393298,0.99370694
1591008890.47468114,-0.42260420,0.12099200,1.01392269
1591008890.48631954,-0.41217932,0.14201170,1.00558376
1591008890.49866652,-0.39811435,0.13754332,0.99421227
1591008890.51021099,-0.39650840,0.12627172,0.98334634
1591008890.52262449,-0.39553759,0.11097823,0.97526002
1591008890.53420901,-0.38613519,0.10041560,0.96919537
1591008890.54669881,-0.37899730,0.10884464,0.95201200
1591008890.55834413,-0.37365249,0.12395075,0.94114602
1591008890.57046509,-0.38280189,0.14143929,0.94443107
1591008890.58214331,-0.39646092,0.15196779,0.96009827
1591008890.59454083,-0.39669102,0.14953756,0.97374392
1591008890.60612106,-0.39600229,0.14806852,0.97854519
1591008890.61848545,-0.39487413,0.14813334,0.96388870
1591008890.63008595,-0.38935998,0.15668166,0.94897962
1591008890.64267182,-0.39000061,0.16096608,0.93685013
1591008890.65414500,-0.38857403,0.16474938,0.94746345
1591008890.66658211,-0.39150849,0.17052996,0.96591032
1591008890.67814922,-0.40272766,0.17216258,0.97601819
1591008890.69052744,-0.39812732,0.16645008,0.97424924
1591008890.70209837,-0.39228538,0.16039343,0.94746345
1591008890.71470189,-0.38428530,0.15079547,0.91006434
1591008890.72628307,-0.38540602,0.16394523,0.87266517
1591008890.73866987,-0.40520099,0.19359845,0.86129385
1591008890.75017333,-0.41796523,0.20884763,0.87468678
1591008890.76251101,-0.42185894,0.21390906,0.88403654
1591008890.77423024,-0.42962801,0.21212643,0.89464986
1591008890.78661537,-0.44372761,0.18491028,0.90121990
1591008890.79823971,-0.43954849,0.15117039,0.91208589
1591008890.81062841,-0.45671794,0.16168186,0.93255430
1591008890.82219291,-0.49316862,0.19952872,0.96666837
1591008890.83456373,-0.50624758,0.23077700,0.97955596
1591008890.84613657,-0.49850354,0.25308162,0.97879779
1591008890.85864401,-0.50533772,0.27075088,0.95630783
1591008890.87022638,-0.49933010,0.28402665,0.94796878
1591008890.88259792,-0.48741153,0.28592864,0.92168832
1591008890.89417815,-0.45962897,0.26911840,0.91031700
1591008890.90656829,-0.44027224,0.25146967,0.90551573
1591008890.91813827,-0.43774700,0.24615258,0.89641869
1591008890.93047404,-0.45353973,0.26922411,0.89490253
1591008890.94231486,-0.46582943,0.30570769,0.90046179
1591008890.95472527,-0.46468875,0.33205128,0.91006434
1591008890.96607947,-0.47102642,0.34918875,0.91537094
1591008890.97869134,-0.46487194,0.34125397,0.91890872
1591008890.99031997,-0.45757109,0.33606642,0.89844030
1591008891.00268698,-0.46362582,0.35161570,0.85244948
1591008891.01425838,-0.47055817,0.37763566,0.80974364
1591008891.02662444,-0.48036155,0.38694066,0.78978062
1591008891.03819227,-0.49143812,0.38143948,0.79306567
1591008891.05055094,-0.51215601,0.37341598,0.82515818
1591008891.06215692,-0.53157568,0.36463240,0.86685312
1591008891.07462597,-0.53952837,0.35929129,0.90753734
1591008891.08621931,-0.53915095,0.35952982,0.93002737
1591008891.09857392,-0.54481578,0.36264855,0.91259128
1591008891.11016226,-0.54458070,0.36988130,0.87721378
1591008891.12258148,-0.54865623,0.37093467,0.83526605
1591008891.13415623,-0.55792516,0.36648339,0.80115205
1591008891.14655638,-0.57132423,0.36554950,0.79154950
1591008891.15814137,-0.58020377,0.35713750,0.80393165
1591008891.17048883,-0.57613993,0.34460813,0.82086229
1591008891.18232489,-0.58189458,0.35284624,0.82515818
1591008891.19469476,-0.57617557,0.35460839,0.82389474
1591008891.20629001,-0.56149769,0.35227033,0.80443704
1591008891.21864986,-0.54794729,0.34269956,0.78447402
1591008891.23023844,-0.54873240,0.33059284,0.79357105
1591008891.24260092,-0.55689847,0.31955636,0.80974364
1591008891.25417304,-0.57308006,0.30335602,0.86331534
1591008891.26659226,-0.60614979,0.33628467,0.85851419
1591008891.27819300,-0.64205027,0.37868884,0.82162040
1591008891.29053044,-0.66485929,0.39063877,0.80645865
1591008891.30210948,-0.68804395,0.40534604,0.80746943
1591008891.31447220,-0.71610177,0.44915771,0.81176525
1591008891.32630324,-0.70354617,0.47322795,0.80519515
1591008891.33868241,-0.67371798,0.46200755,0.77992541
1591008891.35024214,-0.66259563,0.45270261,0.76400560
1591008891.36262846,-0.64834154,0.45086893,0.75313962
1591008891.37422204,-0.64239419,0.46071240,0.75010729
1591008891.38657928,-0.63693213,0.45577708,0.75187612
1591008891.39816451,-0.62194467,0.43871790,0.76754332
1591008891.41053843,-0.59642673,0.40578231,0.79938310
1591008891.42210984,-0.56368768,0.37830707,0.82869595
1591008891.43447280,-0.52758932,0.35696021,0.82515818
1591008891.44630575,-0.49789280,0.33313203,0.81378686
1591008891.45869160,-0.46984449,0.31131819,0.82338929
1591008891.47013855,-0.46263370,0.30882314,0.85169137
1591008891.48254251,-0.47625399,0.33383062,0.86811662
1591008891.49412131,-0.48905694,0.36008555,0.87039089
1591008891.50648761,-0.51268989,0.38126886,0.85901958
1591008891.51813602,-0.53608471,0.38576108,0.87443405
1591008891.53049684,-0.54683942,0.37705252,0.90576845
1591008891.54209375,-0.55049932,0.37042981,0.95226467
1591008891.55473208,-0.54438663,0.36673847,0.96237254
1591008891.56630087,-0.52080631,0.36697376,0.93558663
1591008891.57854581,-0.49879733,0.37603348,0.88428921
1591008891.59027958,-0.48624271,0.38273451,0.84082538
1591008891.60271716,-0.47873738,0.37666425,0.81429219
1591008891.61431837,-0.46809345,0.36463258,0.81302875
1591008891.62668514,-0.45966655,0.34094062,0.83501339
1591008891.63828349,-0.45007029,0.31728619,0.86078840
1591008891.65065837,-0.45068738,0.31833601,0.85927224
1591008891.66223907,-0.44747415,0.32961437,0.86104119
1591008891.67447662,-0.44046789,0.33576995,0.86356813
1591008891.68632555,-0.43295869,0.33868074,0.87241250
1591008891.69866204,-0.42831412,0.32880655,0.88049877
1591008891.71011019,-0.41093042,0.30961719,0.88631082
1591008891.72257352,-0.39031076,0.28848508,0.88327843
1591008891.73418498,-0.38428825,0.28179097,0.88176227
1591008891.74662161,-0.38420036,0.28176025,0.88681620
1591008891.75820994,-0.37162033,0.27068284,0.90374690
1591008891.77046895,-0.36469689,0.26300710,0.92042488
1591008891.78209400,-0.35138270,0.25927484,0.93129086
1591008891.79470658,-0.34473318,0.27403665,0.93129086
1591008891.80627704,-0.33001339,0.27852896,0.92876387
1591008891.81863546,-0.31888068,0.28695121,0.90273613
1591008891.83020115,-0.31540090,0.28718305,0.88049877
1591008891.84255981,-0.31401300,0.29220030,0.85927224
1591008891.85418987,-0.31112966,0.29143003,0.86457884
1591008891.86655498,-0.31016618,0.27807236,0.89237553
1591008891.87827373,-0.29569018,0.25434288,0.92851120
1591008891.89066601,-0.29350644,0.24153057,0.96414143
1591008891.90221763,-0.29642400,0.25030372,0.98991644
1591008891.91464543,-0.30152428,0.26915219,0.99042189
1591008891.92626357,-0.31138948,0.28623179,0.98334634
1591008891.93864679,-0.31512901,0.27848110,0.97450197
1591008891.95021868,-0.29297283,0.24527636,0.97096431
1591008891.96256948,-0.28468782,0.22267526,0.95479167
1591008891.97416830,-0.29303169,0.22086546,0.94796878
1591008891.98655343,-0.28295958,0.22421584,0.96211988
1591008891.99810195,-0.28370851,0.24309829,1.00684726
1591008892.01046777,-0.29965332,0.25835755,1.06041896
1591008892.02229404,-0.28636575,0.24628145,1.10034502
1591008892.03465271,-0.26186472,0.23036766,1.07684422
1591008892.04622197,-0.22645459,0.20739861,1.01366997
1591008892.05864024,-0.17106687,0.17878862,0.94291484
1591008892.07020831,-0.13096420,0.17607230,0.89010125
1591008892.08261061,-0.11379454,0.18753138,0.88403654
1591008892.09420109,-0.09292579,0.19127035,0.89995646
1591008892.10656619,-0.06966674,0.18283445,0.92623693
1591008892.11814022,-0.06988633,0.17553012,0.96742648
1591008892.13049436,-0.06950936,0.17813070,0.97753429
1591008892.14207745,-0.06944652,0.17795345,0.98081946
1591008892.15470958,-0.03538321,0.16368240,0.98966384
1591008892.16630220,-0.01631202,0.17345431,0.99244344
1591008892.17868948,-0.02145404,0.17583339,0.99320161
1591008892.19027257,-0.02044749,0.15860732,0.98056674
1591008892.20262957,-0.02084851,0.12298943,0.98587334
1591008892.21420860,-0.01823600,0.09420200,0.99016917
1591008892.22660947,-0.01520997,0.07719402,0.99143267
1591008892.23817205,-0.00040460,0.07251428,0.99294877
1591008892.25054216,0.02597319,0.06994431,0.99572849
1591008892.26209569,0.03852229,0.08286898,1.00735259
1591008892.27471375,0.04538721,0.08111025,1.00406754
1591008892.28609109,0.05150785,0.06676772,0.98284101
1591008892.29870176,0.05574740,0.04644340,0.97829247
1591008892.31025863,0.07028818,0.03301084,0.98056674
1591008892.32260633,0.07903388,0.03468435,0.98991644
1591008892.33420396,0.07641876,0.04317803,1.01190114
1591008892.34655356,0.08742976,0.03807896,1.03464389
1591008892.35811567,0.09580338,0.03347419,1.04374087
1591008892.37047100,0.08488365,0.03446260,1.05233264
1591008892.38210893,0.09284848,0.02908412,1.05334342
1591008892.39448404,0.10604033,0.02059728,1.02226174
1591008892.40632176,0.11819185,0.01966012,0.98132479
1591008892.41869116,0.11693048,0.01591777,0.95201200
1591008892.43028641,0.11616722,0.01079830,0.96616298
1591008892.44262481,0.11042935,0.00956771,1.01139569
1591008892.45418382,0.09864223,0.01854191,1.05587041
1591008892.46655154,0.08974648,0.01843277,1.07583344
1591008892.47812557,0.09050414,0.02704244,1.06875789
1591008892.49054241,0.08851767,0.04616374,1.02832639
1591008892.50212622,0.09849682,0.05692087,0.97248042
1591008892.51453543,0.12728216,0.05634844,0.91132778
1591008892.52628541,0.14131938,0.05516579,0.89288092
1591008892.53866529,0.16191971,0.05250719,0.90627384
1591008892.55009389,0.18208086,0.04509040,0.93609208
1591008892.56271720,0.17766812,0.05016201,0.96767914
1591008892.57441664,0.19678393,0.05028130,0.96995342
1591008892.58660817,0.20958975,0.04793291,0.96414143
1591008892.59819460,0.22292343,0.04314421,0.93179619
1591008892.61074877,0.22954476,0.04896590,0.89566058
1591008892.62231064,0.24268496,0.03978370,0.87746644
1591008892.63459826,0.26104206,0.03840673,0.86710584
1591008892.64630818,0.26449978,0.05367303,0.85775608
1591008892.65871596,0.27169952,0.06847575,0.85699797
1591008892.67013073,0.28091866,0.06751105,0.88833237
1591008892.68249106,0.28798562,0.05633480,0.91158050
1591008892.69421315,0.30473250,0.04213195,0.91916138
1591008892.70659018,0.31315562,0.04015513,0.90197796
1591008892.71815109,0.31287172,0.03639574,0.87746644
1591008892.73048449,0.31984329,0.02828370,0.88428921
1591008892.74230862,0.33106133,0.01502828,0.91916138
1591008892.75473928,0.33219966,0.00139452,0.95656049
1591008892.76631117,0.33689037,-0.01368780,0.98941112
1591008892.77869463,0.34372562,-0.03026294,1.00507832
1591008892.79026961,0.35116935,-0.03886582,1.02099824
1591008892.80263519,0.36026499,-0.04382510,1.03666532
1591008892.81422186,0.37110913,-0.04541349,1.05713379
1591008892.82658577,0.38057643,-0.04908777,1.06244051
1591008892.83817124,0.37352583,-0.05589774,1.05410147
1591008892.85053396,0.32811809,-0.06381217,1.08417249
1591008892.86209202,0.31440517,-0.07326044,1.13370097
1591008892.87447381,0.30574507,-0.07555440,1.16276109
1591008892.88632107,0.28525460,-0.06864555,1.16478264
1591008892.89849138,0.28175890,-0.05419384,1.14810467
1591008892.91007614,0.29204512,-0.03629616,1.10792589
1591008892.92269564,0.29909125,-0.02933945,1.06420934
1591008892.93426466,0.30957276,-0.03970431,1.02756834
1591008892.94659972,0.32611468,-0.01576684,0.96515220
1591008892.95819592,0.30941913,0.03094207,0.94266218
1591008892.97055674,0.28043172,0.07035342,0.97020614
1591008892.98211718,0.27134144,0.08273606,1.00533092
1591008892.99445915,0.26562327,0.09504715,1.02832639
1591008893.00627375,0.25378188,0.10759346,1.04247737
1591008893.01860118,0.26510292,0.10305689,1.03236961
1591008893.03030610,0.28834641,0.09158087,1.00735259
1591008893.04269767,0.30791226,0.09184004,0.96666837
1591008893.05426145,0.32719737,0.10135986,0.92926925
1591008893.06660604,0.33541283,0.11964609,0.89085931
1591008893.07819128,0.34136844,0.13869232,0.87872994
1591008893.09055328,0.29816827,0.15855645,0.90526307
1591008893.10215807,0.24751464,0.15879820,0.97702897
1591008893.11454201,0.23088035,0.13620707,1.03691816
1591008893.12611628,0.22689131,0.12618627,1.06117702
1591008893.13853931,0.23468009,0.13427788,1.04576254
1591008893.15011120,0.24836123,0.14555305,0.99825549
1591008893.16246390,0.27105778,0.14772442,0.93558663
1591008893.17435169,0.28731832,0.14889710,0.87797183
1591008893.18647265,0.30071023,0.15626620,0.84006733
1591008893.19818234,0.30360773,0.17077924,0.83122295
1591008893.21055818,0.30090946,0.18295404,0.83880383
1591008893.22211409,0.28485924,0.19410628,0.86533695
1591008893.23445964,0.26524433,0.19504350,0.88833237
1591008893.24629378,0.27353081,0.18205400,0.90930617
1591008893.25865698,0.28955427,0.17274225,0.90248340
1591008893.27023244,0.28735575,0.17910919,0.89212286
1591008893.28259158,0.28190497,0.19232020,0.88049877
1591008893.29416156,0.27683306,0.20123316,0.89919835
1591008893.30657601,0.26945925,0.20038438,0.91941404
1591008893.31816292,0.26244125,0.19437873,0.93204898
1591008893.33052778,0.25075817,0.19149524,0.92269915
1591008893.34211135,0.24519858,0.19334264,0.91537094
1591008893.35447145,0.23950517,0.20208178,0.91486555
1591008893.36629605,0.23794812,0.20381662,0.93204898
1591008893.37866616,0.23065385,0.20575596,0.94544184
1591008893.39024687,0.22010595,0.20805660,0.96110904
1591008893.40263724,0.21507734,0.20946424,0.96641570
1591008893.41423249,0.21678662,0.21769558,0.96186709
1591008893.42658019,0.22372299,0.23020107,0.94089335
1591008893.43815207,0.23546532,0.23696008,0.90981162
1591008893.45089126,0.24712870,0.23984367,0.88327843
1591008893.46225858,0.25171721,0.24575731,0.86786395
1591008893.47478986,0.24020803,0.24846351,0.88049877
1591008893.48609853,0.21965548,0.27289152,0.89869297
1591008893.49847031,0.21319461,0.28648421,0.91587639
1591008893.51021838,0.21557623,0.29539716,0.93457592
1591008893.52258444,0.21058553,0.32223836,0.94392568
1591008893.53416038,0.19734579,0.32733056,0.93028003
1591008893.54656434,0.18589658,0.32180560,0.91158050
1591008893.55816817,0.18820277,0.31551370,0.89363903
1591008893.57047296,0.18738124,0.31419474,0.87771910
1591008893.58210182,0.18603256,0.31550357,0.87140173
1591008893.59464669,0.19087073,0.32027879,0.86811662
1591008893.60627198,0.20091119,0.32920879,0.86407351
1591008893.61865544,0.20186129,0.33336708,0.85876685
1591008893.63024068,0.19675678,0.34147570,0.85649258
1591008893.64266181,0.18726832,0.34350029,0.86382079
1591008893.65423751,0.18518022,0.33831945,0.87013823
1591008893.66660190,0.18067759,0.33558252,0.86255735
1591008893.67820477,0.17033902,0.33400786,0.86483163
1591008893.69055820,0.16517508,0.32844192,0.86483163
1591008893.70213556,0.17156339,0.32482556,0.86457884
1591008893.71448374,0.17129391,0.33079714,0.86154652
1591008893.72607589,0.17500582,0.33625397,0.86356813
1591008893.73868012,0.18318406,0.33781844,0.85699797
1591008893.75025392,0.18056026,0.34047356,0.86609507
1591008893.76261544,0.17263937,0.34095079,0.85725069
1591008893.77419615,0.17365232,0.34493181,0.85522908
1591008893.78656316,0.17238614,0.34731087,0.85598725
1591008893.79811716,0.16691446,0.35281885,0.86154652
1591008893.81050348,0.16211870,0.35745084,0.86988556
1591008893.82207370,0.15478225,0.36965978,0.86786395
1591008893.83469915,0.15460604,0.37449974,0.86786395
1591008893.84631705,0.16056857,0.38055310,0.86331534
1591008893.85869622,0.15915003,0.38640189,0.86255735
1591008893.87026691,0.15683290,0.39486840,0.86710584
1591008893.88259482,0.15268362,0.40106827,0.86432618
1591008893.89416552,0.15178661,0.40042409,0.86281002
1591008893.90657234,0.14884634,0.40462327,0.85674530
1591008893.91815710,0.15404613,0.40446988,0.86407351
1591008893.93054032,0.16184619,0.40433356,0.86660045
1591008893.94210219,0.16376072,0.40397906,0.87317055
1591008893.95471144,0.16008171,0.40923142,0.86104119
1591008893.96629596,0.15633324,0.42401707,0.86508429
1591008893.97864580,0.14201766,0.43507737,0.87089628
1591008893.99020553,0.12499951,0.43148151,0.87923527
1591008894.00255990,0.10309157,0.42735389,0.87948799
1591008894.01418209,0.09394081,0.42212874,0.89111209
1591008894.02654409,0.08882327,0.41838628,0.89768219
1591008894.03810453,0.08336666,0.42276606,0.90172529
1591008894.05045605,0.07336691,0.43016911,0.90804273
1591008894.06228185,0.05720872,0.44246665,0.91334939
1591008894.07461596,0.04970582,0.44846886,0.92320448
1591008894.08618045,0.03823406,0.45321333,0.92497343
1591008894.09855223,0.03454320,0.46284214,0.92143565
1591008894.11014938,0.03571121,0.46527237,0.90779001
1591008894.12253451,0.03768709,0.46927723,0.90981162
1591008894.13410330,0.03760719,0.46149588,0.90602118
1591008894.14670610,0.03875464,0.44281432,0.91587639
1591008894.15828896,0.03679805,0.41910532,0.94266218
1591008894.17065072,0.02582948,0.42500862,0.95883477
1591008894.18221879,0.01879738,0.45104209,0.95175928
1591008894.19456387,0.01939885,0.47198001,0.92699498
1591008894.20612955,0.03805572,0.47469661,0.90804273
1591008894.21855617,0.05165854,0.46874210,0.90627384
1591008894.23017454,0.06047380,0.44986293,0.91082245
1591008894.24256516,0.06628680,0.42821953,0.90829539
1591008894.25413728,0.07450365,0.40391758,0.90121990
1591008894.26663828,0.07708201,0.38127893,0.89919835
1591008894.27825284,0.06534418,0.36584902,0.92952198
1591008894.29059339,0.06606767,0.33889183,0.94923228
1591008894.30215144,0.07547189,0.31571800,0.96161443
1591008894.31464100,0.07268342,0.31017932,0.96110904
1591008894.32625365,0.06967634,0.31478414,0.95201200
1591008894.33860278,0.07728077,0.30849561,0.94746345
1591008894.35017800,0.08494772,0.29337254,0.94518918
1591008894.36255622,0.09081146,0.27956510,0.92750037
1591008894.37412548,0.10103205,0.26502490,0.91890872
1591008894.38665342,0.10796744,0.24661946,0.91916138
1591008894.39816642,0.11076710,0.22552818,0.93331242
1591008894.41056204,0.10668887,0.20663878,0.93356514
1591008894.42229795,0.11305240,0.19188370,0.96035093
1591008894.43468976,0.10831593,0.17213866,0.98991644
1591008894.44625425,0.10302112,0.14598930,1.00811064
1591008894.45859313,0.09759977,0.12733506,1.01746047
1591008894.47024202,0.09686053,0.10740948,1.01897657
1591008894.48275137,0.09697008,0.08953923,1.00482559
1591008894.49430013,0.10314053,0.07787912,0.99219084
1591008894.50659919,0.11453980,0.06598377,0.98840034
1591008894.51825809,0.12763989,0.06755504,0.99067461
1591008894.53063965,0.12527892,0.07484223,0.99016917
1591008894.54222631,0.11155005,0.08226570,1.00507832
1591008894.55459070,0.09441765,0.08311775,1.01619697
1591008894.56621718,0.08216304,0.07783125,1.03792882
1591008894.57868099,0.07596047,0.07530557,1.05334342
1591008894.59024835,0.07509662,0.07437842,1.07052684
1591008894.60264659,0.07549618,0.07775617,1.06623089
1591008894.61424088,0.08450989,0.08293360,1.04652059
1591008894.62650847,0.10094261,0.08191121,1.01164842
1591008894.63809466,0.11999509,0.07352316,0.99219084
1591008894.65045786,0.13523091,0.05913290,0.98081946
1591008894.66230607,0.12965445,0.05798772,0.96616298
1591008894.67467666,0.13221197,0.06200628,0.94999039
1591008894.68624401,0.15059541,0.05621205,0.93179619
1591008894.69859338,0.14900473,0.04954527,0.91183317
1591008894.71017933,0.17460722,0.04009723,0.88959581
1591008894.72255898,0.17347696,0.03365191,0.89692402
1591008894.73415780,0.18681192,0.00340221,0.91486555
1591008894.74653983,0.19571534,-0.02156102,0.92901653
1591008894.75809836,0.18172958,-0.03566851,0.95277005
1591008894.77070642,0.16659617,-0.05077125,0.97702897
1591008894.78226089,0.15702733,-0.07139908,1.01847124
1591008894.79459429,0.13504446,-0.08978215,1.05359614
1591008894.80619335,0.12253004,-0.10415998,1.09301686
1591008894.81856108,0.11851881,-0.11392859,1.11651766
1591008894.83010197,0.11890045,-0.11601529,1.09958696
1591008894.84245896,0.13858356,-0.10745142,1.06597829
1591008894.85410142,0.15686789,-0.10677461,1.02099824
1591008894.86670756,0.17537203,-0.10582036,0.98941112
1591008894.87826228,0.17614025,-0.10950261,0.97424924
1591008894.89060473,0.18186200,-0.12256250,0.98460984
1591008894.90217853,0.17444915,-0.13776332,1.00684726
1591008894.91461563,0.15570018,-0.15030953,1.01695514
1591008894.92629957,0.14586231,-0.14806841,1.02175629
1591008894.93868399,0.17799839,-0.07049224,0.95681316
1591008894.95025182,0.14756653,-0.05010310,0.94670534
1591008894.96260452,0.11635719,-0.09078316,0.97020614
1591008894.97417116,0.11792000,-0.14886428,0.99016917
1591008894.98654079,0.12409785,-0.17448434,0.98309362
1591008894.99809623,0.14141494,-0.19491333,0.95858210
1591008895.01070690,0.12494209,-0.19761817,0.94847423
1591008895.02226591,0.13552843,-0.22631091,0.96591032
1591008895.03459454,0.13678585,-0.25072145,0.98738956
1591008895.04616451,0.12908846,-0.27353188,1.01164842
1591008895.05854082,0.11796270,-0.27769578,1.01468074
1591008895.07009578,0.12742157,-0.28256881,1.01695514
1591008895.08269310,0.14916761,-0.28257358,0.99850821
1591008895.09426689,0.15878037,-0.27997369,0.97349119
1591008895.10659218,0.16297409,-0.28031024,0.95656049
1591008895.11817002,0.16708642,-0.28350151,0.94619995
1591008895.13062835,0.16932458,-0.28577909,0.93280703
1591008895.14220905,0.17311290,-0.28957039,0.91966683
1591008895.15456939,0.17316040,-0.29194787,0.91739255
1591008895.16615438,0.16287977,-0.29591611,0.93533397
1591008895.17853236,0.14568761,-0.30881670,0.96591032
1591008895.19009304,0.12579054,-0.32788131,0.99951899
1591008895.20246577,0.12027627,-0.34204558,1.03034794
1591008895.21430945,0.11484054,-0.34583217,1.03565466
1591008895.22670817,0.11476859,-0.33626330,1.03439116
1591008895.23811293,0.12146017,-0.32912204,1.02251434
1591008895.25048757,0.12752511,-0.31903523,0.99775004
1591008895.26207685,0.13513871,-0.32739520,0.97197509
1591008895.27470350,0.13334024,-0.35327908,0.95125389
1591008895.28631663,0.12507838,-0.39614594,0.93482864
1591008895.29868436,0.11949041,-0.42782554,0.92421532
1591008895.31026912,0.12621970,-0.42454803,0.92370993
1591008895.32277226,0.14154227,-0.39167747,0.93078548
1591008895.33433223,0.15112887,-0.35765207,0.95352817
1591008895.34650993,0.15185964,-0.35646099,0.96388870
1591008895.35809660,0.15182684,-0.38334477,0.95706594
1591008895.37071133,0.15245014,-0.44045785,0.95908749
1591008895.38229918,0.10646151,-0.45409989,0.94316757
1591008895.39465570,0.08491632,-0.44008082,0.93356514
1591008895.40631127,0.09431349,-0.41208360,0.91511822
1591008895.41861606,0.10501868,-0.39377794,0.90020913
1591008895.43014097,0.11243056,-0.40543777,0.90779001
1591008895.44270945,0.09494844,-0.42234308,0.94771612
1591008895.45408487,0.08799028,-0.44976270,0.98789489
1591008895.46646833,0.09124400,-0.46331838,0.97500741
1591008895.47814989,0.08830708,-0.48559752,0.94771612
1591008895.49054885,0.10555771,-0.49092096,0.91663444
1591008895.50212717,0.09779184,-0.46956974,0.89161742
1591008895.51449013,0.08119392,-0.45442298,0.91208589
1591008895.52608681,0.06789736,-0.44174895,0.94594729
1591008895.53857732,0.07889190,-0.43895328,0.94973773
1591008895.55019975,0.08785620,-0.43727148,0.93710291
1591008895.56256413,0.09677419,-0.44039473,0.91158050
1591008895.57420802,0.08934531,-0.44455895,0.88681620
1591008895.58658433,0.08011621,-0.46332848,0.88252038
1591008895.59815884,0.08030446,-0.49812612,0.90652657
1591008895.61051369,0.06456292,-0.50956750,0.93786097
1591008895.62209654,0.07179728,-0.50148940,0.95959288
1591008895.63449931,0.06342359,-0.49244308,0.97728169
1591008895.64610362,0.06704234,-0.50029796,0.99775004
1591008895.65846205,0.06830192,-0.51518077,1.00482559
1591008895.67030692,0.07639831,-0.52030414,0.97930324
1591008895.68268251,0.08120066,-0.51624501,0.95504433
1591008895.69425821,0.08968341,-0.52599114,0.95959288
1591008895.70659447,0.10049477,-0.54073769,0.95024312
1591008895.71816325,0.09827766,-0.54979324,0.92345726
1591008895.73052502,0.08852208,-0.55541188,0.91638172
1591008895.74217725,0.07940926,-0.55039316,0.93457592
1591008895.75460076,0.08558021,-0.53600550,0.95984560
1591008895.76620436,0.11367649,-0.52240908,0.95807666
1591008895.77855563,0.12157020,-0.47441074,0.91183317
1591008895.79013872,0.11960940,-0.44661379,0.87392867
1591008895.80248117,0.11722809,-0.44555935,0.85901958
1591008895.81431746,0.10332532,-0.46992913,0.86584234
1591008895.82668781,0.10285136,-0.50768167,0.87974072
1591008895.83831835,0.10014759,-0.51822293,0.90829539
1591008895.85047531,0.09539834,-0.50465369,0.92093033
1591008895.86231303,0.08264266,-0.49653468,0.94190407
1591008895.87468076,0.06794715,-0.51154447,0.97450197
1591008895.88625431,0.06766273,-0.54074651,0.98284101
1591008895.89859295,0.05913511,-0.56940305,0.98107207
1591008895.91011310,0.04749587,-0.59948707,0.96868998
1591008895.92249346,0.03736973,-0.63563520,0.96211988
1591008895.93409252,0.02932814,-0.67037380,0.97576547
1591008895.94658327,0.02241853,-0.69108868,0.99825549
1591008895.95821953,0.01579096,-0.69796175,1.01442814
1591008895.97057486,-0.00076014,-0.68692869,1.04626787
1591008895.98224235,0.01108439,-0.66566789,1.06926334
1591008895.99461222,0.03435603,-0.62544709,1.05132174
1591008896.00619769,0.04325286,-0.57153016,1.00659442
1591008896.01855278,0.06751093,-0.53386885,0.97121692
1591008896.03011274,0.09120554,-0.51351798,0.91840333
1591008896.04249573,0.11634964,-0.49596742,0.85725069
1591008896.05410385,0.12849446,-0.47712559,0.82313663
1591008896.06646347,0.14900257,-0.47537547,0.82313663
1591008896.07829499,0.15280619,-0.46501979,0.85826147
1591008896.09063673,0.15559193,-0.44960463,0.89692402
1591008896.10221100,0.15962556,-0.42481169,0.92396265
1591008896.11457324,0.16533738,-0.40761515,0.91107512
1591008896.12614393,0.17859548,-0.41434771,0.88757432
1591008896.13849521,0.19181287,-0.43812698,0.86028302
1591008896.15014219,0.19993407,-0.46087414,0.85093325
1591008896.16256094,0.20745194,-0.47535706,0.84133077
1591008896.17412996,0.22074145,-0.47163406,0.84183615
1591008896.18655682,0.22716501,-0.44203195,0.84461582
1591008896.19813609,0.23229888,-0.41187513,0.86028302
1591008896.21047807,0.22927570,-0.39380983,0.89616603
1591008896.22231984,0.22611779,-0.40205994,0.93786097
1591008896.23469281,0.22151452,-0.42120647,0.95908749
1591008896.24651313,0.21461904,-0.42238823,0.97172225
1591008896.25864506,0.21091533,-0.41109654,0.97096431
1591008896.27013540,0.21084452,-0.39726821,0.97879779
1591008896.28249216,0.21441069,-0.38164440,0.97652352
1591008896.29417658,0.20499316,-0.36331594,0.97045887
1591008896.30658579,0.20302743,-0.36393884,0.95883477
1591008896.31817627,0.19897947,-0.35694736,0.96363604
1591008896.33056307,0.19460350,-0.33915967,0.97222769
1591008896.34211969,0.19771987,-0.33011782,0.99926627
1591008896.35474515,0.19390678,-0.32266709,1.01872396
1591008896.36634994,0.19389129,-0.31342530,1.03742349
1591008896.37868166,0.19581825,-0.30405653,1.03060067
1591008896.39029241,0.18592614,-0.28764179,1.02756834
1591008896.40246630,0.20201701,-0.28537339,1.03186417
1591008896.41414094,0.21413258,-0.28243247,1.01442814
1591008896.42657876,0.23870787,-0.27527758,1.00229859
1591008896.43815947,0.27132022,-0.27504152,0.97475469
1591008896.45061946,0.28943437,-0.26468661,0.94038790
1591008896.46221328,0.29637301,-0.24786758,0.91132778
1591008896.47457647,0.29557583,-0.23395316,0.89439708
1591008896.48615122,0.31287301,-0.22863922,0.88858509
1591008896.49858475,0.31508076,-0.21120173,0.88049877
1591008896.51018810,0.31627825,-0.19293220,0.88479465
1591008896.52255797,0.31579039,-0.17989039,0.88403654
1591008896.53420186,0.30348423,-0.16821662,0.90399957
1591008896.54657722,0.29763335,-0.16247508,0.92269915
1591008896.55831790,0.29493579,-0.15660182,0.93432319
1591008896.57046151,0.27599412,-0.14095519,0.94089335
1591008896.58228731,0.26585808,-0.12575850,0.95580244
1591008896.59470654,0.24834302,-0.11189371,0.97222769
1591008896.60628796,0.25218850,-0.11909856,0.98991644
1591008896.61864090,0.25644389,-0.12157147,0.98941112
1591008896.63021731,0.25723514,-0.11662580,0.97652352
1591008896.64257741,0.25379044,-0.10926178,0.96515220
1591008896.65420294,0.25439259,-0.12329908,0.97045887
1591008896.66656375,0.25282601,-0.13839541,0.98612607
1591008896.67812085,0.23899260,-0.14019072,1.01013219
1591008896.69048977,0.23581308,-0.13531291,1.02630484
1591008896.70232654,0.23540688,-0.12272564,1.02933717
1591008896.71470284,0.24480498,-0.12322123,1.01998746
1591008896.72626710,0.25566110,-0.11403432,1.01190114
1591008896.73861861,0.26098344,-0.10168357,1.00078249
1591008896.75019526,0.25878432,-0.08055742,1.00432026
1591008896.76258397,0.25811824,-0.07232615,1.01771307
1591008896.77417016,0.26424181,-0.08597007,1.03287494
1591008896.78654766,0.27659193,-0.10394262,1.01948202
1591008896.79809904,0.28943121,-0.11364351,1.00002432
1591008896.81046557,0.31402186,-0.11191638,0.97728169
1591008896.82230830,0.33845660,-0.11171202,0.95959288
1591008896.83469009,0.36142504,-0.11337146,0.93937713
1591008896.84630322,0.37295818,-0.12134935,0.93432319
1591008896.85868835,0.38494733,-0.11597627,0.93204898
1591008896.87025189,0.39153445,-0.08907886,0.93861908
1591008896.88261127,0.38825598,-0.05727442,0.95403355
1591008896.89418936,0.38459185,-0.03729780,0.97399664
1591008896.90655351,0.37815294,-0.04759801,0.97652352
1591008896.91812277,0.39442796,-0.07471874,0.98132479
1591008896.93047094,0.40230903,-0.08395895,0.98663139
1591008896.94229841,0.40807912,-0.08080958,0.98208296
1591008896.95479679,0.41758344,-0.08008353,0.96414143
1591008896.96614289,0.42506406,-0.08062200,0.94721073
1591008896.97848725,0.42748675,-0.08379662,0.94266218
1591008896.99030972,0.43994716,-0.08648308,0.95074850
1591008897.00268793,0.45491067,-0.09112893,0.94417834
1591008897.01425076,0.44875214,-0.09680213,0.93811363
1591008897.02658606,0.43384227,-0.11036666,0.94392568
1591008897.03817081,0.41742262,-0.12337185,0.96717381
1591008897.05053782,0.41104069,-0.12835856,0.96692115
1591008897.06214118,0.40874526,-0.12418103,0.96363604
1591008897.07462549,0.41945043,-0.11883095,0.93861908
1591008897.08624458,0.43125156,-0.10788058,0.90248340
1591008897.09861135,0.43665650,-0.08690210,0.87974072
1591008897.11021996,0.44116136,-0.07380494,0.87468678
1591008897.12260199,0.44740322,-0.06142898,0.86508429
1591008897.13418555,0.45081380,-0.05922031,0.86003035
1591008897.14655948,0.45560017,-0.06252304,0.85396564
1591008897.15819216,0.44517472,-0.05646975,0.86735857
1591008897.17047834,0.44474986,-0.05024942,0.87317055
1591008897.18233728,0.45187995,-0.05169798,0.86862206
1591008897.19475198,0.45267341,-0.05249894,0.86104119
1591008897.20613456,0.46131644,-0.05571991,0.87140173
1591008897.21848798,0.45503387,-0.04523571,0.89237553
1591008897.23031330,0.44867960,-0.03064099,0.91789788
1591008897.24268436,0.44991484,-0.02362307,0.91789788
1591008897.25425172,0.47066435,-0.02070542,0.89970374
1591008897.26649570,0.49258706,-0.02142450,0.87266517
1591008897.27810073,0.52241135,-0.02625754,0.84562659
1591008897.29069185,0.53416705,-0.02102899,0.82945400
1591008897.30232334,0.53796995,-0.01973720,0.82793784
