1590396413.97783303,2.01826035,-0.40617477,-0.08351400
1590396413.98945379,2.02123439,-0.40867757,-0.08354891
1590396414.00196505,2.02304953,-0.41243526,-0.08403935
1590396414.01358151,2.02345794,-0.41657868,-0.08524014
1590396414.02599478,2.02289420,-0.42006934,-0.08669574
1590396414.03738141,2.02137925,-0.42236619,-0.08789478
1590396414.04980731,2.01944194,-0.42280950,-0.08825083
1590396414.06143069,2.01762330,-0.42117064,-0.08759458
1590396414.07384014,2.01619213,-0.41766427,-0.08607266
1590396414.08545589,2.01588845,-0.41252428,-0.08396430
1590396414.09784746,2.01652898,-0.40636501,-0.08154178
1590396414.10944009,2.01797586,-0.40034013,-0.07926238
1590396414.12179685,2.02055022,-0.39483886,-0.07730936
1590396414.13344646,2.02367960,-0.39056280,-0.07613301
1590396414.14586711,2.02713709,-0.38757130,-0.07578220
1590396414.15744853,2.03046195,-0.38581376,-0.07605272
1590396414.16983151,2.03326145,-0.38523256,-0.07681369
1590396414.18140984,2.03531745,-0.38548564,-0.07746644
1590396414.19378710,2.03680971,-0.38600400,-0.07720464
1590396414.20541430,2.03788309,-0.38656949,-0.07585899
1590396414.21781039,2.03868594,-0.38701629,-0.07369827
1590396414.22941422,2.03946610,-0.38730427,-0.07123387
1590396414.24179745,2.04051155,-0.38740550,-0.06873630
1590396414.25346041,2.04180659,-0.38716115,-0.06651275
1590396414.26583457,2.04295676,-0.38666548,-0.06473950
1590396414.27743435,2.04430415,-0.38558512,-0.06337291
1590396414.28980875,2.04557824,-0.38412079,-0.06256133
1590396414.30139589,2.04669874,-0.38256919,-0.06228382
1590396414.31378865,2.04730088,-0.38132652,-0.06265383
1590396414.32541060,2.04735499,-0.38036484,-0.06365041
1590396414.33779764,2.04730786,-0.37938746,-0.06466968
1590396414.34942627,2.04721362,-0.37836120,-0.06541843
1590396414.36180973,2.04682441,-0.37741000,-0.06587396
1590396414.37343717,2.04621529,-0.37648148,-0.06584778
1590396414.38582706,2.04580339,-0.37551981,-0.06531546
1590396414.39741135,2.04562537,-0.37471870,-0.06448643
1590396414.40978861,2.04591858,-0.37428062,-0.06361900
1590396414.42137480,2.04635317,-0.37451973,-0.06299417
1590396414.43374276,2.04729216,-0.37506253,-0.06254562
1590396414.44559073,2.04852087,-0.37601548,-0.06226288
1590396414.45776844,2.04974609,-0.37725292,-0.06202551
1590396414.46935558,2.05088753,-0.37851130,-0.06188239
1590396414.48197794,2.05167119,-0.37932288,-0.06180734
1590396414.49357414,2.05241993,-0.37928099,-0.06166423
1590396414.50594354,2.05375162,-0.37851130,-0.06122790
1590396414.51753497,2.05565054,-0.37734193,-0.06045297
1590396414.52991414,2.05805735,-0.37606609,-0.05962568
1590396414.54151440,2.06099823,-0.37471172,-0.05890661
1590396414.55392122,2.06399670,-0.37358773,-0.05829225
1590396414.56551409,2.06710688,-0.37269237,-0.05766219
1590396414.57790446,2.06996747,-0.37196632,-0.05695707
1590396414.58947849,2.07252438,-0.37145668,-0.05633399
1590396414.60187173,2.07516856,-0.37109889,-0.05571789
1590396414.61347222,2.07777433,-0.37095053,-0.05505816
1590396414.62584448,2.08054941,-0.37086327,-0.05433559
1590396414.63742280,2.08324768,-0.37090516,-0.05370553
1590396414.64979959,2.08573827,-0.37091563,-0.05296027
1590396414.66142273,2.08811017,-0.37077600,-0.05199510
1590396414.67383170,2.09045066,-0.37025589,-0.05067214
1590396414.68544531,2.09311578,-0.36918601,-0.04895998
1590396414.69782138,2.09510545,-0.36801489,-0.04716229
1590396414.70940852,2.09732376,-0.36606885,-0.04495270
1590396414.72180319,2.09938151,-0.36393780,-0.04266806
1590396414.73346710,2.10128915,-0.36185562,-0.04038343
1590396414.74584293,2.10369073,-0.35990260,-0.03789982
1590396414.75746298,2.10647627,-0.35833704,-0.03531150
1590396414.76987910,2.10884119,-0.35734569,-0.03303210
1590396414.78144836,2.11098097,-0.35672610,-0.03118554
1590396414.79382992,2.11324989,-0.35641369,-0.02991320
1590396414.80540991,2.11578935,-0.35611524,-0.02887298
1590396414.81778455,2.11853999,-0.35579584,-0.02782404
1590396414.82935381,2.12107770,-0.35572603,-0.02663547
1590396414.84172106,2.12382659,-0.35598259,-0.02535265
1590396414.85335469,2.12668020,-0.35659520,-0.02401224
1590396414.86575460,2.12874667,-0.35760575,-0.02290396
1590396414.87732506,2.13047629,-0.35886936,-0.02204176
1590396414.88969326,2.13302622,-0.36054663,-0.02138552
1590396414.90152264,2.13611196,-0.36242460,-0.02119877
1590396414.91389370,2.13897605,-0.36441079,-0.02127731
1590396414.92546749,2.14170749,-0.36643537,-0.02141694
1590396414.93782210,2.14431326,-0.36851056,-0.02138726
1590396414.94940472,2.14682130,-0.37056307,-0.02115688
1590396414.96180868,2.14965223,-0.37236251,-0.02075196
1590396414.97344756,2.15251457,-0.37399264,-0.02034879
1590396414.98583961,2.15491963,-0.37523008,-0.01992642
1590396414.99743128,2.15677666,-0.37624237,-0.01948835
1590396415.00981879,2.15924281,-0.37690036,-0.01881814
1590396415.02140784,2.16214180,-0.37743443,-0.01794198
1590396415.03378820,2.16441597,-0.37805926,-0.01688257
1590396415.04539108,2.16643531,-0.37834549,-0.01560150
1590396415.05775118,2.16895208,-0.37839087,-0.01418953
1590396415.06938267,2.17182314,-0.37821983,-0.01236915
1590396415.08175826,2.17358942,-0.37805751,-0.01032537
1590396415.09338546,2.17509040,-0.37746236,-0.00796219
1590396415.10573721,2.17665596,-0.37663682,-0.00549604
1590396415.11732221,2.17861597,-0.37564023,-0.00318523
1590396415.12968683,2.18006284,-0.37503460,-0.00137183
1590396415.14153004,2.18165458,-0.37431378,-0.00013090
1590396415.15390706,2.18318524,-0.37391236,0.00064926
1590396415.16548991,2.18465131,-0.37415321,0.00125838
1590396415.17784715,2.18585908,-0.37524579,0.00179769
1590396415.18943930,2.18668113,-0.37751297,0.00260752
1590396415.20181131,2.18715586,-0.38099141,0.00394444
1590396415.21345448,2.18703194,-0.38547691,0.00539481
1590396415.22583604,2.18629018,-0.39052440,0.00657815
1590396415.23741937,2.18479094,-0.39586511,0.00744034
1590396415.24979067,2.18273843,-0.40083581,0.00797965
1590396415.26138020,2.18010473,-0.40529163,0.00795696
1590396415.27378416,2.17845365,-0.40878753,0.00752586
1590396415.28540874,2.17750594,-0.41160623,0.00704066
1590396415.29778194,2.17670308,-0.41396766,0.00668287
1590396415.30937147,2.17566461,-0.41640065,0.00651357
1590396415.32172227,2.17507993,-0.41890869,0.00680853
1590396415.33332634,2.17474483,-0.42147258,0.00725184
1590396415.34571004,2.17508866,-0.42371009,0.00767596
1590396415.35729313,2.17593165,-0.42549207,0.00794823
1590396415.36967683,2.17657218,-0.42668937,0.00793950
1590396415.38127112,2.17688460,-0.42748000,0.00779988
1590396415.39364409,2.17688285,-0.42783081,0.00772832
1590396415.40547800,2.17673450,-0.42791983,0.00780686
1590396415.41783357,2.17685667,-0.42778020,0.00807215
1590396415.42933726,2.17717083,-0.42737005,0.00856259
1590396415.44174600,2.17705215,-0.42666668,0.00933577
1590396415.45340300,2.17658615,-0.42573816,0.01031839
1590396415.46579218,2.17725286,-0.42435237,0.01165531
1590396415.47741771,2.17896154,-0.42266464,0.01301667
1590396415.48977995,2.18133868,-0.42102228,0.01391726
1590396415.50140452,2.18398111,-0.41973423,0.01428028
1590396415.51377988,2.18600569,-0.41869227,0.01418604
1590396415.52536607,2.18696911,-0.41812155,0.01375843
1590396415.53778124,2.18808787,-0.41780564,0.01335526
1590396415.54936504,2.18934625,-0.41753861,0.01319469
1590396415.56171560,2.19015259,-0.41705864,0.01340587
1590396415.57332993,2.19084723,-0.41629419,0.01391900
1590396415.58571148,2.19120852,-0.41544072,0.01450194
1590396415.59729791,2.19121724,-0.41476179,0.01506219
1590396415.60966945,2.19211434,-0.41429579,0.01564688
1590396415.62124276,2.19358915,-0.41415441,0.01603259
1590396415.63363075,2.19489465,-0.41435862,0.01610066
1590396415.64545894,2.19626997,-0.41452966,0.01595755
1590396415.65765572,2.19887924,-0.41449650,0.01571844
1590396415.66947889,2.20258108,-0.41418059,0.01549678
1590396415.68190789,2.20591641,-0.41371285,0.01541998
1590396415.69323182,2.20890441,-0.41318925,0.01555786
1590396415.70584774,2.21153986,-0.41269532,0.01573589
1590396415.71741557,2.21388034,-0.41220488,0.01582839
1590396415.72977734,2.21595903,-0.41177204,0.01575160
1590396415.74135327,2.21793300,-0.41126589,0.01557183
1590396415.75372910,2.21933450,-0.41065503,0.01529083
1590396415.76535273,2.22039566,-0.40990454,0.01495398
1590396415.77775049,2.22173607,-0.40904409,0.01470614
1590396415.78931761,2.22331734,-0.40824647,0.01463110
1590396415.80168056,2.22419524,-0.40787123,0.01479341
1590396415.81329632,2.22463506,-0.40784679,0.01530654
1590396415.82566953,2.22485497,-0.40820459,0.01628741
1590396415.83724713,2.22473629,-0.40893239,0.01771335
1590396415.84962583,2.22479738,-0.40967241,0.01929112
1590396415.86145687,2.22469266,-0.41023615,0.02037497
1590396415.87383080,2.22522324,-0.41003020,0.02064201
1590396415.88545179,2.22660728,-0.40881720,0.02016379
1590396415.89780450,2.22829851,-0.40671757,0.01941504
1590396415.90938306,2.23040512,-0.40414844,0.01869597
1590396415.92175627,2.23278575,-0.40158455,0.01821426
1590396415.93344355,2.23540898,-0.39933831,0.01808685
1590396415.94581819,2.23836382,-0.39778323,0.01810605
1590396415.95740151,2.24138150,-0.39689485,0.01803623
1590396415.96977711,2.24445851,-0.39658768,0.01788264
1590396415.98140502,2.24755298,-0.39652833,0.01759466
1590396415.99381733,2.25020239,-0.39655451,0.01735032
1590396416.00539875,2.25258826,-0.39658069,0.01725956
1590396416.01778698,2.25485718,-0.39650390,0.01739046
1590396416.02936220,2.25688002,-0.39642885,0.01755976
1590396416.04171181,2.25857997,-0.39645328,0.01770986
1590396416.05333090,2.25991689,-0.39669414,0.01782679
1590396416.06573272,2.26119622,-0.39721599,0.01796118
1590396416.07730770,2.26233766,-0.39803804,0.01815841
1590396416.08969235,2.26315797,-0.39909397,0.01835039
1590396416.10127497,2.26387530,-0.40011150,0.01857030
1590396416.11364985,2.26481254,-0.40090038,0.01887748
1590396416.12524533,2.26594002,-0.40134195,0.01907121
1590396416.13764286,2.26667830,-0.40145889,0.01922480
1590396416.14922857,2.26716699,-0.40123200,0.01932778
1590396416.16158295,2.26745846,-0.40073283,0.01932952
1590396416.17320013,2.26772201,-0.39999979,0.01937490
1590396416.18556833,2.26762252,-0.39928246,0.01967510
1590396416.19741249,2.26734850,-0.39866113,0.02013586
1590396416.20978785,2.26736072,-0.39850405,0.02073102
1590396416.22136807,2.26765743,-0.39868556,0.02124938
1590396416.23372316,2.26820895,-0.39913935,0.02159845
1590396416.24529338,2.26886171,-0.39972229,0.02169793
1590396416.25766492,2.26890359,-0.40023716,0.02163161
1590396416.26923823,2.26865401,-0.40044660,0.02146406
1590396416.28158069,2.26959823,-0.40038028,0.02151816
1590396416.29319811,2.27143258,-0.40024239,0.02177822
1590396416.30556870,2.27360900,-0.40010277,0.02218488
1590396416.31741190,2.27611704,-0.39987762,0.02262819
1590396416.32978296,2.27785015,-0.39976941,0.02279400
1590396416.34135008,2.27911028,-0.39971356,0.02291094
1590396416.35370088,2.28012082,-0.39965771,0.02296853
1590396416.36529279,2.28106854,-0.39957742,0.02308547
1590396416.37766409,2.28166020,-0.39946398,0.02328793
1590396416.38929176,2.28202323,-0.39926501,0.02356194
1590396416.40173864,2.28244909,-0.39907651,0.02386389
1590396416.41337872,2.28288892,-0.39894212,0.02406285
1590396416.42575049,2.28347884,-0.39888453,0.02409252
1590396416.43731642,2.28410890,-0.39894562,0.02410125
1590396416.44969654,2.28397102,-0.39914633,0.02411870
1590396416.46126366,2.28333747,-0.39940115,0.02413441
1590396416.47363758,2.28340553,-0.39963677,0.02416932
1590396416.48520160,2.28418570,-0.39975545,0.02427753
1590396416.49757719,2.28459585,-0.39984795,0.02442763
1590396416.50941086,2.28486637,-0.39982177,0.02463183
1590396416.52179217,2.28532191,-0.39987937,0.02485872
1590396416.53318095,2.28599909,-0.39989158,0.02502802
1590396416.54555488,2.28657331,-0.39979734,0.02522001
1590396416.55739856,2.28715625,-0.39955124,0.02542247
1590396416.56977248,2.28780900,-0.39933133,0.02557605
1590396416.58133531,2.28843034,-0.39927897,0.02554813
1590396416.59374523,2.28876893,-0.39929294,0.02540501
1590396416.60533571,2.28880733,-0.39936624,0.02522350
1590396416.61770272,2.28923493,-0.39945176,0.02512576
1590396416.62927341,2.28991910,-0.39949190,0.02514496
1590396416.64165902,2.29041652,-0.39936973,0.02508038
1590396416.65329838,2.29074988,-0.39916902,0.02490061
1590396416.66566896,2.29155971,-0.39913237,0.02464754
1590396416.67724252,2.29303452,-0.39913411,0.02452362
1590396416.68961954,2.29447267,-0.39928595,0.02463009
1590396416.70118904,2.29587068,-0.39951459,0.02472259
1590396416.71356034,2.29624767,-0.39984970,0.02469815
1590396416.72539139,2.29570312,-0.40014640,0.02442763
1590396416.73777056,2.29495438,-0.40010451,0.02397733
1590396416.74934936,2.29411138,-0.39982177,0.02362303
1590396416.76170993,2.29451979,-0.39939940,0.02362827
1590396416.77334261,2.29591082,-0.39898925,0.02385341
1590396416.78577495,2.29705575,-0.39883915,0.02415885
1590396416.79715228,2.29785511,-0.39894212,0.02436131
1590396416.80953813,2.29807328,-0.39922138,0.02451664
1590396416.82137442,2.29766313,-0.39953030,0.02450617
1590396416.83374381,2.29742402,-0.39971181,0.02455678
1590396416.84531522,2.29715175,-0.39976941,0.02463881
1590396416.85768676,2.29638206,-0.39973101,0.02470339
1590396416.86926603,2.29529646,-0.39960011,0.02474179
1590396416.88162279,2.29488282,-0.39924058,0.02484651
1590396416.89330173,2.29521094,-0.39872570,0.02508387
1590396416.90569210,2.29587242,-0.39831555,0.02533171
1590396416.91726995,2.29657928,-0.39811484,0.02530553
1590396416.92964458,2.29778530,-0.39808168,0.02493552
1590396416.94121242,2.29930374,-0.39812007,0.02436305
1590396416.95356774,2.30020956,-0.39815149,0.02380804
1590396416.96514487,2.30065288,-0.39818116,0.02342581
1590396416.97751451,2.30157441,-0.39826494,0.02319368
1590396416.98936772,2.30309110,-0.39829286,0.02303486
1590396417.00150013,2.30382414,-0.39841329,0.02277131
1590396417.01332736,2.30399693,-0.39848485,0.02247635
1590396417.02570200,2.30369324,-0.39850405,0.02205224
1590396417.03728485,2.30333196,-0.39823701,0.02167524
1590396417.04964685,2.30285199,-0.39785653,0.02145708
1590396417.06122208,2.30239297,-0.39750397,0.02146755
1590396417.07358623,2.30210674,-0.39744812,0.02155656
1590396417.08515501,2.30199678,-0.39757204,0.02151991
1590396417.09756374,2.30133356,-0.39783733,0.02120924
1590396417.10914636,2.30038584,-0.39797172,0.02077814
1590396417.12151074,2.29952190,-0.39787922,0.02038894
1590396417.13334703,2.29883773,-0.39752143,0.02003638
1590396417.14570498,2.29877316,-0.39700306,0.01983741
1590396417.15729737,2.29924614,-0.39646376,0.01972746
1590396417.16966105,2.29971738,-0.39610247,0.01964543
1590396417.18122768,2.29995649,-0.39607455,0.01956689
1590396417.19357753,2.29965979,-0.39620370,0.01942202
1590396417.20519304,2.29894245,-0.39633809,0.01917768
1590396417.21761322,2.29810993,-0.39652484,0.01891064
1590396417.22918391,2.29728788,-0.39657022,0.01877625
1590396417.24155426,2.29701910,-0.39649866,0.01881290
1590396417.25312567,2.29739260,-0.39631191,0.01893508
1590396417.26549983,2.29772945,-0.39626479,0.01906947
1590396417.27733779,2.29799649,-0.39641140,0.01912357
1590396417.28970146,2.29836126,-0.39664876,0.01911659
1590396417.30133319,2.29871207,-0.39691929,0.01910961
1590396417.31370425,2.29957601,-0.39691056,0.01909565
1590396417.32528257,2.30085010,-0.39671159,0.01912357
1590396417.33765054,2.30204390,-0.39634682,0.01908692
1590396417.34923315,2.30306143,-0.39607978,0.01909216
1590396417.36159778,2.30372466,-0.39603092,0.01922306
1590396417.37321925,2.30408070,-0.39611469,0.01935221
1590396417.38556933,2.30451529,-0.39620370,0.01939759
1590396417.39714456,2.30502318,-0.39625606,0.01923004
1590396417.40951586,2.30548569,-0.39622116,0.01905900
1590396417.42109871,2.30597962,-0.39606931,0.01896649
1590396417.43346405,2.30687498,-0.39586685,0.01901536
1590396417.44530487,2.30792566,-0.39584417,0.01903631
1590396417.45766306,2.30826949,-0.39595063,0.01910612
1590396417.46923804,2.30810020,-0.39613389,0.01923353
1590396417.48160219,2.30848592,-0.39632937,0.01942028
1590396417.49320316,2.30962562,-0.39638173,0.01987406
1590396417.50547242,2.31159784,-0.39629097,0.02047271
1590396417.51717758,2.31397323,-0.39627701,0.02094570
1590396417.52961731,2.31549167,-0.39653532,0.02120226
1590396417.54117966,2.31615140,-0.39702401,0.02122669
1590396417.55355000,2.31653537,-0.39752317,0.02090555
1590396417.56512952,2.31673958,-0.39794729,0.02044479
1590396417.57750607,2.31648301,-0.39820385,0.01998053
1590396417.58907437,2.31573078,-0.39844994,0.01954071
1590396417.60173512,2.31455268,-0.39856164,0.01906598
1590396417.61309195,2.31322972,-0.39836966,0.01858601
1590396417.62570143,2.31283004,-0.39791063,0.01808510
1590396417.63728094,2.31268343,-0.39761044,0.01732239
1590396417.64965200,2.31297665,-0.39717062,0.01670978
1590396417.66123509,2.31325241,-0.39676570,0.01598373
1590396417.67362142,2.31312500,-0.39637300,0.01534319
1590396417.68519807,2.31294349,-0.39579704,0.01495049
1590396417.69761848,2.31283178,-0.39528740,0.01467124
1590396417.70921516,2.31287542,-0.39471494,0.01444958
1590396417.72157454,2.31289287,-0.39403949,0.01421571
1590396417.73315740,2.31287716,-0.39322094,0.01386140
1590396417.74550581,2.31333793,-0.39221039,0.01357168
1590396417.75711846,2.31425946,-0.39115272,0.01353154
1590396417.76948881,2.31459806,-0.39036034,0.01367465
1590396417.78105569,2.31473943,-0.38967094,0.01376890
1590396417.79345441,2.31479877,-0.38927126,0.01370782
1590396417.80529785,2.31475688,-0.38912290,0.01356644
1590396417.81766343,2.31433800,-0.38924508,0.01337795
1590396417.82923913,2.31370619,-0.38945102,0.01325403
1590396417.84152770,2.31226455,-0.38975297,0.01306030
1590396417.85330367,2.31023823,-0.39020152,0.01308299
1590396417.86543989,2.30877215,-0.39071464,0.01330115
1590396417.87703538,2.30757660,-0.39147386,0.01365720
1590396417.88942480,2.30689243,-0.39221737,0.01421396
1590396417.90129828,2.30623619,-0.39310225,0.01463110
1590396417.91346836,2.30485738,-0.39404997,0.01489464
1590396417.92505264,2.30298813,-0.39486329,0.01504997
1590396417.93742514,2.30065986,-0.39553873,0.01506917
1590396417.94902277,2.29807503,-0.39604488,0.01511630
1590396417.96165490,2.29602950,-0.39632588,0.01516866
1590396417.97329426,2.29439762,-0.39644456,0.01524720
1590396417.98567080,2.29321777,-0.39645328,0.01536937
1590396417.99725366,2.29245856,-0.39636776,0.01552819
1590396418.00965381,2.29196986,-0.39619149,0.01561895
1590396418.02123356,2.29156146,-0.39603615,0.01555612
1590396418.03360224,2.29136249,-0.39592794,0.01545315
1590396418.04519653,2.29127697,-0.39574294,0.01527163
1590396418.05756354,2.29128744,-0.39547590,0.01513375
1590396418.06913590,2.29137820,-0.39510065,0.01497492
1590396418.08149815,2.29121239,-0.39463291,0.01486846
1590396418.09310508,2.29079351,-0.39416341,0.01490511
1590396418.10547876,2.29060153,-0.39375152,0.01513550
1590396418.11711812,2.29073941,-0.39335009,0.01558230
1590396418.12949514,2.29122461,-0.39297484,0.01605528
1590396418.14106369,2.29185467,-0.39269036,0.01640609
1590396418.15344691,2.29283206,-0.39249837,0.01668535
1590396418.16503549,2.29397525,-0.39232035,0.01674643
1590396418.17740226,2.29475366,-0.39207600,0.01657190
1590396418.18925929,2.29533835,-0.39177231,0.01641482
1590396418.20161963,2.29594747,-0.39148433,0.01628392
1590396418.21302629,2.29671541,-0.39115796,0.01637119
1590396418.22542548,2.29793016,-0.39084205,0.01663822
1590396418.23703623,2.29962313,-0.39038303,0.01695762
1590396418.24940562,2.30143304,-0.38983151,0.01723513
1590396418.26124001,2.30331625,-0.38933234,0.01747249
1590396418.27360654,2.30451006,-0.38890474,0.01747598
1590396418.28517914,2.30512092,-0.38859930,0.01729621
1590396418.29756117,2.30612972,-0.38827467,0.01699078
1590396418.30913997,2.30759056,-0.38779296,0.01665044
1590396418.32154703,2.30872503,-0.38717511,0.01641133
1590396418.33311605,2.30945457,-0.38654680,0.01612510
1590396418.34549141,2.31010558,-0.38602669,0.01588424
1590396418.35706210,2.31075659,-0.38557814,0.01572367
1590396418.36943507,2.31116674,-0.38517322,0.01555263
1590396418.38100028,2.31140585,-0.38478052,0.01538333
1590396418.39338946,2.31180379,-0.38436339,0.01499063
1590396418.40523195,2.31235182,-0.38384852,0.01447576
1590396418.41762209,2.31321750,-0.38326209,0.01397311
1590396418.42918801,2.31431881,-0.38256395,0.01358041
1590396418.44156575,2.31438513,-0.38174190,0.01333955
1590396418.45315599,2.31371143,-0.38071391,0.01331163
1590396418.46547723,2.31290683,-0.37956548,0.01328196
1590396418.47708201,2.31200275,-0.37838738,0.01327846
1590396418.48949194,2.31141109,-0.37715692,0.01331861
1590396418.50107193,2.31110391,-0.37585840,0.01354026
1590396418.51345158,2.31078626,-0.37443945,0.01381952
1590396418.52503467,2.31052620,-0.37283549,0.01401848
1590396418.53739977,2.31039880,-0.37107620,0.01408655
1590396418.54922557,2.31056111,-0.36907256,0.01423665
1590396418.56159234,2.31029757,-0.36712477,0.01458746
1590396418.57320404,2.30959594,-0.36524156,0.01526116
1590396418.58556056,2.30841785,-0.36332868,0.01627345
1590396418.59714341,2.30701460,-0.36113655,0.01750042
1590396418.60951734,2.30611401,-0.35846445,0.01887923
1590396418.62113667,2.30586967,-0.35533158,0.02044479
1590396418.63350916,2.30659747,-0.35184267,0.02205049
1590396418.64507627,2.30788552,-0.34847593,0.02359336
1590396418.65743518,2.30920499,-0.34536401,0.02514147
1590396418.66901302,2.31072168,-0.34242662,0.02678208
1590396418.68139076,2.31177935,-0.33966551,0.02844363
1590396418.69323754,2.31258220,-0.33699166,0.03012787
1590396418.70561147,2.31280910,-0.33441207,0.03164631
1590396418.71718121,2.31239720,-0.33187610,0.03281219
1590396418.72955847,2.31181775,-0.32935410,0.03377910
1590396418.74112034,2.31117721,-0.32684781,0.03475474
1590396418.75350094,2.31037087,-0.32464695,0.03596076
1590396418.76508880,2.30945806,-0.32283879,0.03750014
1590396418.77743721,2.30821190,-0.32163626,0.03948807
1590396418.78902030,2.30669172,-0.32094685,0.04161039
1590396418.80137968,2.30549966,-0.32070774,0.04355993
1590396418.81320453,2.30473869,-0.32082119,0.04535936
1590396418.82541180,2.30371244,-0.32136398,0.04717625
1590396418.83701086,2.30233363,-0.32246878,0.04895299
1590396418.84943104,2.30108048,-0.32390693,0.05067913
1590396418.86102295,2.29978719,-0.32555452,0.05239129
1590396418.87338924,2.29863004,-0.32733650,0.05430592
1590396418.88498449,2.29746765,-0.32938028,0.05625720
1590396418.89739227,2.29597889,-0.33171204,0.05803220
1590396418.90898561,2.29420912,-0.33435971,0.05965710
1590396418.92135525,2.29251615,-0.33712954,0.06093992
1590396418.93319440,2.29093139,-0.33981910,0.06162758
1590396418.94556332,2.28973584,-0.34225208,0.06172880
1590396418.95713067,2.28865548,-0.34431855,0.06103242
1590396418.96960163,2.28801669,-0.34596789,0.05955762
1590396418.98121071,2.28737616,-0.34764166,0.05752431
1590396418.99362612,2.28553833,-0.34962610,0.05521873
1590396419.00516939,2.28253985,-0.35195088,0.05302310
1590396419.01755953,2.27933368,-0.35444321,0.05119574
1590396419.02917004,2.27605421,-0.35668945,0.04971745
1590396419.04153514,2.27281313,-0.35823232,0.04837704
1590396419.05312490,2.26986178,-0.35872276,0.04715007
1590396419.06556964,2.26710416,-0.35776283,0.04554786
1590396419.07717180,2.26521048,-0.35502615,0.04355818
1590396419.08954763,2.26522269,-0.35048131,0.04173431
1590396419.10113502,2.26693486,-0.34491720,0.04031187
1590396419.11350298,2.26996475,-0.33937055,0.03954916
1590396419.12515998,2.27398076,-0.33449759,0.03951774
1590396419.13754725,2.27847498,-0.33062819,0.04008149
1590396419.14913249,2.28295175,-0.32788803,0.04078834
1590396419.16149378,2.28683860,-0.32566448,0.04138176
1590396419.17308116,2.29024548,-0.32333795,0.04170988
1590396419.18544436,2.29384958,-0.32045641,0.04141143
1590396419.19703531,2.29756190,-0.31707920,0.04045150
1590396419.20941019,2.30135625,-0.31368454,0.03892608
1590396419.22101808,2.30535829,-0.31081871,0.03723311
1590396419.23339653,2.30974255,-0.30890757,0.03572689
1590396419.24498057,2.31395927,-0.30835255,0.03468842
1590396419.25734687,2.31738186,-0.30907687,0.03415958
1590396419.26892233,2.32017788,-0.31014152,0.03394491
1590396419.28155851,2.32303149,-0.31028114,0.03406359
1590396419.29318166,2.32612596,-0.30939277,0.03456450
1590396419.30555058,2.32903717,-0.30789179,0.03539702
1590396419.31713152,2.33207055,-0.30636986,0.03655767
1590396419.32953930,2.33559088,-0.30564206,0.03778638
1590396419.34111905,2.33944631,-0.30602080,0.03902207
1590396419.35348558,2.34423724,-0.30771551,0.04017050
1590396419.36506820,2.34936327,-0.31035968,0.04093146
1590396419.37744236,2.35340371,-0.31351524,0.04117930
1590396419.38900757,2.35647898,-0.31685754,0.04101873
1590396419.40137696,2.35976194,-0.32007244,0.04078311
1590396419.41295886,2.36329623,-0.32306568,0.04060159
1590396419.42532301,2.36754437,-0.32538348,0.04059112
1590396419.43690443,2.37113625,-0.32742900,0.04034154
1590396419.44929194,2.37450125,-0.32916735,0.03987379
1590396419.46113420,2.37716113,-0.33059852,0.03902556
1590396419.47350383,2.37972851,-0.33160732,0.03805690
1590396419.48506904,2.38283694,-0.33244508,0.03714061
1590396419.49742889,2.38623510,-0.33384134,0.03630285
1590396419.50900578,2.39011671,-0.33610329,0.03583859
1590396419.52137947,2.39535444,-0.33920998,0.03593458
1590396419.53304696,2.40221184,-0.34289786,0.03665191
1590396419.54543638,2.40950732,-0.34732750,0.03785096
1590396419.55702448,2.41694242,-0.35204862,0.03927689
1590396419.56938505,2.42380855,-0.35704201,0.04040437
1590396419.58096600,2.43006904,-0.36241238,0.04137128
1590396419.59353685,2.43468893,-0.36817546,0.04218635
1590396419.60493398,2.43875205,-0.37373259,0.04310091
1590396419.61730552,2.44404564,-0.37923736,0.04388107
1590396419.62891245,2.45048590,-0.38477005,0.04411843
1590396419.64126921,2.45573934,-0.39088219,0.04327893
1590396419.65311003,2.45946388,-0.39729977,0.04135558
1590396419.66549993,2.46300166,-0.40282897,0.03888768
1590396419.67714262,2.46543465,-0.40697238,0.03598694
1590396419.68952799,2.46676982,-0.40949089,0.03303734
1590396419.70108652,2.46725852,-0.41013143,0.02979626
1590396419.71344137,2.46747668,-0.40894810,0.02621659
1590396419.72502351,2.46750635,-0.40663205,0.02225993
1590396419.73741579,2.46657958,-0.40466331,0.01774127
1590396419.74899507,2.46438396,-0.40397914,0.01295209
1590396419.76137853,2.45989148,-0.40443991,0.00819432
1590396419.77296853,2.45377236,-0.40492511,0.00360061
1590396419.78534102,2.44514345,-0.40491115,-0.00107338
1590396419.79690051,2.43520380,-0.40359517,-0.00558331
1590396419.80926895,2.42557831,-0.40117789,-0.00934100
1590396419.82088184,2.41565786,-0.39913411,-0.01213178
1590396419.83330226,2.40425039,-0.39807993,-0.01388933
1590396419.84488988,2.39164911,-0.39774134,-0.01449496
1590396419.85727310,2.37912986,-0.39722298,-0.01451067
1590396419.86910748,2.36794928,-0.39580577,-0.01490162
1590396419.88147044,2.35766406,-0.39399063,-0.01660157
1590396419.89305019,2.34852726,-0.39270083,-0.01932603
1590396419.90542626,2.34078149,-0.39222435,-0.02198417
1590396419.91700387,2.33382111,-0.39262927,-0.02388309
1590396419.92937469,2.32619228,-0.39413200,-0.02480636
1590396419.94099331,2.31806079,-0.39592270,-0.02524444
1590396419.95351934,2.30972335,-0.39697863,-0.02563714
1590396419.96504283,2.30120266,-0.39691405,-0.02655344
1590396419.97744036,2.29261913,-0.39586511,-0.02810504
1590396419.98902702,2.28370399,-0.39452470,-0.02990622
1590396420.00138259,2.27489531,-0.39311272,-0.03100752
1590396420.01297879,2.26700817,-0.39182467,-0.03088360
1590396420.02535081,2.25984708,-0.39120333,-0.03002490
1590396420.03697562,2.25314152,-0.39099564,-0.02907719
1590396420.04934859,2.24753902,-0.39054884,-0.02829877
1590396420.06093311,2.24275507,-0.38971806,-0.02733709
1590396420.07331610,2.23796240,-0.38864643,-0.02608046
1590396420.08489299,2.23314180,-0.38755036,-0.02434211
1590396420.09726405,2.22827233,-0.38602320,-0.02249031
1590396420.10887861,2.22344475,-0.38392182,-0.02103122
1590396420.12127137,2.21991918,-0.38104726,-0.02006431
1590396420.13310480,2.21761709,-0.37753915,-0.01916372
1590396420.14528918,2.21671825,-0.37359122,-0.01792628
1590396420.15688038,2.21750888,-0.36906383,-0.01638341
1590396420.16926146,2.21954568,-0.36434446,-0.01477421
1590396420.18087816,2.22219160,-0.35990609,-0.01329766
1590396420.19330192,2.22496842,-0.35586914,-0.01167800
1590396420.20489621,2.22778364,-0.35229122,-0.01027126
1590396420.21726632,2.23087636,-0.34881976,-0.00953299
1590396420.22885513,2.23422041,-0.34479678,-0.00955393
1590396420.24125290,2.23790655,-0.34007915,-0.01012640
1590396420.25285077,2.24174802,-0.33481349,-0.01096765
1590396420.26547146,2.24599789,-0.32906787,-0.01215273
1590396420.27703333,2.25049037,-0.32268694,-0.01321563
1590396420.28940606,2.25439991,-0.31595870,-0.01338144
1590396420.30102015,2.25798132,-0.30903498,-0.01237613
1590396420.31338906,2.26141439,-0.30254061,-0.01023287
1590396420.32497525,2.26455598,-0.29664140,-0.00720472
1590396420.33733416,2.26775342,-0.29123611,-0.00374722
1590396420.34895301,2.27112191,-0.28601583,0.00007505
1590396420.36130738,2.27392316,-0.28065767,0.00382053
1590396420.37289238,2.27608388,-0.27445477,0.00705811
1590396420.38526702,2.27746443,-0.26707901,0.01036900
1590396420.39686871,2.27816955,-0.25843439,0.01443911
1590396420.40923023,2.27864777,-0.24943548,0.01913928
1590396420.42106390,2.27918184,-0.24085718,0.02312387
1590396420.43343973,2.27986252,-0.23322835,0.02514670
1590396420.44502115,2.28048909,-0.22681252,0.02470863
1590396420.45750141,2.28069678,-0.22131124,0.02202431
1590396420.46903229,2.28035993,-0.21613808,0.01800831
1590396420.48142457,2.27993931,-0.21102078,0.01414240
1590396420.49304104,2.27932844,-0.20581970,0.01091529
1590396420.50542378,2.27864428,-0.20056975,0.00838107
1590396420.51700020,2.27790949,-0.19542626,0.00587827
1590396420.52937913,2.27698796,-0.19064406,0.00295135
1590396420.54095769,2.27608213,-0.18627201,-0.00015882
1590396420.55337739,2.27502097,-0.18245672,-0.00321490
1590396420.56495905,2.27382542,-0.17935702,-0.00579100
1590396420.57731295,2.27301035,-0.17715092,-0.00760964
1590396420.58889771,2.27278870,-0.17585588,-0.00865509
1590396420.60126734,2.27333324,-0.17550333,-0.00859400
1590396420.61288142,2.27579764,-0.17621717,-0.00739496
1590396420.62527180,2.28053272,-0.17844246,-0.00589223
1590396420.63686728,2.28617188,-0.18212511,-0.00568454
1590396420.64926767,2.29077780,-0.18658093,-0.00805644
1590396420.66086841,2.29388100,-0.19050792,-0.01311440
1590396420.67323256,2.29512018,-0.19324984,-0.01944995
1590396420.68482757,2.29421785,-0.19478922,-0.02501580
1590396420.69718480,2.29260342,-0.19527965,-0.02788513
1590396420.70902085,2.29232591,-0.19470544,-0.02705086
1590396420.72138786,2.29349354,-0.19382579,-0.02353576
1590396420.73297453,2.29639427,-0.19326729,-0.01858427
1590396420.74533939,2.30083439,-0.19345753,-0.01379159
1590396420.75698519,2.30563928,-0.19450124,-0.01075297
1590396420.76935339,2.30972510,-0.19608425,-0.00993616
1590396420.78094029,2.31452301,-0.19750844,-0.00973021
1590396420.79332137,2.32149909,-0.19806171,-0.00884533
1590396420.80490947,2.33098845,-0.19736183,-0.00724661
1590396420.81727123,2.34235927,-0.19600222,-0.00561298
1590396420.82887554,2.35551730,-0.19422548,-0.00392699
1590396420.84123325,2.37045208,-0.19236670,-0.00187099
1590396420.85284233,2.38677091,-0.19084303,-0.00038572
1590396420.86520910,2.40332885,-0.19031943,-0.00034732
1590396420.87703681,2.41890592,-0.19048698,-0.00188146
1590396420.88941002,2.43294709,-0.19087095,-0.00413119
1590396420.90099120,2.44527610,-0.19051840,-0.00604757
1590396420.91336942,2.45607794,-0.18898425,-0.00704066
1590396420.92494726,2.46628986,-0.18549883,-0.00708604
1590396420.93731117,2.47624347,-0.18002722,-0.00661480
1590396420.94891691,2.48580090,-0.17290977,-0.00549953
1590396420.96140456,2.49459037,-0.16449554,-0.00331962
1590396420.97295284,2.50361373,-0.15513534,0.00042586
1590396420.98536015,2.51422184,-0.14523583,0.00615403
1590396420.99699259,2.52717043,-0.13536425,0.01362229
1590396421.00923014,2.54211743,-0.12565498,0.02165779
1590396421.02093863,2.55758978,-0.11621275,0.02904228
1590396421.03342628,2.57224531,-0.10725048,0.03504098
1590396421.04498363,2.58602468,-0.09875597,0.04050560
1590396421.05717206,2.59954226,-0.09007819,0.04657062
1590396421.06877804,2.61387839,-0.08092045,0.05379105
1590396421.08115172,2.63008726,-0.07143109,0.06188938
1590396421.09305763,2.64683370,-0.06167994,0.06950076
1590396421.10518122,2.66207042,-0.05192704,0.07562861
1590396421.11701822,2.67538030,-0.04158771,0.08101818
1590396421.12939262,2.68800078,-0.03056421,0.08667480
1590396421.14101028,2.70064394,-0.01865757,0.09276425
1590396421.15337873,2.71373042,-0.00532674,0.09935810
1590396421.16477704,2.72738064,0.00880519,0.10598686
1590396421.17715693,2.74193669,0.02325128,0.11237128
1590396421.18900323,2.75699539,0.03811450,0.11822162
1590396421.20136929,2.77215532,0.05263040,0.12363214
1590396421.21295524,2.78669915,0.06654068,0.12874770
1590396421.22532368,2.80009979,0.07976678,0.13347231
1590396421.23691392,2.81177604,0.09186191,0.13729109
1590396421.24927831,2.82159875,0.10268645,0.14017961
1590396421.26089907,2.83012643,0.11248472,0.14290407
1590396421.27332115,2.83804150,0.12187111,0.14612595
1590396421.28492761,2.84611016,0.13096951,0.14971260
1590396421.29731369,2.85471114,0.13924237,0.15289782
1590396421.30890465,2.86318122,0.14638251,0.15481769
1590396421.32126379,2.87085718,0.15269711,0.15560657
1590396421.33285356,2.87819105,0.15856142,0.15606560
1590396421.34521723,2.88535738,0.16358971,0.15643386
1590396421.35685039,2.89231600,0.16761619,0.15655603
1590396421.36922526,2.89917340,0.17040697,0.15636405
1590396421.38080478,2.90595052,0.17204060,0.15612145
1590396421.39318228,2.91274857,0.17327105,0.15588757
1590396421.40476298,2.91986079,0.17475633,0.15537794
1590396421.41713285,2.92736221,0.17602518,0.15418064
1590396421.42898893,2.93530521,0.17759598,0.15241088
1590396421.44138002,2.94358330,0.17906031,0.15008610
1590396421.45282054,2.95135700,0.17973052,0.14707890
1590396421.46518373,2.95741155,0.17946872,0.14373135
1590396421.47680426,2.96175393,0.17870601,0.14040476
1590396421.48916745,2.96530044,0.17778447,0.13719684
1590396421.50075197,2.96824481,0.17686818,0.13417393
1590396421.51312208,2.97071270,0.17613863,0.13168858
1590396421.52496815,2.97341622,0.17633410,0.13042147
1590396421.53734565,2.97622445,0.17777749,0.13036562
1590396421.54892349,2.97896811,0.17991203,0.13100092
1590396421.56133556,2.98164370,0.18202562,0.13188755
1590396421.57292151,2.98458458,0.18445512,0.13307088
1590396421.58531046,2.98758829,0.18652159,0.13438163
1590396421.59689784,2.98946277,0.18736110,0.13477083
1590396421.60926509,2.99020978,0.18742742,0.13363113
1590396421.62087297,2.99078922,0.18742567,0.13140409
1590396421.63333178,2.99179453,0.18757752,0.12829566
1590396421.64492631,2.99298834,0.18740822,0.12430584
1590396421.65728426,2.99418738,0.18690033,0.11990237
1590396421.66883898,2.99516302,0.18526845,0.11557396
1590396421.68127632,2.99623989,0.18278310,0.11177438
1590396421.69290090,2.99679316,0.17897653,0.10836051
1590396421.70528436,2.99705321,0.17430778,0.10574077
1590396421.71687150,2.99737784,0.16925330,0.10419441
1590396421.72923708,2.99787003,0.16389340,0.10337585
1590396421.74082088,2.99828018,0.15769573,0.10286622
1590396421.75319982,2.99815801,0.15076678,0.10243686
1590396421.76480174,2.99764488,0.14326535,0.10270215
1590396421.77715898,2.99701132,0.13523684,0.10421361
1590396421.78874254,2.99670240,0.12683482,0.10691887
1590396421.80109406,2.99690835,0.11847469,0.11007792
1590396421.81293297,2.99743544,0.11001508,0.11253883
1590396421.82529068,2.99851580,0.10136349,0.11369773
1590396421.83688521,2.99947049,0.09249372,0.11343069
1590396421.84925795,2.99980036,0.08387878,0.11192971
1590396421.86083841,3.00012150,0.07597593,0.11000810
1590396421.87323976,2.99996791,0.06826506,0.10809173
1590396421.88481569,2.99999933,0.06047217,0.10615616
1590396421.89724851,3.00092784,0.05204746,0.10374412
1590396421.90887618,3.00235378,0.04213748,0.10052398
1590396421.92119884,3.00347951,0.03089233,0.09648878
1590396421.93273020,3.00399264,0.01897347,0.09260193
1590396421.94529462,3.00512187,0.00806342,0.09032253
1590396421.95674229,3.00712202,-0.00044680,0.08980766
1590396421.96930456,3.00951661,-0.00737053,0.09004677
1590396421.98088646,3.01255348,-0.01267458,0.09013229
1590396421.99320865,3.01460773,-0.01799784,0.08879014
1590396422.00475740,3.01560257,-0.02390577,0.08597841
1590396422.01707721,3.01654505,-0.03072827,0.08305498
1590396422.02886963,3.01861501,-0.03798535,0.08142310
1590396422.04116940,3.02266941,-0.04531922,0.08188038
1590396422.05271792,3.02911666,-0.05170538,0.08427148
1590396422.06529069,3.03703696,-0.05677032,0.08732929
1590396422.07687068,3.04373553,-0.06123139,0.08920552
1590396422.08916855,3.04725237,-0.06523343,0.08898561
1590396422.10070753,3.04873765,-0.06848148,0.08806408
1590396422.11330819,3.04974645,-0.07053574,0.08843409
1590396422.12487245,3.05293342,-0.07101570,0.09138893
1590396422.13724828,3.05797567,-0.07078532,0.09579763
1590396422.14880276,3.06365672,-0.07152359,0.10006845
1590396422.16112924,3.07026279,-0.07385186,0.10399719
1590396422.17270017,3.07803649,-0.07791324,0.10794687
1590396422.18526387,3.08681375,-0.08290838,0.11195414
1590396422.19678330,3.09508487,-0.08789129,0.11522140
1590396422.20909929,3.10205047,-0.09199107,0.11775911
1590396422.22088647,3.10753430,-0.09517804,0.11971039
1590396422.23321509,3.11200234,-0.09788156,0.12148190
1590396422.24474978,3.11673567,-0.10058332,0.12398470
1590396422.25709510,3.12197166,-0.10407573,0.12764465
1590396422.26890707,3.12903675,-0.10845651,0.13305518
1590396422.28125405,3.13831842,-0.11351447,0.13991956
1590396422.29278612,3.14964909,-0.11906985,0.14733022
1590396422.30513096,3.16318761,-0.12534780,0.15421031
1590396422.31667948,3.17691637,-0.13263630,0.15934158
1590396422.32928491,3.18844602,-0.14050948,0.16207826
1590396422.34081244,3.19691785,-0.14744018,0.16313418
1590396422.35311675,3.20303872,-0.15248069,0.16370490
1590396422.36465764,3.20869533,-0.15551407,0.16478701
1590396422.37726736,3.21448633,-0.15777951,0.16625832
1590396422.38880062,3.21984973,-0.16024042,0.16695820
1590396422.40109515,3.22475061,-0.16403477,0.16621992
1590396422.41288018,3.22847863,-0.16961808,0.16410109
1590396422.42518783,3.23078945,-0.17621542,0.16130857
1590396422.43670774,3.23199722,-0.18222808,0.15853873
1590396422.44902492,3.23158008,-0.18723020,0.15537096
1590396422.46092463,3.22967942,-0.19108039,0.15115948
1590396422.47315288,3.22664778,-0.19439826,0.14537196
1590396422.48475695,3.22227399,-0.19762712,0.13817597
1590396422.49707127,3.21633289,-0.20121028,0.12968320
1590396422.50886989,3.20953483,-0.20483882,0.12058305
1590396422.52120066,3.20317311,-0.20858953,0.11176565
1590396422.53273273,3.19864398,-0.21140475,0.10468834
1590396422.54504418,3.19538021,-0.21261601,0.09989916
1590396422.55684257,3.19351271,-0.21275389,0.09649751
1590396422.56973338,3.19249169,-0.21263870,0.09313251
1590396422.58070087,3.19098547,-0.21267535,0.08871160
1590396422.59307933,3.18808124,-0.21305409,0.08285078
1590396422.60472751,3.18369523,-0.21376444,0.07621504
1590396422.61712289,3.17892001,-0.21462837,0.06991614
1590396422.62872195,3.17529496,-0.21520084,0.06476917
1590396422.64109373,3.17454796,-0.21478371,0.06149668
1590396422.65268111,3.17578016,-0.21326527,0.05921902
1590396422.66506505,3.17655509,-0.21068393,0.05656438
1590396422.67665792,3.17531416,-0.20739573,0.05202303
1590396422.68911147,3.17174671,-0.20417909,0.04566305
1590396422.70068860,3.16551588,-0.20164836,0.03814068
1590396422.71306157,3.15717844,-0.19954524,0.03059039
1590396422.72464538,3.14810622,-0.19734438,0.02432291
1590396422.73701811,3.13864305,-0.19483285,0.01971524
1590396422.74886680,3.12886571,-0.19171744,0.01598023
1590396422.76122856,3.11849322,-0.18784455,0.01199041
1590396422.77281451,3.10716429,-0.18309202,0.00710349
1590396422.78518844,3.09538332,-0.17745810,0.00179943
1590396422.79677820,3.08404566,-0.17101260,-0.00310320
1590396422.80913782,3.07328396,-0.16372236,-0.00730246
1590396422.82072258,3.06311392,-0.15529416,-0.01093798
1590396422.83309293,3.05325281,-0.14618180,-0.01424712
1590396422.84466791,3.04328349,-0.13661914,-0.01688082
1590396422.85703564,3.03322167,-0.12622221,-0.01831199
1590396422.86861920,3.02404124,-0.11477809,-0.01894729
1590396422.88098764,3.01624485,-0.10267772,-0.01990373
1590396422.89287543,3.00972256,-0.09033126,-0.02215346
1590396422.90504432,3.00381985,-0.07757639,-0.02620437
1590396422.91662741,2.99806550,-0.06513743,-0.03199014
1590396422.92924833,2.99212789,-0.05371949,-0.03911283
1590396422.94083214,2.98599306,-0.04336620,-0.04681671
1590396422.95329404,2.97924736,-0.03411246,-0.05430941
1590396422.96467519,2.97217703,-0.02557431,-0.06133262
1590396422.97719407,2.96514161,-0.01771335,-0.06796836
1590396422.98862410,2.95812539,-0.01022937,-0.07417475
1590396423.00099969,2.95139540,-0.00345750,-0.07990117
1590396423.01285481,2.94535307,0.00267035,-0.08507084
1590396423.02521682,2.93951843,0.00788191,-0.08988620
1590396423.03681016,2.93440113,0.01241104,-0.09437519
1590396423.04916644,2.93062249,0.01642180,-0.09838072
1590396423.06075406,2.92801322,0.02024931,-0.10221346
1590396423.07313442,2.92558198,0.02417630,-0.10676005
1590396423.08473969,2.92293257,0.02789560,-0.11219849
1590396423.09712648,2.92046467,0.03120125,-0.11786732
1590396423.10872340,2.91788682,0.03397807,-0.12325864
1590396423.12108946,2.91521123,0.03604105,-0.12800768
1590396423.13267255,2.91269098,0.03748444,-0.13178632
1590396423.14504123,2.90995081,0.03855258,-0.13518273
1590396423.15662909,2.90663643,0.03944793,-0.13896486
1590396423.16899490,2.90244589,0.03964690,-0.14325313
1590396423.18085408,2.89756595,0.03911806,-0.14737560
1590396423.19321299,2.89249752,0.03805516,-0.15087499
1590396423.20479202,2.88713412,0.03650705,-0.15454716
1590396423.21714926,2.88165553,0.03474951,-0.15886860
1590396423.22873735,2.87609317,0.03276158,-0.16348674
1590396423.24114680,2.87039990,0.03066020,-0.16812582
1590396423.25273824,2.86489688,0.02874034,-0.17268811
1590396423.26514435,2.85955966,0.02684142,-0.17722422
1590396423.27671146,2.85437080,0.02523921,-0.18207798
1590396423.28907704,2.84953624,0.02407682,-0.18744836
1590396423.30066490,2.84513103,0.02329491,-0.19310323
1590396423.31302452,2.84087242,0.02310641,-0.19940038
1590396423.32462001,2.83690704,0.02323906,-0.20625428
1590396423.33698678,2.83334482,0.02387610,-0.21404543
1590396423.34883308,2.83025733,0.02616598,-0.22313336
1590396423.36121607,2.82719079,0.03111049,-0.23362803
1590396423.37279463,2.82356923,0.03849149,-0.24460266
1590396423.38516736,2.81896854,0.04649732,-0.25387385
1590396423.39676166,2.81336778,0.05343326,-0.25979400
1590396423.40912104,2.80751569,0.05789955,-0.26161613
1590396423.42071342,2.80207724,0.05921728,-0.25969452
1590396423.43309140,2.79792511,0.05720666,-0.25510430
1590396423.44466710,2.79615534,0.05296376,-0.24925222
1590396423.45715714,2.79702626,0.04738743,-0.24368811
1590396423.46874356,2.79894089,0.04098906,-0.24011193
1590396423.48114443,2.79953081,0.03370929,-0.23944521
1590396423.49276543,2.79831082,0.02563365,-0.24041910
1590396423.50514817,2.79562825,0.01672200,-0.24175603
1590396423.51675677,2.79211141,0.00715760,-0.24287653
1590396423.52913117,2.78790343,-0.00309098,-0.24377886
1590396423.54073334,2.78304094,-0.01366767,-0.24458346
1590396423.55310607,2.77832680,-0.02407682,-0.24491158
1590396423.56467891,2.77390763,-0.03395189,-0.24474927
1590396423.57705069,2.77039603,-0.04270821,-0.24410000
1590396423.58864212,2.76780421,-0.05081526,-0.24289224
1590396423.60106325,2.76605190,-0.05871986,-0.24117832
1590396423.61264777,2.76447064,-0.06680073,-0.23931606
1590396423.62504792,2.76201147,-0.07538601,-0.23793725
1590396423.63661599,2.75829566,-0.08445474,-0.23732115
1590396423.64898443,2.75434598,-0.09355488,-0.23669806
1590396423.66057968,2.75050800,-0.10259918,-0.23564737
1590396423.67295003,2.74742226,-0.11134852,-0.23394393
1590396423.68477631,2.74545004,-0.11929325,-0.23160170
1590396423.69718170,2.74417420,-0.12623094,-0.22906923
1590396423.70875597,2.74269940,-0.13272531,-0.22698181
1590396423.72111845,2.74044792,-0.13927204,-0.22602712
1590396423.73270535,2.73800621,-0.14612071,-0.22558730
1590396423.74513483,2.73606715,-0.15336034,-0.22491884
1590396423.75661588,2.73495188,-0.16120559,-0.22377041
1590396423.76907992,2.73527651,-0.16952907,-0.22194828
1590396423.78067040,2.73719463,-0.17794330,-0.21954148
1590396423.79306388,2.74036240,-0.18614635,-0.21719052
1590396423.80473900,2.74350400,-0.19436685,-0.21568081
1590396423.81713939,2.74544480,-0.20253848,-0.21559703
1590396423.82873464,2.74655483,-0.21057397,-0.21637370
1590396423.84108996,2.74784637,-0.21846286,-0.21691825
1590396423.85267186,2.74957949,-0.22606377,-0.21700202
1590396423.86504626,2.75204738,-0.23355472,-0.21719226
1590396423.87662029,2.75456415,-0.24111898,-0.21809460
1590396423.88898110,2.75679991,-0.24854187,-0.21951355
1590396423.90060902,2.75908280,-0.25584607,-0.22074401
1590396423.91298890,2.76138315,-0.26313980,-0.22130426
1590396423.92461109,2.76379345,-0.27032183,-0.22095868
1590396423.93697977,2.76635385,-0.27759811,-0.21999701
1590396423.94855547,2.76843951,-0.28505241,-0.21944548
1590396423.96106553,2.76928425,-0.29303729,-0.21970554
1590396423.97258449,2.76960539,-0.30149865,-0.21995337
1590396423.98516130,2.76975200,-0.31078031,-0.21929713
1590396423.99675870,2.76944657,-0.32130115,-0.21742265
1590396424.00890064,2.76943784,-0.33291283,-0.21443290
1590396424.02076006,2.77025117,-0.34517202,-0.21066648
1590396424.03313541,2.77151304,-0.35772617,-0.20712171
1590396424.04474139,2.77218848,-0.37002551,-0.20454561
1590396424.05714440,2.77159158,-0.38146440,-0.20288754
1590396424.06873631,2.76997540,-0.39157683,-0.20173388
1590396424.08110380,2.76986719,-0.39993871,-0.20037951
1590396424.09268737,2.77237872,-0.40695144,-0.19837238
1590396424.10508370,2.77644534,-0.41332015,-0.19554145
1590396424.11666560,2.78194313,-0.41873590,-0.19182041
1590396424.12907314,2.78899426,-0.42303989,-0.18755308
1590396424.14065766,2.79680984,-0.42634903,-0.18320896
1590396424.15303254,2.80370564,-0.42875758,-0.17930989
1590396424.16461205,2.80940588,-0.43032664,-0.17619273
1590396424.17699766,2.81590549,-0.43096717,-0.17330072
1590396424.18857503,2.82342960,-0.43069141,-0.16949940
1590396424.20094752,2.83185780,-0.43004564,-0.16425119
1590396424.21255779,2.84139253,-0.42932133,-0.15693128
1590396424.22492576,2.85234796,-0.42914854,-0.14789047
1590396424.23651600,2.86445706,-0.43007007,-0.13804507
1590396424.24913955,2.87715607,-0.43265316,-0.12785060
1590396424.26073432,2.88994934,-0.43719276,-0.11713952
1590396424.27309871,2.90282987,-0.44402398,-0.10536029
1590396424.28469682,2.91521123,-0.45310144,-0.09203819
1590396424.29704642,2.92863805,-0.46424013,-0.07667580
1590396424.30864835,2.94244535,-0.47739293,-0.05923647
1590396424.32102728,2.95665058,-0.49247432,-0.04024206
1590396424.33261585,2.97144923,-0.50870937,-0.02009049
1590396424.34498000,2.98686922,-0.52546279,0.00037699
1590396424.35656309,3.00261558,-0.54169260,0.02105740
1590396424.36897254,3.01961683,-0.55724174,0.04211130
1590396424.38055921,3.03698984,-0.57129164,0.06332753
1590396424.39291978,3.05437855,-0.58389292,0.08419119
1590396424.40451336,3.07210586,-0.59543827,0.10398148
1590396424.41691184,3.09103745,-0.60630120,0.12238772
1590396424.42851138,3.11045598,-0.61668417,0.13960191
1590396424.44087625,3.12869467,-0.62603215,0.15587885
1590396424.45256996,3.14552314,-0.63411826,0.17124298
1590396424.46496391,3.16173375,-0.64130553,0.18584266
