1591242493.51637697,-0.07963489,-0.17549266,1.05738652
1591242493.52869987,-0.07860289,-0.16721956,1.03843427
1591242493.54024959,-0.07684005,-0.15552804,1.02099824
1591242493.55264640,-0.07403978,-0.14621840,1.01063764
1591242493.56421614,-0.08061288,-0.12857181,1.00330949
1591242493.57664776,-0.09040543,-0.11893480,1.00078249
1591242493.58823538,-0.08875287,-0.11936665,0.99951899
1591242493.60060692,-0.08625506,-0.12735358,0.99926627
1591242493.61218309,-0.08753469,-0.14154086,1.00735259
1591242493.62475872,-0.09022661,-0.15227781,1.02099824
1591242493.63619995,-0.10007291,-0.14741364,1.03742349
1591242493.64857626,-0.11277963,-0.12972598,1.04323554
1591242493.66023970,-0.12693675,-0.10825618,1.05309069
1591242493.67262936,-0.13803324,-0.09659620,1.05940819
1591242493.68419361,-0.13904220,-0.10538295,1.07861304
1591242493.69654369,-0.14028829,-0.11787005,1.09225869
1591242493.70811677,-0.14176190,-0.12792069,1.09781802
1591242493.72049594,-0.14165837,-0.12698434,1.08973169
1591242493.73232770,-0.14019066,-0.12734360,1.07785499
1591242493.74453545,-0.14221574,-0.12641630,1.07456994
1591242493.75612330,-0.14157507,-0.12207055,1.07280099
1591242493.76856470,-0.14628652,-0.11497462,1.07103217
1591242493.78032327,-0.15249804,-0.11258812,1.06850517
1591242493.79269814,-0.16105038,-0.10557400,1.06825256
1591242493.80428004,-0.16778743,-0.10628758,1.07684422
1591242493.81662560,-0.16849612,-0.11099686,1.08998442
1591242493.82822418,-0.16680628,-0.11635169,1.09655452
1591242493.84060645,-0.16297361,-0.11994280,1.10287201
1591242493.85218477,-0.15365060,-0.12701605,1.09958696
1591242493.86454320,-0.15297176,-0.12916617,1.10236657
1591242493.87636256,-0.15088123,-0.13117535,1.10716784
1591242493.88870239,-0.15206005,-0.12502955,1.09983957
1591242493.90027833,-0.14959931,-0.11756104,1.08189809
1591242493.91263008,-0.14155751,-0.11046527,1.06623089
1591242493.92420578,-0.13956393,-0.11422014,1.06168246
1591242493.93654990,-0.13558821,-0.12090687,1.06976867
1591242493.94819808,-0.13384433,-0.13033462,1.08695209
1591242493.96054578,-0.13327982,-0.13383929,1.09630179
1591242493.97221708,-0.13213062,-0.13396201,1.09857607
1591242493.98469257,-0.13001198,-0.12978004,1.08594131
1591242493.99622798,-0.12275873,-0.13008475,1.07305372
1591242494.00853992,-0.11882907,-0.13104407,1.05839729
1591242494.02012610,-0.12056402,-0.13856283,1.05410147
1591242494.03269458,-0.12166231,-0.14183114,1.06370389
1591242494.04427505,-0.12178147,-0.14317207,1.07002139
1591242494.05658627,-0.12116434,-0.14469945,1.07052684
1591242494.06811380,-0.12394528,-0.14936353,1.05966079
1591242494.08074427,-0.12535834,-0.15196835,1.05233264
1591242494.09227729,-0.12585858,-0.15469112,1.06572556
1591242494.10462689,-0.12877204,-0.16020972,1.06142962
1591242494.11624622,-0.12570265,-0.16230990,1.05865002
1591242494.12857747,-0.13240300,-0.16346914,1.05233264
1591242494.14035082,-0.13301668,-0.16441928,1.04677331
1591242494.15271115,-0.13596913,-0.16803320,1.04424632
1591242494.16424680,-0.14275259,-0.16357377,1.04500437
1591242494.17652845,-0.14661168,-0.16080552,1.03540194
1591242494.18831611,-0.15123159,-0.15217301,1.04222476
1591242494.20061827,-0.15868759,-0.14692725,1.03767622
1591242494.21219683,-0.16649058,-0.13879034,1.03514922
1591242494.22450733,-0.16982388,-0.13325365,1.02984262
1591242494.23630643,-0.16979256,-0.13625845,1.02529407
1591242494.24864864,-0.16226313,-0.14944565,1.03338039
1591242494.26023579,-0.15434098,-0.15859166,1.04070854
1591242494.27256393,-0.15442885,-0.15677337,1.03944504
1591242494.28435135,-0.15300931,-0.14499988,1.03439116
1591242494.29666710,-0.15485929,-0.13795388,1.03818166
1591242494.30819321,-0.15453257,-0.13540360,1.04652059
1591242494.32051253,-0.14992151,-0.14176773,1.04399359
1591242494.33231211,-0.14539263,-0.14790004,1.03717077
1591242494.34461522,-0.13569680,-0.15110034,1.03161144
1591242494.35624170,-0.13688524,-0.15344134,1.03792882
1591242494.36857438,-0.13685937,-0.15049122,1.02958989
1591242494.38036871,-0.13275963,-0.15350063,1.02049279
1591242494.39266944,-0.12521033,-0.15565550,1.00482559
1591242494.40418935,-0.12048385,-0.15405552,0.99370694
1591242494.41673756,-0.12614425,-0.15233725,0.98966384
1591242494.42824817,-0.11868749,-0.13831377,0.97071159
1591242494.44055843,-0.11786450,-0.13695002,0.97323859
1591242494.45217848,-0.12435132,-0.13646804,0.98284101
1591242494.46474528,-0.13151668,-0.14033166,1.00811064
1591242494.47627974,-0.14073712,-0.12928523,1.02579951
1591242494.48866868,-0.15446843,-0.11843887,1.03792882
1591242494.50018382,-0.16438358,-0.10296522,1.02453601
1591242494.51274371,-0.17977363,-0.09795123,1.02428329
1591242494.52427244,-0.19919097,-0.07851927,1.02933717
1591242494.53658199,-0.21926832,-0.05813704,1.04626787
1591242494.54836249,-0.23479345,-0.03538596,1.05966079
1591242494.56073737,-0.25951263,-0.03235934,1.07532799
1591242494.57227826,-0.25043893,-0.02540287,1.10337734
1591242494.58463717,-0.23516901,-0.02949975,1.09857607
1591242494.59617710,-0.22017825,-0.05308255,1.10059774
1591242494.60881591,-0.19503954,-0.06489265,1.09074247
1591242494.62033200,-0.16602510,-0.08314466,1.08366704
1591242494.63264775,-0.15403584,-0.08669281,1.08215082
1591242494.64418697,-0.14950420,-0.07545187,1.08012927
1591242494.65651441,-0.15057822,-0.07063577,1.07608604
1591242494.66832018,-0.13420004,-0.07408848,1.07280099
1591242494.68062544,-0.12139710,-0.09382318,1.06825256
1591242494.69217324,-0.08399643,-0.11771119,1.07077944
1591242494.70456457,-0.05837876,-0.13283081,1.03590727
1591242494.71621084,-0.02999905,-0.14712304,1.00886869
1591242494.72853398,-0.00233819,-0.14878707,0.98410439
1591242494.74036574,-0.00381751,-0.15196009,0.97803974
1591242494.75268865,-0.02849865,-0.13699993,0.97879779
1591242494.76427913,-0.03600749,-0.10498866,0.97399664
1591242494.77658200,-0.06773028,-0.07073087,0.97020614
1591242494.78835654,-0.09833842,-0.05300724,1.00052977
1591242494.80072045,-0.13081980,-0.04691659,1.05359614
1591242494.81225061,-0.15790325,-0.04045780,1.09983957
1591242494.82456493,-0.18061060,-0.03287078,1.12965786
1591242494.83634043,-0.18336560,-0.02811949,1.14027107
1591242494.84865236,-0.17371991,-0.04262568,1.14001834
1591242494.86022496,-0.14778087,-0.07558498,1.13193214
1591242494.87271047,-0.11402442,-0.10868281,1.11196911
1591242494.88417244,-0.09440036,-0.11899742,1.08998442
1591242494.89675689,-0.08449748,-0.11797500,1.05713379
1591242494.90835834,-0.07390645,-0.11117029,1.02832639
1591242494.92069340,-0.07192311,-0.11026138,1.00684726
1591242494.93221521,-0.07262536,-0.10642947,0.99143267
1591242494.94451618,-0.07778887,-0.09669258,0.97778702
1591242494.95630574,-0.08257163,-0.07956889,0.97702897
1591242494.96872854,-0.10870966,-0.06749631,0.97753429
1591242494.98027706,-0.13997588,-0.05068956,1.01139569
1591242494.99258018,-0.16600111,-0.02929170,1.05435419
1591242495.00435328,-0.17748594,-0.02729452,1.09807074
1591242495.01665258,-0.19946457,-0.04043743,1.12637269
1591242495.02817750,-0.22011143,-0.04058747,1.14709389
1591242495.04076266,-0.20495386,-0.03242438,1.16175032
1591242495.05231905,-0.22497380,-0.03860717,1.14178729
1591242495.06467795,-0.21160915,-0.03905699,1.11424339
1591242495.07620811,-0.18867655,-0.04476257,1.08543587
1591242495.08878183,-0.16874962,-0.06363486,1.06294584
1591242495.10031438,-0.15158582,-0.08524413,1.05081642
1591242495.11261868,-0.14209050,-0.09943295,1.04247737
1591242495.12413335,-0.13272226,-0.10361063,1.03186417
1591242495.13668704,-0.11505120,-0.10142881,1.01922929
1591242495.14822030,-0.13210565,-0.10447468,1.00154054
1591242495.16054583,-0.12517160,-0.09243753,0.99623394
1591242495.17218423,-0.13085698,-0.08181174,1.00962687
1591242495.18461084,-0.13964532,-0.08275251,1.02706289
1591242495.19635844,-0.14491744,-0.07922143,1.03338039
1591242495.20870590,-0.14848657,-0.07134460,1.03540194
1591242495.22022963,-0.15553398,-0.06344730,1.02807379
1591242495.23255515,-0.15952338,-0.05364470,1.02579951
1591242495.24438572,-0.16272733,-0.04502140,1.01847124
1591242495.25668144,-0.16164057,-0.03941114,1.01316464
1591242495.26825452,-0.18108901,-0.03904307,1.02428329
1591242495.28070283,-0.17374514,-0.04069962,1.04601514
1591242495.29229212,-0.18435454,-0.03593122,1.03388572
1591242495.30466986,-0.21228896,-0.04591448,1.04399359
1591242495.31631899,-0.18125010,-0.03164002,1.03060067
1591242495.32873988,-0.17025977,-0.04339553,1.00179327
1591242495.34033155,-0.16712654,-0.06115670,0.98562074
1591242495.35271454,-0.16165693,-0.07154209,0.97627091
1591242495.36425471,-0.15199216,-0.08502357,0.97930324
1591242495.37670970,-0.15333520,-0.09925632,0.98359907
1591242495.38830614,-0.14864108,-0.10977514,0.99320161
1591242495.40061831,-0.15775751,-0.12659417,1.02226174
1591242495.41220880,-0.14810145,-0.14569508,1.06117702
1591242495.42452669,-0.13618508,-0.16617352,1.08391964
1591242495.43630362,-0.12865764,-0.18058339,1.10539901
1591242495.44866967,-0.12058537,-0.18578365,1.11373794
1591242495.46022606,-0.10373843,-0.18776111,1.10868394
1591242495.47257900,-0.09240507,-0.19773915,1.10363007
1591242495.48436618,-0.08300783,-0.20434868,1.10565162
1591242495.49666452,-0.06826761,-0.20318532,1.07482266
1591242495.50819349,-0.04971397,-0.19278035,1.04879487
1591242495.52076459,-0.04358811,-0.17641583,1.02352512
1591242495.53230524,-0.04815600,-0.15943287,1.01922929
1591242495.54459715,-0.05294990,-0.14618640,1.02857912
1591242495.55638075,-0.06007833,-0.13218524,1.04247737
1591242495.56868362,-0.07459579,-0.11828415,1.05359614
1591242495.58028078,-0.07804608,-0.10321936,1.06168246
1591242495.59258962,-0.08724511,-0.09716885,1.07002139
1591242495.60417700,-0.09889440,-0.09167290,1.07937121
1591242495.61673450,-0.10858306,-0.08855040,1.08518314
1591242495.62828088,-0.11151844,-0.08667581,1.09529102
1591242495.64060116,-0.11658306,-0.08816186,1.08695209
1591242495.65239000,-0.11604847,-0.09263191,1.09251142
1591242495.66470647,-0.11867955,-0.10006870,1.10059774
1591242495.67628098,-0.13248441,-0.09944136,1.10287201
1591242495.68870425,-0.15733531,-0.08830168,1.11196911
1591242495.70025158,-0.18431038,-0.06782737,1.11373794
1591242495.71255445,-0.19551036,-0.05904388,1.10792589
1591242495.72433209,-0.19418088,-0.05998118,1.10287201
1591242495.73664618,-0.18021449,-0.07255132,1.08467782
1591242495.74818969,-0.16213390,-0.08459659,1.06572556
1591242495.76075125,-0.13234690,-0.10299233,1.03893960
1591242495.77229047,-0.11015143,-0.11723889,1.02958989
1591242495.78464484,-0.09427904,-0.12317574,1.02377784
1591242495.79618359,-0.09250188,-0.13057163,1.03110611
1591242495.80873775,-0.09778577,-0.13013960,1.04626787
1591242495.82025003,-0.11222802,-0.12254348,1.05839729
1591242495.83254671,-0.12066712,-0.12313436,1.06471479
1591242495.84438252,-0.12926149,-0.12586172,1.07355917
1591242495.85671639,-0.13106307,-0.12041603,1.06067157
1591242495.86825466,-0.12567310,-0.12316638,1.04677331
1591242495.88061380,-0.12166182,-0.12223020,1.02478862
1591242495.89219451,-0.11977748,-0.12063481,1.00912142
1591242495.90476727,-0.11691715,-0.11878021,1.00255132
1591242495.91618347,-0.11746005,-0.11443907,0.99623394
1591242495.92856741,-0.12296096,-0.10935676,1.00861609
1591242495.94041991,-0.12672168,-0.11089300,1.02782094
1591242495.95277476,-0.12850508,-0.11299747,1.04828942
1591242495.96434474,-0.13678300,-0.10955605,1.07254839
1591242495.97669077,-0.14309350,-0.11248793,1.08518314
1591242495.98832464,-0.14171082,-0.11226517,1.08568859
1591242496.00068974,-0.13531046,-0.11462900,1.08316159
1591242496.01224828,-0.13121897,-0.12131131,1.08189809
1591242496.02460384,-0.12473980,-0.12524343,1.08063471
1591242496.03617859,-0.11993168,-0.13261203,1.08745742
1591242496.04876804,-0.11514941,-0.13823070,1.08038199
1591242496.06022787,-0.11083102,-0.14140816,1.08366704
1591242496.07257605,-0.10917990,-0.14048989,1.08518314
1591242496.08417392,-0.10417561,-0.13642603,1.07937121
1591242496.09673119,-0.10782345,-0.13290755,1.08366704
1591242496.10825396,-0.11223143,-0.13093008,1.08872092
1591242496.12055922,-0.11424917,-0.12475702,1.08088732
1591242496.13233423,-0.11256142,-0.11430638,1.07254839
1591242496.14463282,-0.11214541,-0.10406041,1.05410147
1591242496.15641594,-0.11232288,-0.10109207,1.05005836
1591242496.16872311,-0.11043596,-0.10275134,1.04374087
1591242496.18023777,-0.10241513,-0.11094739,1.04273009
1591242496.19258904,-0.09682916,-0.11896174,1.02908444
1591242496.20437479,-0.09330501,-0.12560314,1.02706289
1591242496.21666527,-0.08851935,-0.12988530,1.02301979
1591242496.22819638,-0.08113019,-0.13269907,1.02883184
1591242496.24075007,-0.08202313,-0.13711299,1.03186417
1591242496.25227785,-0.08635799,-0.14128132,1.04424632
1591242496.26465082,-0.09636948,-0.13819470,1.04727864
1591242496.27618384,-0.10676831,-0.13512616,1.05991352
1591242496.28877854,-0.11288095,-0.12595733,1.06142962
1591242496.30032086,-0.12434709,-0.11650215,1.05763924
1591242496.31264186,-0.12681590,-0.10624699,1.04828942
1591242496.32422042,-0.12912574,-0.09666452,1.04677331
1591242496.33653307,-0.12712058,-0.08924596,1.03439116
1591242496.34831452,-0.12442888,-0.08904144,1.03060067
1591242496.36061335,-0.11934718,-0.08534967,1.01240647
1591242496.37220311,-0.11239991,-0.08293649,1.00356209
1591242496.38471866,-0.11143142,-0.07634118,0.99345422
1591242496.39624858,-0.11059573,-0.06928237,0.99269617
1591242496.40867972,-0.11617897,-0.06587056,0.99673927
1591242496.42022204,-0.11760451,-0.06205657,1.00229859
1591242496.43277884,-0.12228285,-0.05929237,1.00937414
1591242496.44431067,-0.12581059,-0.05752344,1.01695514
1591242496.45662022,-0.12493628,-0.06516169,1.01948202
1591242496.46838188,-0.12194053,-0.07506315,1.02807379
1591242496.48072839,-0.12266061,-0.08800490,1.03919232
1591242496.49233556,-0.11955760,-0.10073298,1.04803681
1591242496.50465083,-0.11421397,-0.10917443,1.05157447
1591242496.51621222,-0.10861320,-0.12372540,1.05713379
1591242496.52868009,-0.10418528,-0.13404873,1.06774712
1591242496.54023480,-0.09900683,-0.14896782,1.08012927
1591242496.55252814,-0.09421629,-0.16177769,1.09048986
1591242496.56431532,-0.09030481,-0.17310108,1.10110307
1591242496.57661462,-0.08328582,-0.18450646,1.09933424
1591242496.58838820,-0.07567934,-0.19376615,1.10413551
1591242496.60075569,-0.07058969,-0.19678000,1.10438812
1591242496.61229825,-0.06492648,-0.19236606,1.10135579
1591242496.62458730,-0.06328710,-0.18841146,1.08366704
1591242496.63637710,-0.05800445,-0.17488354,1.05536497
1591242496.64867449,-0.06333928,-0.16521484,1.04298282
1591242496.66018677,-0.06434083,-0.17197879,1.05713379
1591242496.67260695,-0.06188226,-0.15446423,1.02908444
1591242496.68442678,-0.05369832,-0.13369915,1.02883184
1591242496.69674683,-0.07161810,-0.12536676,1.02731562
1591242496.70833349,-0.09834328,-0.11812957,1.05536497
1591242496.72064614,-0.11193471,-0.10353296,1.06749439
1591242496.73217940,-0.12024216,-0.08567707,1.07229567
1591242496.74457431,-0.12663200,-0.07425547,1.06244051
1591242496.75637460,-0.13082102,-0.06302131,1.05157447
1591242496.76866484,-0.13019414,-0.05928222,1.03161144
1591242496.78018856,-0.13151261,-0.06293602,1.02756834
1591242496.79256630,-0.13221018,-0.06122499,1.02276707
1591242496.80417752,-0.13784474,-0.06387673,1.02706289
1591242496.81673479,-0.14640166,-0.06751354,1.03615999
1591242496.82827663,-0.15094936,-0.07176048,1.05207992
1591242496.84059143,-0.15824750,-0.07200933,1.06117702
1591242496.85219884,-0.16792119,-0.07474630,1.07153749
1591242496.86478114,-0.16809028,-0.07057782,1.07052684
1591242496.87635541,-0.16801082,-0.06481080,1.07128489
1591242496.88864636,-0.16834515,-0.06039346,1.06117702
1591242496.90026045,-0.16643575,-0.05889031,1.04677331
1591242496.91258597,-0.16496146,-0.05728492,1.03944504
1591242496.92437220,-0.16469426,-0.06259865,1.04374087
1591242496.93665099,-0.16233322,-0.07096631,1.05081642
1591242496.94818330,-0.15239525,-0.07605167,1.05536497
1591242496.96074557,-0.14794704,-0.08124611,1.06193507
1591242496.97228146,-0.14452608,-0.08883325,1.06799984
1591242496.98464537,-0.14084324,-0.10206455,1.07734954
1591242496.99618030,-0.13882889,-0.11192416,1.09326947
1591242497.00855875,-0.14421509,-0.12431104,1.12359309
1591242497.02036500,-0.14671826,-0.12739734,1.14835739
1591242497.03268099,-0.15681028,-0.11959670,1.15669644
1591242497.04420447,-0.16575567,-0.10631406,1.14684117
1591242497.05677247,-0.16468042,-0.09783202,1.11474872
1591242497.06831050,-0.15547036,-0.09058182,1.08695209
1591242497.08061576,-0.14750752,-0.09391417,1.06067157
1591242497.09242773,-0.13414770,-0.09384157,1.05005836
1591242497.10478020,-0.13403447,-0.09909652,1.04550982
1591242497.11618805,-0.12163897,-0.10278781,1.03514922
1591242497.12878537,-0.10472827,-0.11032940,1.02200902
1591242497.14037371,-0.09066679,-0.12110299,1.01316464
1591242497.15266824,-0.07721282,-0.12421243,1.00128782
1591242497.16419125,-0.06733602,-0.12780367,0.99370694
1591242497.17674017,-0.05428056,-0.13144042,0.98233557
1591242497.18825030,-0.04869649,-0.14119555,0.99168539
1591242497.20061827,-0.05385187,-0.14577292,1.01164842
1591242497.21219063,-0.06773489,-0.14557697,1.05435419
1591242497.22475314,-0.08661574,-0.13863069,1.08316159
1591242497.23631430,-0.09803705,-0.12302037,1.09503829
1591242497.24862671,-0.10044588,-0.10789217,1.08341432
1591242497.26042414,-0.10594282,-0.09655054,1.07709694
1591242497.27272272,-0.10873345,-0.08647802,1.06471479
1591242497.28424740,-0.11505624,-0.07785130,1.05283797
1591242497.29653525,-0.11501177,-0.07350557,1.04854214
1591242497.30834794,-0.11471289,-0.07400320,1.04879487
1591242497.32067299,-0.11552111,-0.07362828,1.05081642
1591242497.33219552,-0.11601314,-0.07553698,1.05031097
1591242497.34475207,-0.12178446,-0.07693443,1.04930031
1591242497.35628009,-0.12008671,-0.07813078,1.04904747
1591242497.36867023,-0.11686549,-0.07764336,1.04449904
1591242497.38019562,-0.11599185,-0.07755135,1.04727864
1591242497.39255857,-0.11373363,-0.08050642,1.04374087
1591242497.40435576,-0.11214472,-0.07835572,1.04424632
1591242497.41672134,-0.11426511,-0.07882950,1.04854214
1591242497.42829108,-0.11118191,-0.08342066,1.05738652
1591242497.44063330,-0.10851158,-0.08489306,1.04879487
1591242497.45243239,-0.10521784,-0.08461016,1.04803681
1591242497.46454954,-0.10181375,-0.08429315,1.03767622
1591242497.47633123,-0.09799725,-0.08119145,1.02504134
1591242497.48861575,-0.09857480,-0.08003600,1.02605212
1591242497.50038576,-0.09837112,-0.07744221,1.02731562
1591242497.51277065,-0.10362947,-0.08080974,1.03590727
1591242497.52436543,-0.10223685,-0.08118473,1.05182719
1591242497.53668451,-0.10133861,-0.08650187,1.06067157
1591242497.54820228,-0.10411313,-0.08964104,1.06951594
1591242497.56074882,-0.09938096,-0.09197761,1.06648362
1591242497.57228112,-0.08921760,-0.09426422,1.05789185
1591242497.58465290,-0.07977258,-0.09653278,1.03969777
1591242497.59619141,-0.07213947,-0.10106955,1.03110611
1591242497.60876799,-0.06398180,-0.10653365,1.02579951
1591242497.62033892,-0.07337933,-0.10581529,1.03565466
1591242497.63270235,-0.08144300,-0.10591057,1.05132174
1591242497.64421940,-0.08476520,-0.10410132,1.05485952
1591242497.65678620,-0.08328409,-0.10729700,1.05384874
1591242497.66831613,-0.07692688,-0.11749779,1.04828942
1591242497.68060660,-0.07480048,-0.12454379,1.04449904
1591242497.69224072,-0.07386625,-0.12730761,1.04475176
1591242497.70454693,-0.07869511,-0.12469836,1.04273009
1591242497.71639132,-0.07919426,-0.11846155,1.04298282
1591242497.72877073,-0.08474720,-0.11043371,1.04247737
1591242497.74033022,-0.09259000,-0.10498327,1.04803681
1591242497.75274467,-0.09512788,-0.09935114,1.04096127
1591242497.76432276,-0.09968432,-0.09213710,1.03236961
1591242497.77671647,-0.10466841,-0.08490664,1.03110611
1591242497.78828883,-0.10964025,-0.08274572,1.03590727
1591242497.80062842,-0.11340091,-0.08109950,1.04576254
1591242497.81219387,-0.11769281,-0.08016562,1.05536497
1591242497.82462645,-0.12155983,-0.07821943,1.05966079
1591242497.83620071,-0.12086701,-0.07566312,1.05713379
1591242497.84856153,-0.12284708,-0.07171614,1.04677331
1591242497.86042356,-0.11958911,-0.06881555,1.03338039
1591242497.87275767,-0.11331993,-0.07195130,1.03767622
1591242497.88432956,-0.11479978,-0.08040077,1.04626787
1591242497.89667869,-0.11637740,-0.08640301,1.05435419
1591242497.90823102,-0.11835393,-0.08880255,1.06294584
1591242497.92060781,-0.11768504,-0.09505503,1.07254839
1591242497.93218946,-0.11873550,-0.10249642,1.07608604
1591242497.94454789,-0.11796533,-0.10894233,1.07507527
1591242497.95636129,-0.11702457,-0.11105156,1.07709694
1591242497.96871805,-0.11416759,-0.11669749,1.07052684
1591242497.98028851,-0.10883135,-0.12187064,1.06446207
1591242497.99262094,-0.10461648,-0.12363440,1.06471479
1591242498.00418925,-0.10793411,-0.12385714,1.06420934
1591242498.01679873,-0.10743310,-0.11507925,1.06370389
1591242498.02840161,-0.11113466,-0.10928352,1.05359614
1591242498.04076552,-0.11332618,-0.10295127,1.05207992
1591242498.05231762,-0.11246852,-0.09709179,1.05005836
1591242498.06466794,-0.11734119,-0.09256420,1.04955292
1591242498.07622051,-0.11803538,-0.08749028,1.05207992
1591242498.08857703,-0.12001072,-0.08781066,1.04904747
1591242498.10019636,-0.11798336,-0.08939578,1.05106914
1591242498.11256075,-0.11385973,-0.09684177,1.05005836
1591242498.12419581,-0.10929304,-0.10151030,1.04854214
1591242498.13655829,-0.10879508,-0.10202856,1.04424632
1591242498.14834857,-0.10762963,-0.10533793,1.04070854
1591242498.16065645,-0.10391212,-0.11017467,1.03767622
1591242498.17218280,-0.10557431,-0.11587957,1.04146659
1591242498.18473172,-0.10583705,-0.12286167,1.05966079
1591242498.19624352,-0.10826257,-0.12326168,1.06244051
1591242498.20855379,-0.11439592,-0.11650215,1.05763924
1591242498.22033739,-0.11501505,-0.11149736,1.04828942
1591242498.23269820,-0.11240357,-0.10602440,1.03489649
1591242498.24422383,-0.11178191,-0.10106972,1.01720774
1591242498.25678253,-0.10739131,-0.09795599,1.00583637
1591242498.26832366,-0.11075445,-0.09457861,0.99421227
1591242498.28063893,-0.11849767,-0.08975106,0.98814762
1591242498.29243922,-0.12617767,-0.08010748,0.99598122
1591242498.30474448,-0.13977736,-0.07430640,1.00507832
1591242498.31625319,-0.15169811,-0.07129684,1.02554679
1591242498.32865858,-0.16424993,-0.06884630,1.05637574
1591242498.34020209,-0.17075010,-0.06891795,1.08012927
1591242498.35276937,-0.17338067,-0.06972916,1.08619392
1591242498.36429858,-0.16796891,-0.07256839,1.08947909
1591242498.37659383,-0.15384343,-0.08024749,1.07482266
1591242498.38844085,-0.13927093,-0.09106395,1.06345129
1591242498.40073156,-0.12706450,-0.10296030,1.05688119
1591242498.41224289,-0.12169556,-0.11102444,1.06269312
1591242498.42455363,-0.12101075,-0.11509274,1.07785499
1591242498.43638659,-0.12540877,-0.11728820,1.09074247
1591242498.44868422,-0.13467035,-0.11520609,1.10312462
1591242498.46032357,-0.14498077,-0.10756907,1.11449599
1591242498.47267485,-0.15212512,-0.09995487,1.11702299
1591242498.48420310,-0.15744688,-0.09482262,1.12384582
1591242498.49675989,-0.15597631,-0.09641816,1.12561464
1591242498.50831747,-0.15068302,-0.10124587,1.11778116
1591242498.52074194,-0.13608119,-0.11075588,1.09478569
1591242498.53239751,-0.12350847,-0.11708383,1.07305372
1591242498.54464722,-0.11299953,-0.12237543,1.04601514
1591242498.55620575,-0.10597122,-0.12349837,1.03439116
1591242498.56879306,-0.10384831,-0.11955278,1.02150357
1591242498.58037806,-0.10862969,-0.11315696,1.01417542
1591242498.59271431,-0.12301219,-0.10887019,1.02276707
1591242498.60424089,-0.13072050,-0.10222864,1.03868699
1591242498.61659670,-0.13711774,-0.10524677,1.06218779
1591242498.62838817,-0.13938908,-0.11011982,1.06446207
1591242498.64059877,-0.13490929,-0.08933236,1.03135872
1591242498.65239263,-0.13225631,-0.07633445,1.02024007
1591242498.66469717,-0.14183170,-0.07170925,1.01973474
1591242498.67630053,-0.14285362,-0.06486858,1.02301979
1591242498.68862534,-0.14755946,-0.05920384,1.03464389
1591242498.70020914,-0.15636444,-0.04060418,1.04424632
1591242498.71280408,-0.16394271,-0.02842594,1.04727864
1591242498.72419906,-0.16826786,-0.01389591,1.05157447
1591242498.73670292,-0.16912884,-0.00781529,1.04652059
1591242498.74830341,-0.16867472,-0.00983649,1.05258524
1591242498.76063299,-0.16385767,-0.01581483,1.04677331
1591242498.77230382,-0.16145591,-0.02199768,1.04475176
1591242498.78476620,-0.15297329,-0.03373625,1.04702604
1591242498.79631710,-0.14936998,-0.05130322,1.05865002
1591242498.80863905,-0.14629386,-0.06611964,1.07760227
1591242498.82026410,-0.14306745,-0.07524057,1.08518314
1591242498.83259869,-0.14316057,-0.08075197,1.08417249
1591242498.84419942,-0.14709739,-0.08460007,1.08821559
1591242498.85677910,-0.14812165,-0.08079286,1.08493042
1591242498.86829996,-0.14818107,-0.07975671,1.08366704
1591242498.88060927,-0.14751732,-0.08080987,1.07179034
1591242498.89221501,-0.14483088,-0.08614743,1.07204294
1591242498.90479660,-0.13745108,-0.08504310,1.06951594
1591242498.91646385,-0.13578042,-0.08867989,1.07861304
1591242498.92859578,-0.13586204,-0.09367304,1.07937121
1591242498.94044137,-0.13430360,-0.09708688,1.08240354
1591242498.95255971,-0.13163576,-0.09860982,1.07355917
1591242498.96434665,-0.12952934,-0.09349595,1.06218779
1591242498.97664237,-0.12892333,-0.09129588,1.05384874
1591242498.98843122,-0.12474712,-0.09295057,1.05207992
1591242499.00073266,-0.12083027,-0.09555079,1.04930031
1591242499.01231575,-0.11982981,-0.09715536,1.05587041
1591242499.02461791,-0.11967655,-0.09389150,1.05561769
1591242499.03639174,-0.12136772,-0.08397283,1.05865002
1591242499.04880977,-0.13018066,-0.07894200,1.05511224
1591242499.06035137,-0.13422279,-0.07433042,1.05485952
1591242499.07270384,-0.13587594,-0.07543133,1.05283797
1591242499.08422709,-0.13017917,-0.07556083,1.04626787
1591242499.09679079,-0.13070126,-0.07465074,1.03388572
1591242499.10832119,-0.12963425,-0.07454167,1.03186417
1591242499.12063479,-0.12432753,-0.08220719,1.03489649
1591242499.13242984,-0.12215580,-0.08656656,1.03944504
1591242499.14457560,-0.12283747,-0.09097785,1.03868699
1591242499.15637612,-0.12597735,-0.08670291,1.04197204
1591242499.16871500,-0.13488442,-0.08131765,1.04980564
1591242499.18025780,-0.13728520,-0.08156307,1.05435419
1591242499.19260359,-0.13755688,-0.08583042,1.06168246
1591242499.20438123,-0.14094397,-0.09102304,1.06269312
1591242499.21668482,-0.13122401,-0.08836626,1.05485952
1591242499.22820401,-0.12852229,-0.09590986,1.05132174
1591242499.24076653,-0.12449534,-0.10308318,1.04525709
1591242499.25236154,-0.11357267,-0.10841994,1.04222476
1591242499.26469731,-0.10350117,-0.11279756,1.03995049
1591242499.27621841,-0.10392575,-0.11170663,1.03363299
1591242499.28860092,-0.10397496,-0.10999742,1.03439116
1591242499.30042601,-0.10498253,-0.11162023,1.03666532
1591242499.31272817,-0.10066670,-0.11154301,1.03060067
1591242499.32425761,-0.10172004,-0.11393413,1.02857912
1591242499.33656096,-0.09447220,-0.11679798,1.02605212
1591242499.34838963,-0.09381897,-0.11752981,1.03034794
1591242499.36071563,-0.09462376,-0.11939360,1.02782094
1591242499.37231350,-0.09748383,-0.11922984,1.03868699
1591242499.38462615,-0.09973300,-0.12304367,1.04449904
1591242499.39643455,-0.10162789,-0.12068887,1.05182719
1591242499.40874219,-0.10457101,-0.11637041,1.05056381
1591242499.42026639,-0.10436144,-0.11393841,1.05182719
1591242499.43256664,-0.10680660,-0.11013819,1.04626787
1591242499.44433403,-0.10795292,-0.11506578,1.04955292
1591242499.45668602,-0.10454288,-0.11252931,1.04424632
1591242499.46822596,-0.10217877,-0.11565222,1.04652059
1591242499.48077679,-0.09927175,-0.12076624,1.04399359
1591242499.49235797,-0.09252501,-0.12242997,1.04702604
1591242499.50476861,-0.08704489,-0.12845765,1.04753137
1591242499.51644492,-0.08517876,-0.13106230,1.05410147
1591242499.52876592,-0.09028316,-0.13237597,1.05991352
1591242499.54041910,-0.09655897,-0.13081214,1.06799984
1591242499.55257750,-0.10184287,-0.13038011,1.08316159
1591242499.56438661,-0.11003974,-0.12291589,1.08846819
1591242499.57669640,-0.11152171,-0.11579730,1.08164549
1591242499.58821535,-0.10850725,-0.11225170,1.07153749
1591242499.60058832,-0.10419143,-0.11217450,1.06547284
1591242499.61238098,-0.09812488,-0.12031600,1.06345129
1591242499.62468743,-0.09614693,-0.12447545,1.05713379
1591242499.63621783,-0.09929850,-0.12449352,1.06673634
1591242499.64880133,-0.09914298,-0.12033866,1.06850517
1591242499.66032839,-0.10126451,-0.11712031,1.06446207
1591242499.67262292,-0.10325123,-0.11450645,1.06698906
1591242499.68443680,-0.10627541,-0.10951070,1.06244051
1591242499.69673324,-0.10657717,-0.10372399,1.05713379
1591242499.70825219,-0.10590230,-0.10743335,1.05637574
1591242499.72058749,-0.10370687,-0.10134225,1.03615999
1591242499.73238540,-0.10293701,-0.10599254,1.03893960
1591242499.74470496,-0.10240123,-0.10504702,1.03995049
1591242499.75625992,-0.10596571,-0.10512881,1.04146659
1591242499.76859450,-0.10115310,-0.10455142,1.04930031
1591242499.78038812,-0.10468826,-0.10651065,1.04854214
1591242499.79269934,-0.10672015,-0.11060637,1.05031097
1591242499.80421925,-0.10469618,-0.11197917,1.05258524
1591242499.81677270,-0.10270405,-0.11438391,1.05081642
1591242499.82831383,-0.10271911,-0.11221571,1.03843427
1591242499.84063148,-0.09924679,-0.10772918,1.02478862
1591242499.85220003,-0.09477854,-0.10662924,1.01366997
1591242499.86479497,-0.09622122,-0.10556099,1.01240647
1591242499.87632275,-0.09660827,-0.10972473,1.02933717
1591242499.88861394,-0.09880458,-0.11189292,1.04171932
1591242499.90019655,-0.09654652,-0.11886156,1.04576254
1591242499.91278434,-0.09436441,-0.12079811,1.03995049
1591242499.92431355,-0.08994593,-0.11821169,1.02908444
1591242499.93667984,-0.08645706,-0.12105748,1.01695514
1591242499.94821882,-0.08706024,-0.11744373,1.00558376
1591242499.96063709,-0.08482013,-0.11954390,1.00280404
1591242499.97244215,-0.08179544,-0.12050290,1.01594424
1591242499.98473406,-0.08532120,-0.13155791,1.04475176
1591242499.99625421,-0.08595279,-0.14085373,1.06875789
1591242500.00881290,-0.08997770,-0.14097185,1.07558072
1591242500.02032971,-0.09416674,-0.13244398,1.07507527
1591242500.03263855,-0.09917311,-0.12070236,1.06597829
1591242500.04444528,-0.10135440,-0.11417463,1.06547284
1591242500.05678988,-0.10459071,-0.11070625,1.06142962
1591242500.06835151,-0.10404069,-0.11182000,1.05890274
1591242500.08066511,-0.10508414,-0.10605596,1.05865002
1591242500.09244370,-0.10548713,-0.10647863,1.06648362
1591242500.10474586,-0.10883807,-0.10256919,1.07280099
1591242500.11625242,-0.11514778,-0.09474587,1.07608604
1591242500.12863374,-0.11996584,-0.08993080,1.07937121
1591242500.14020085,-0.12058465,-0.08931045,1.07684422
1591242500.15280557,-0.11590707,-0.08803566,1.06218779
1591242500.16443753,-0.10913049,-0.08852644,1.05334342
1591242500.17672849,-0.10278358,-0.08838224,1.03691816
1591242500.18832779,-0.09977478,-0.08941417,1.03287494
1591242500.20072889,-0.10149466,-0.08406815,1.02453601
1591242500.21220803,-0.10690925,-0.08004628,1.03969777
1591242500.22471213,-0.12146856,-0.06649449,1.05763924
1591242500.23651075,-0.13368887,-0.05525704,1.07810771
1591242500.24881530,-0.14155746,-0.04099633,1.10085034
1591242500.26034045,-0.14790128,-0.01928141,1.11550677
1591242500.27271914,-0.15316701,0.00220521,1.11196911
1591242500.28424382,-0.15114349,0.01992897,1.10640967
1591242500.29680800,-0.14978227,0.02749905,1.10514617
1591242500.30833197,-0.16419920,0.03630632,1.12131882
1591242500.32064104,-0.17695923,0.04893785,1.12940514
1591242500.33243847,-0.18947744,0.06514138,1.14305079
1591242500.34457803,-0.19653279,0.08752100,1.14987350
1591242500.35638165,-0.19688675,0.07923169,1.15998137
1591242500.36878729,-0.17932312,0.06938489,1.13167942
1591242500.38032651,-0.14131758,0.03986474,1.10918939
1591242500.39262772,-0.10009133,0.01191928,1.08442509
1591242500.40442824,-0.06279765,-0.01782582,1.05713379
1591242500.41672468,-0.03290556,-0.03259438,1.03034794
1591242500.42824817,-0.01855560,-0.03748201,1.02226174
1591242500.44080567,-0.01176632,-0.03123777,1.01417542
1591242500.45232677,-0.00427527,-0.03286358,1.01291192
1591242500.46466446,0.00538411,-0.04229126,1.01720774
1591242500.47624016,0.00931821,-0.05219951,1.01695514
1591242500.48881578,0.01143314,-0.06481746,1.02655756
1591242500.50025105,0.02027333,-0.07988603,1.02327251
1591242500.51275563,0.02203476,-0.10096048,1.02908444
1591242500.52433515,0.00175627,-0.11109722,1.05940819
1591242500.53667140,-0.02464663,-0.09755948,1.09579647
1591242500.54822421,-0.04063765,-0.07924898,1.12359309
1591242500.56059623,-0.06400204,-0.07112336,1.13445902
1591242500.57226562,-0.07861852,-0.06932031,1.13243747
1591242500.58462143,-0.07555389,-0.07733350,1.13294291
1591242500.59641218,-0.07598077,-0.09919561,1.12612009
1591242500.60876274,-0.06467631,-0.10844199,1.10287201
1591242500.62032533,-0.06171940,-0.11471097,1.07077944
1591242500.63272047,-0.06441434,-0.12550311,1.02984262
1591242500.64425659,-0.06901952,-0.12804434,1.01670229
1591242500.65682173,-0.08187140,-0.11782089,1.01720774
1591242500.66843319,-0.10091674,-0.10455617,1.03085339
1591242500.68074608,-0.11364815,-0.09318711,1.03792882
1591242500.69228411,-0.12407116,-0.09005040,1.04930031
1591242500.70463443,-0.12818216,-0.09765999,1.05132174
1591242500.71643186,-0.11954476,-0.10995619,1.06142962
1591242500.72882748,-0.11770810,-0.12032978,1.04980564
1591242500.74037600,-0.11101784,-0.13080801,1.03085339
1591242500.75268149,-0.10144085,-0.13244477,1.00558376
1591242500.76420259,-0.09870934,-0.13190383,1.00482559
1591242500.77662253,-0.10326811,-0.12646687,1.02453601
1591242500.78844595,-0.11715160,-0.11697492,1.05713379
1591242500.80074120,-0.13611367,-0.09733245,1.07305372
1591242500.81226563,-0.14288230,-0.08696550,1.08720481
1591242500.82460427,-0.13628247,-0.08152907,1.08063471
1591242500.83638620,-0.12711152,-0.08883325,1.06799984
1591242500.84863281,-0.09985827,-0.10867439,1.05157447
1591242500.86020637,-0.07907408,-0.13718559,1.04247737
1591242500.87279105,-0.05776638,-0.14667264,1.04222476
1591242500.88434672,-0.04343059,-0.15364125,1.04626787
1591242500.89667058,-0.03101422,-0.15642776,1.05157447
1591242500.90845370,-0.03976443,-0.15523681,1.04803681
1591242500.92065477,-0.01888527,-0.14101766,1.04399359
1591242500.93220663,-0.00606121,-0.13844964,1.01493347
1591242500.94477081,-0.00757230,-0.15661895,1.02731562
1591242500.95631027,0.00158127,-0.15855536,1.03540194
1591242500.96862555,0.02652901,-0.16338751,1.03691816
1591242500.98038864,0.02487756,-0.15575507,1.04374087
1591242500.99268985,0.02996778,-0.14908624,1.05915534
1591242501.00421572,0.03233433,-0.15211816,1.06901062
1591242501.01678872,0.07655483,-0.18026108,1.06698906
1591242501.02832437,0.07086340,-0.22449136,1.07583344
1591242501.04064155,0.07372296,-0.24618834,1.07482266
1591242501.05244350,0.08161108,-0.24130182,1.05839729
1591242501.06474543,0.07681000,-0.25635740,1.05940819
1591242501.07632637,0.07721172,-0.27454066,1.04424632
1591242501.08864760,0.07617769,-0.29601967,1.02529407
1591242501.10044456,0.07345963,-0.31263450,1.02276707
1591242501.11282611,0.06675282,-0.32579002,1.02099824
1591242501.12435532,0.04953218,-0.33356321,1.02605212
1591242501.13667679,0.02431467,-0.32522163,1.03363299
1591242501.14845467,0.00742837,-0.30477455,1.04854214
1591242501.16081476,-0.02302779,-0.29208249,1.07280099
1591242501.17228627,-0.06410898,-0.28283611,1.09604919
1591242501.18477011,-0.09924881,-0.26349822,1.11297989
1591242501.19635701,-0.11776634,-0.24624240,1.11752832
1591242501.20882082,-0.13731721,-0.24118751,1.11651766
1591242501.22038436,-0.14020568,-0.24218315,1.10716784
1591242501.23267031,-0.13794357,-0.25757056,1.10969472
1591242501.24444962,-0.12756059,-0.27157614,1.10514617
1591242501.25680494,-0.14258344,-0.27108070,1.10059774
1591242501.26833582,-0.14997762,-0.24359715,1.08240354
1591242501.28076434,-0.15178612,-0.22233236,1.05435419
1591242501.29231215,-0.15650092,-0.21803686,1.03034794
1591242501.30461740,-0.15428349,-0.22523299,1.01543880
1591242501.31644559,-0.14812374,-0.22265561,1.00937414
1591242501.32876921,-0.15057570,-0.22387843,1.00886869
1591242501.34032154,-0.15401191,-0.22286931,1.00406754
1591242501.35270548,-0.16784668,-0.21442325,1.00507832
1591242501.36424756,-0.17521116,-0.20529088,0.99800277
1591242501.37658405,-0.17397651,-0.21776925,0.97905052
1591242501.38845110,-0.17021430,-0.22139712,0.94897962
1591242501.40076923,-0.15827802,-0.21909304,0.89237553
1591242501.41230702,-0.14400449,-0.21131110,0.85472369
1591242501.42460632,-0.14570405,-0.19976495,0.84461582
1591242501.43637967,-0.16164561,-0.19317318,0.87999338
1591242501.44867635,-0.19661579,-0.16630256,0.92876387
1591242501.46045375,-0.23380348,-0.11755770,0.97526002
1591242501.47281051,-0.27757195,-0.07417697,1.02958989
1591242501.48439932,-0.29711941,-0.03818427,1.06218779
1591242501.49678493,-0.31525207,-0.03962274,1.09781802
1591242501.50824904,-0.31696826,-0.06051298,1.13066864
1591242501.52061534,-0.28551155,-0.09183289,1.14153457
1591242501.53239703,-0.25171247,-0.12720694,1.10312462
1591242501.54475451,-0.22532263,-0.16939664,1.06951594
1591242501.55631042,-0.18854186,-0.19433498,1.04980564
1591242501.56861973,-0.15909049,-0.22446899,1.04298282
1591242501.58022642,-0.14047313,-0.24032934,1.03110611
1591242501.59259748,-0.14068919,-0.24957998,1.03110611
1591242501.60438943,-0.14031816,-0.24491128,1.04652059
1591242501.61669636,-0.14125921,-0.24100645,1.04828942
1591242501.62822509,-0.14968649,-0.22840554,1.05106914
1591242501.64080215,-0.15732601,-0.21064526,1.04626787
1591242501.65232658,-0.16498916,-0.19494408,1.05182719
1591242501.66462994,-0.17919798,-0.17848843,1.04803681
1591242501.67621422,-0.18952236,-0.16823772,1.04803681
1591242501.68864322,-0.19808516,-0.16343743,1.04247737
1591242501.70044708,-0.20969495,-0.15345941,1.04753137
1591242501.71264052,-0.21768492,-0.13033049,1.04980564
1591242501.72444892,-0.22874825,-0.10666062,1.05132174
1591242501.73674631,-0.24132660,-0.08442955,1.05814469
1591242501.74826312,-0.25021920,-0.06818847,1.05763924
1591242501.76084495,-0.25003228,-0.06489597,1.05940819
1591242501.77237535,-0.24232019,-0.06994042,1.06319857
1591242501.78470349,-0.23560886,-0.06295314,1.05031097
1591242501.79625225,-0.22970657,-0.05580566,1.03893960
1591242501.80883694,-0.22404668,-0.05170535,1.03919232
1591242501.82036424,-0.21585169,-0.05646355,1.05561769
1591242501.83282685,-0.21122441,-0.05365502,1.05738652
1591242501.84431744,-0.21304449,-0.05549898,1.06016624
1591242501.85666728,-0.20645270,-0.06419381,1.05536497
1591242501.86825037,-0.19564728,-0.07863526,1.05839729
1591242501.88059664,-0.19284433,-0.09815513,1.08366704
1591242501.89230704,-0.19570597,-0.11715169,1.10211384
1591242501.90462303,-0.18796159,-0.11918370,1.09807074
1591242501.91643429,-0.19333188,-0.11974747,1.08998442
1591242501.92881250,-0.18195730,-0.11752506,1.04879487
1591242501.94045854,-0.15932480,-0.11621186,1.00128782
1591242501.95281076,-0.13519005,-0.12980872,0.96136177
1591242501.96446538,-0.12353162,-0.14406876,0.96616298
1591242501.97682667,-0.14702418,-0.13129029,0.99345422
1591242501.98845625,-0.18677723,-0.08661083,1.02681029
1591242502.00064373,-0.21459585,-0.04468749,1.05713379
1591242502.01246357,-0.23376656,-0.01049786,1.09175336
1591242502.02481484,-0.23989502,0.01551506,1.11196911
1591242502.03639817,-0.25632975,0.02138767,1.13319564
1591242502.04883003,-0.25550377,0.01388576,1.13319564
1591242502.06039357,-0.24380367,0.00047370,1.12612009
1591242502.07274199,-0.23896280,0.00402191,1.10969472
1591242502.08430743,-0.22616391,0.02414857,1.10893667
1591242502.09665322,-0.23122454,0.04791887,1.08998442
1591242502.10847425,-0.22705965,0.05190333,1.08341432
1591242502.12083244,-0.22264561,0.05639904,1.07633877
1591242502.13240075,-0.22088490,0.04838244,1.08139277
1591242502.14475155,-0.21279997,0.05635129,1.08619392
1591242502.15631485,-0.20046216,0.07252762,1.08240354
1591242502.16877747,-0.19328792,0.08814839,1.06648362
