1591242493.51637697,5.64676147,0.11665955,-0.12757135
1591242493.52869987,5.64933932,0.11418817,-0.12974603
1591242493.54024959,5.65140055,0.11183546,-0.13140584
1591242493.55264640,5.65325758,0.10989989,-0.13230643
1591242493.56421614,5.65495579,0.10881604,-0.13214062
1591242493.57664776,5.65686518,0.10871481,-0.13108644
1591242493.58823538,5.65911665,0.10931695,-0.12949470
1591242493.60060692,5.66136813,0.11042000,-0.12789075
1591242493.61218309,5.66347125,0.11184768,-0.12668821
1591242493.62475872,5.66537540,0.11331550,-0.12599183
1591242493.63619995,5.66682577,0.11472747,-0.12554677
1591242493.64857626,5.66753787,0.11612025,-0.12513138
1591242493.66023970,5.66779268,0.11763868,-0.12451179
1591242493.67262936,5.66824123,0.11931071,-0.12373163
1591242493.68419361,5.66921338,0.12108571,-0.12297415
1591242493.69654369,5.67065153,0.12293052,-0.12205087
1591242493.70811677,5.67237766,0.12474217,-0.12084136
1591242493.72049594,5.67416837,0.12640373,-0.11924439
1591242493.73232770,5.67596083,0.12792740,-0.11749557
1591242493.74453545,5.67775502,0.12938126,-0.11577467
1591242493.75612330,5.67947243,0.13066058,-0.11411486
1591242493.76856470,5.68116714,0.13184566,-0.11249869
1591242493.78032327,5.68291073,0.13309008,-0.11087902
1591242493.79269814,5.68469794,0.13459456,-0.10910228
1591242493.80428004,5.68665620,0.13636257,-0.10725921
1591242493.81662560,5.68890768,0.13817946,-0.10536204
1591242493.82822418,5.69141921,0.13984800,-0.10340203
1591242493.84060645,5.69412796,0.14121284,-0.10146123
1591242493.85218477,5.69703917,0.14210645,-0.09970542
1591242493.86454320,5.69998005,0.14271383,-0.09820968
1591242493.87636256,5.70286333,0.14299133,-0.09696875
1591242493.88870239,5.70557732,0.14311002,-0.09564753
1591242493.90027833,5.70825814,0.14318332,-0.09405579
1591242493.91263008,5.71106114,0.14330375,-0.09218829
1591242493.92420578,5.71403867,0.14365805,-0.09028588
1591242493.93654990,5.71730593,0.14416071,-0.08854055
1591242493.94819808,5.72069361,0.14468430,-0.08716174
1591242493.96054578,5.72401672,0.14507700,-0.08607266
1591242493.97221708,5.72725954,0.14515205,-0.08515810
1591242493.98469257,5.73044477,0.14489025,-0.08431162
1591242493.99622798,5.73363174,0.14430906,-0.08368505
1591242494.00853992,5.73685885,0.14366329,-0.08332551
1591242494.02012610,5.74011215,0.14312747,-0.08325046
1591242494.03269458,5.74353299,0.14264751,-0.08331155
1591242494.04427505,5.74704634,0.14215707,-0.08348608
1591242494.05658627,5.75047940,0.14149559,-0.08388751
1591242494.06811380,5.75380600,0.14072939,-0.08464323
1591242494.08074427,5.75703661,0.13989687,-0.08578119
1591242494.09227729,5.76018169,0.13900500,-0.08720363
1591242494.10462689,5.76333375,0.13807649,-0.08884249
1591242494.11624622,5.76648931,0.13704849,-0.09056339
1591242494.12857747,5.76954887,0.13619328,-0.09227381
1591242494.14035082,5.77249150,0.13551260,-0.09393188
1591242494.15271115,5.77517930,0.13513212,-0.09554805
1591242494.16424680,5.77756517,0.13500296,-0.09690417
1591242494.17652845,5.77994056,0.13508150,-0.09806132
1591242494.18831611,5.78224963,0.13529792,-0.09890955
1591242494.20061827,5.78456394,0.13564699,-0.09948726
1591242494.21219683,5.78687999,0.13609030,-0.09982934
1591242494.22450733,5.78913496,0.13653885,-0.10011383
1591242494.23630643,5.79139690,0.13696471,-0.10064965
1591242494.24864864,5.79373215,0.13716892,-0.10170557
1591242494.26023579,5.79591905,0.13709038,-0.10312627
1591242494.27256393,5.79758409,0.13679716,-0.10459584
1591242494.28435135,5.79879012,0.13632592,-0.10584200
1591242494.29666710,5.79996298,0.13589832,-0.10679670
1591242494.30819321,5.80126848,0.13553878,-0.10748087
1591242494.32051253,5.80275027,0.13509023,-0.10807951
1591242494.33231211,5.80432456,0.13456838,-0.10861009
1591242494.34461522,5.80568591,0.13392609,-0.10900628
1591242494.35624170,5.80677849,0.13337108,-0.10919478
1591242494.36857438,5.80779078,0.13284574,-0.10904119
1591242494.38036871,5.80878213,0.13226629,-0.10873750
1591242494.39266944,5.80977696,0.13174967,-0.10829943
1591242494.40418935,5.81059029,0.13141457,-0.10775663
1591242494.41673756,5.81096728,0.13154023,-0.10699566
1591242494.42824817,5.81097775,0.13199576,-0.10570761
1591242494.44055843,5.81085383,0.13298187,-0.10433229
1591242494.45217848,5.81053444,0.13450031,-0.10290287
1591242494.46474528,5.80997419,0.13628578,-0.10168114
1591242494.47627974,5.80896713,0.13805903,-0.10040007
1591242494.48866868,5.80763894,0.13977993,-0.09904569
1591242494.50018382,5.80619729,0.14146592,-0.09736843
1591242494.51274371,5.80482896,0.14343639,-0.09556550
1591242494.52427244,5.80357406,0.14589556,-0.09310284
1591242494.53658199,5.80242913,0.14897083,-0.08968200
1591242494.54836249,5.80170482,0.15264824,-0.08497485
1591242494.56073737,5.80178161,0.15705869,-0.07961145
1591242494.57227826,5.80288815,0.16133475,-0.07345567
1591242494.58463717,5.80489004,0.16508895,-0.06673441
1591242494.59617710,5.80746615,0.16802285,-0.06053675
1591242494.60881591,5.81015047,0.16978039,-0.05513321
1591242494.62033200,5.81251713,0.17017833,-0.05097234
1591242494.63264775,5.81411760,0.16948369,-0.04788660
1591242494.64418697,5.81480002,0.16778374,-0.04564211
1591242494.65651441,5.81492220,0.16535598,-0.04428598
1591242494.66832018,5.81506880,0.16207651,-0.04359134
1591242494.68062544,5.81554702,0.15835721,-0.04360182
1591242494.69217324,5.81628355,0.15389441,-0.04404164
1591242494.70456457,5.81696074,0.14907381,-0.04425108
1591242494.71621084,5.81719287,0.14418339,-0.04452160
1591242494.72853398,5.81641969,0.13951638,-0.04482878
1591242494.74036574,5.81451030,0.13587214,-0.04532795
1591242494.75268865,5.81150135,0.13373062,-0.04559149
1591242494.76427913,5.80758483,0.13266422,-0.04531224
1591242494.77658200,5.80315519,0.13316688,-0.04468741
1591242494.78835654,5.79859639,0.13510419,-0.04444830
1591242494.80072045,5.79423306,0.13804507,-0.04482006
1591242494.81225061,5.79035145,0.14113081,-0.04551993
1591242494.82456493,5.78710688,0.14363885,-0.04644496
1591242494.83634043,5.78482225,0.14502988,-0.04764923
1591242494.84865236,5.78366858,0.14511889,-0.04948183
1591242494.86022496,5.78357434,0.14372612,-0.05213822
1591242494.87271047,5.78398973,0.14091614,-0.05539501
1591242494.88417244,5.78429865,0.13722128,-0.05860990
1591242494.89675689,5.78430039,0.13323320,-0.06137974
1591242494.90835834,5.78396878,0.12935857,-0.06343923
1591242494.92069340,5.78332825,0.12610004,-0.06497163
1591242494.93221521,5.78220600,0.12362865,-0.06605722
1591242494.94451618,5.78053572,0.12199677,-0.06671347
1591242494.95630574,5.77826155,0.12118694,-0.06710093
1591242494.96872854,5.77540794,0.12152029,-0.06753901
1591242494.98027706,5.77206215,0.12293401,-0.06825808
1591242494.99258018,5.76840568,0.12499874,-0.06910457
1591242495.00435328,5.76499531,0.12704077,-0.07030186
1591242495.01665258,5.76205094,0.12899205,-0.07209432
1591242495.02817750,5.75950450,0.13073738,-0.07399323
1591242495.04076266,5.75750610,0.13149834,-0.07548025
1591242495.05231905,5.75603304,0.13183868,-0.07672642
1591242495.06467795,5.75512722,0.13143202,-0.07767588
1591242495.07620811,5.75480084,0.13038482,-0.07847000
1591242495.08878183,5.75522146,0.12891351,-0.07956782
1591242495.10031438,5.75606969,0.12710360,-0.08094837
1591242495.11261868,5.75686382,0.12515232,-0.08241794
1591242495.12413335,5.75739614,0.12318534,-0.08376882
1591242495.13668704,5.75747817,0.12108047,-0.08473224
1591242495.14822030,5.75693538,0.11964232,-0.08558047
1591242495.16054583,5.75590912,0.11854625,-0.08594525
1591242495.17218423,5.75452333,0.11803487,-0.08587194
1591242495.18461084,5.75291588,0.11803836,-0.08558047
1591242495.19635844,5.75121244,0.11836648,-0.08490678
1591242495.20870590,5.74952471,0.11889706,-0.08373217
1591242495.22022963,5.74790853,0.11974355,-0.08208982
1591242495.23255515,5.74630283,0.12082042,-0.08003382
1591242495.24438572,5.74480185,0.12216083,-0.07774046
1591242495.25668144,5.74352776,0.12360596,-0.07547676
1591242495.26825452,5.74235839,0.12540365,-0.07359879
1591242495.28070283,5.74134086,0.12675105,-0.07223569
1591242495.29229212,5.74039489,0.12764989,-0.07132288
1591242495.30466986,5.73954492,0.12829043,-0.07187266
1591242495.31631899,5.73916618,0.12753644,-0.07333874
1591242495.32873988,5.73932151,0.12588362,-0.07648556
1591242495.34033155,5.73971247,0.12383809,-0.08161334
1591242495.35271454,5.74014705,0.12180827,-0.08815484
1591242495.36425471,5.74079981,0.11984303,-0.09548871
1591242495.37670970,5.74156601,0.11823558,-0.10326764
1591242495.38830614,5.74239678,0.11688994,-0.11154748
1591242495.40061831,5.74330435,0.11607661,-0.12027413
1591242495.41220880,5.74452259,0.11535928,-0.12896412
1591242495.42452669,5.74599042,0.11448487,-0.13727364
1591242495.43630362,5.74737446,0.11332248,-0.14495483
1591242495.44866967,5.74859968,0.11177089,-0.15159755
1591242495.46022606,5.74971320,0.10977423,-0.15695397
1591242495.47257900,5.75091574,0.10767285,-0.16103629
1591242495.48436618,5.75207813,0.10574775,-0.16357051
1591242495.49666452,5.75308343,0.10406700,-0.16445539
1591242495.50819349,5.75380600,0.10278069,-0.16364382
1591242495.52076459,5.75414809,0.10227629,-0.16138711
1591242495.53230524,5.75407653,0.10272659,-0.15821759
1591242495.54459715,5.75334872,0.10384011,-0.15475660
1591242495.55638075,5.75206765,0.10525208,-0.15132005
1591242495.56868362,5.75077087,0.10670594,-0.14810340
1591242495.58028078,5.74955962,0.10789625,-0.14520616
1591242495.59258962,5.74818080,0.10892600,-0.14284473
1591242495.60417700,5.74674440,0.10981437,-0.14092312
1591242495.61673450,5.74527832,0.11054566,-0.13947101
1591242495.62828088,5.74388555,0.11105705,-0.13840286
1591242495.64060116,5.74283835,0.11147592,-0.13764714
1591242495.65239000,5.74210008,0.11179881,-0.13717415
1591242495.66470647,5.74125534,0.11216184,-0.13692806
1591242495.67628098,5.74016800,0.11271162,-0.13665754
1591242495.68870425,5.73888518,0.11350923,-0.13618455
1591242495.70025158,5.73758840,0.11446218,-0.13530316
1591242495.71255445,5.73667909,0.11528249,-0.13418789
1591242495.72433209,5.73648186,0.11582179,-0.13293300
1591242495.73664618,5.73723934,0.11598062,-0.13173920
1591242495.74818969,5.73874032,0.11571184,-0.13056634
1591242495.76075125,5.74071952,0.11496833,-0.12968145
1591242495.77229047,5.74283661,0.11402236,-0.12895016
1591242495.78464484,5.74480359,0.11311479,-0.12823283
1591242495.79618359,5.74640406,0.11246378,-0.12765338
1591242495.80873775,5.74761881,0.11208330,-0.12703728
1591242495.82025003,5.74846355,0.11195938,-0.12625537
1591242495.83254671,5.74918611,0.11182674,-0.12549965
1591242495.84438252,5.74987901,0.11161555,-0.12478231
1591242495.85671639,5.75067663,0.11121238,-0.12391489
1591242495.86825466,5.75164354,0.11058581,-0.12304048
1591242495.88061380,5.75262267,0.11002207,-0.12202819
1591242495.89219451,5.75358085,0.10978470,-0.12086231
1591242495.90476727,5.75442385,0.10997843,-0.11954458
1591242495.91618347,5.75514118,0.11073591,-0.11812563
1591242495.92856741,5.75572237,0.11210075,-0.11674682
1591242495.94041991,5.75629833,0.11382863,-0.11570311
1591242495.95277476,5.75691792,0.11563504,-0.11506956
1591242495.96434474,5.75752181,0.11737514,-0.11476936
1591242495.97669077,5.75838400,0.11881329,-0.11486710
1591242495.98832464,5.75955337,0.11977846,-0.11523013
1591242496.00068974,5.76093218,0.12027587,-0.11585321
1591242496.01224828,5.76245411,0.12044168,-0.11677649
1591242496.02460384,5.76393589,0.12039456,-0.11786383
1591242496.03617859,5.76534612,0.12024620,-0.11902971
1591242496.04876804,5.76671620,0.12004898,-0.12015021
1591242496.06022787,5.76797807,0.11986049,-0.12109094
1591242496.07257605,5.76907065,0.11968246,-0.12174195
1591242496.08417392,5.76999917,0.11942939,-0.12208753
1591242496.09673119,5.77079853,0.11921122,-0.12217479
1591242496.10825396,5.77148270,0.11891103,-0.12204738
1591242496.12055922,5.77214068,0.11844153,-0.12159011
1591242496.13233423,5.77285452,0.11773817,-0.12072442
1591242496.14463282,5.77380398,0.11687772,-0.11951840
1591242496.15641594,5.77500128,0.11589684,-0.11824257
1591242496.16872311,5.77629631,0.11475540,-0.11712206
1591242496.18023777,5.77773796,0.11332074,-0.11633318
1591242496.19258904,5.77931224,0.11164173,-0.11593699
1591242496.20437479,5.78080450,0.10979517,-0.11589161
1591242496.21666527,5.78221822,0.10785786,-0.11616737
1591242496.22819638,5.78349754,0.10585247,-0.11667002
1591242496.24075007,5.78455347,0.10402162,-0.11729485
1591242496.25227785,5.78533188,0.10241941,-0.11789001
1591242496.26465082,5.78565128,0.10118895,-0.11819370
1591242496.27618384,5.78559019,0.10035120,-0.11811690
1591242496.28877854,5.78536330,0.09976826,-0.11748509
1591242496.30032086,5.78506659,0.09948900,-0.11634016
1591242496.31264186,5.78468088,0.09937556,-0.11472747
1591242496.32422042,5.78433181,0.09942966,-0.11271685
1591242496.33653307,5.78404034,0.09960245,-0.11044444
1591242496.34831452,5.78386406,0.09980491,-0.10809871
1591242496.36061335,5.78375760,0.09997595,-0.10569539
1591242496.37220311,5.78364764,0.10015223,-0.10339854
1591242496.38471866,5.78358132,0.10051526,-0.10124830
1591242496.39624858,5.78356910,0.10103711,-0.09929527
1591242496.40867972,5.78368778,0.10182251,-0.09760928
1591242496.42022204,5.78397925,0.10271612,-0.09613797
1591242496.43277884,5.78449413,0.10375633,-0.09489879
1591242496.44431067,5.78530745,0.10490651,-0.09390744
1591242496.45662022,5.78665135,0.10600083,-0.09339606
1591242496.46838188,5.78844206,0.10697472,-0.09339955
1591242496.48072839,5.79039334,0.10786658,-0.09392838
1591242496.49233556,5.79248250,0.10857170,-0.09490402
1591242496.50465083,5.79467638,0.10911973,-0.09613274
1591242496.51621222,5.79692087,0.10961191,-0.09767212
1591242496.52868009,5.79922645,0.11008315,-0.09933192
1591242496.54023480,5.80157043,0.11053694,-0.10112089
1591242496.55252814,5.80391440,0.11096454,-0.10283131
1591242496.56431532,5.80617286,0.11129267,-0.10427470
1591242496.57661462,5.80826726,0.11139738,-0.10547548
1591242496.58838820,5.81007193,0.11125078,-0.10635687
1591242496.60075569,5.81153800,0.11089997,-0.10672514
1591242496.61229825,5.81262883,0.11033448,-0.10637433
1591242496.62458730,5.81339503,0.10979692,-0.10534633
1591242496.63637710,5.81384533,0.10930124,-0.10353119
1591242496.64867449,5.81384009,0.10929252,-0.10130938
1591242496.66018677,5.81344739,0.10955083,-0.09910503
1591242496.67260695,5.81262360,0.10995051,-0.09622698
1591242496.68442678,5.81143503,0.11064515,-0.09291086
1591242496.69674683,5.81003702,0.11208854,-0.08966804
1591242496.70833349,5.80840688,0.11406599,-0.08665560
1591242496.72064614,5.80652367,0.11590906,-0.08391543
1591242496.73217940,5.80449734,0.11724075,-0.08163254
1591242496.74457431,5.80265079,0.11798251,-0.08004254
1591242496.75637460,5.80101890,0.11819370,-0.07902851
1591242496.76866484,5.79945683,0.11807152,-0.07855727
1591242496.78018856,5.79804137,0.11790048,-0.07858519
1591242496.79256630,5.79668874,0.11788826,-0.07881383
1591242496.80417752,5.79543734,0.11821290,-0.07920828
1591242496.81673479,5.79425924,0.11893721,-0.07970919
1591242496.82827663,5.79319459,0.11983605,-0.08031831
1591242496.84059143,5.79223117,0.12086754,-0.08099200
1591242496.85219884,5.79134105,0.12192521,-0.08172155
1591242496.86478114,5.79042650,0.12281184,-0.08230624
1591242496.87635541,5.78956605,0.12351695,-0.08268148
1591242496.88864636,5.78907212,0.12410862,-0.08282809
1591242496.90026045,5.78892377,0.12463047,-0.08290139
1591242496.91258597,5.78895344,0.12510171,-0.08298168
1591242496.92437220,5.78917335,0.12552757,-0.08326617
1591242496.93665099,5.78963063,0.12583824,-0.08386831
1591242496.94818330,5.79026942,0.12588187,-0.08476715
1591242496.96074557,5.79075462,0.12579635,-0.08593303
1591242496.97228146,5.79107402,0.12561135,-0.08735547
1591242496.98464537,5.79126775,0.12539493,-0.08903448
1591242496.99618030,5.79129218,0.12519421,-0.09081472
1591242497.00855875,5.79124506,0.12509822,-0.09258797
1591242497.02036500,5.79107751,0.12489053,-0.09396155
1591242497.03268099,5.79075637,0.12456589,-0.09458637
1591242497.04420447,5.79047188,0.12406149,-0.09423207
1591242497.05677247,5.79044046,0.12334416,-0.09309237
1591242497.06831050,5.79076160,0.12241390,-0.09141336
1591242497.08061576,5.79172153,0.12135449,-0.08968549
1591242497.09242773,5.79317888,0.12002106,-0.08805012
1591242497.10478020,5.79479680,0.11860559,-0.08676904
1591242497.11618805,5.79651421,0.11678696,-0.08588591
1591242497.12878537,5.79835553,0.11448313,-0.08555080
1591242497.14037371,5.80018114,0.11177787,-0.08586671
1591242497.15266824,5.80168038,0.10884397,-0.08669923
1591242497.16419125,5.80282183,0.10599210,-0.08800299
1591242497.17674017,5.80370846,0.10342647,-0.08964186
1591242497.18825030,5.80430710,0.10142981,-0.09152507
1591242497.20061827,5.80432805,0.10027440,-0.09341002
1591242497.21219063,5.80373289,0.09990963,-0.09501572
1591242497.22475314,5.80273456,0.10005449,-0.09603674
1591242497.23631430,5.80152854,0.10027789,-0.09628632
1591242497.24862671,5.80027365,0.10033549,-0.09585872
1591242497.26042414,5.79904144,0.10035992,-0.09499478
1591242497.27272272,5.79780750,0.10038261,-0.09383937
1591242497.28424740,5.79662242,0.10048035,-0.09250594
1591242497.29653525,5.79559616,0.10056413,-0.09122487
1591242497.30834794,5.79473921,0.10059380,-0.09022829
1591242497.32067299,5.79395556,0.10050129,-0.08957030
1591242497.33219552,5.79320157,0.10020459,-0.08930850
1591242497.34475207,5.79251217,0.09987298,-0.08939751
1591242497.35628009,5.79190130,0.09944013,-0.08971516
1591242497.36867023,5.79142308,0.09900031,-0.09010088
1591242497.38019562,5.79107053,0.09867044,-0.09042376
1591242497.39255857,5.79069353,0.09850813,-0.09065415
1591242497.40435576,5.79030607,0.09861634,-0.09064018
1591242497.41672134,5.79000937,0.09899158,-0.09046042
1591242497.42829108,5.78983309,0.09936683,-0.09023527
1591242497.44063330,5.78977200,0.09962514,-0.09003281
1591242497.45243239,5.78972488,0.09964259,-0.08996125
1591242497.46454954,5.78966554,0.09942094,-0.09003106
1591242497.47633123,5.78959049,0.09903696,-0.09021432
1591242497.48861575,5.78956605,0.09868964,-0.09059655
1591242497.50038576,5.78962714,0.09847671,-0.09110968
1591242497.51277065,5.78977724,0.09850115,-0.09172752
1591242497.52436543,5.79003206,0.09863379,-0.09231046
1591242497.53668451,5.79029211,0.09878389,-0.09286722
1591242497.54820228,5.79058009,0.09894795,-0.09325469
1591242497.56074882,5.79087679,0.09890955,-0.09344144
1591242497.57228112,5.79120317,0.09855525,-0.09348856
1591242497.58465290,5.79171804,0.09798802,-0.09351998
1591242497.59619141,5.79230971,0.09728814,-0.09369102
1591242497.60876799,5.79281760,0.09651496,-0.09415004
1591242497.62033892,5.79314921,0.09601231,-0.09477661
1591242497.63270235,5.79342672,0.09566324,-0.09548173
1591242497.64421940,5.79375310,0.09526880,-0.09612924
1591242497.65678620,5.79402362,0.09476963,-0.09677327
1591242497.66831613,5.79430637,0.09411339,-0.09755867
1591242497.68060660,5.79448264,0.09345365,-0.09843133
1591242497.69224072,5.79443378,0.09283057,-0.09926909
1591242497.70454693,5.79413358,0.09240122,-0.09989567
1591242497.71639132,5.79360823,0.09212371,-0.10021681
1591242497.72877073,5.79288043,0.09212546,-0.10018539
1591242497.74033022,5.79202871,0.09241169,-0.09986250
1591242497.75274467,5.79126251,0.09283755,-0.09929876
1591242497.76432276,5.79058882,0.09341700,-0.09854129
1591242497.77671647,5.78996050,0.09417099,-0.09773495
1591242497.78828883,5.78938454,0.09509426,-0.09708394
1591242497.80062842,5.78887665,0.09605594,-0.09661619
1591242497.81219387,5.78844381,0.09694431,-0.09632298
1591242497.82462645,5.78804063,0.09767910,-0.09611179
1591242497.83620071,5.78775615,0.09822364,-0.09584999
1591242497.84856153,5.78749958,0.09873677,-0.09549045
1591242497.86042356,5.78733378,0.09925862,-0.09506110
1591242497.87275767,5.78736345,0.09981363,-0.09477138
1591242497.88432956,5.78753274,0.10053795,-0.09466666
1591242497.89667869,5.78785039,0.10132858,-0.09468760
1591242497.90823102,5.78825356,0.10208431,-0.09478709
1591242497.92060781,5.78854329,0.10270914,-0.09498605
1591242497.93218946,5.78876146,0.10319085,-0.09530021
1591242497.94454789,5.78901278,0.10353642,-0.09572956
1591242497.95636129,5.78925015,0.10377204,-0.09613274
1591242497.96871805,5.78953813,0.10390643,-0.09655860
1591242497.98028851,5.78980865,0.10395879,-0.09694082
1591242497.99262094,5.79000413,0.10401639,-0.09719739
1591242498.00418925,5.79008616,0.10424153,-0.09723927
1591242498.01679873,5.78987498,0.10451206,-0.09690417
1591242498.02840161,5.78944912,0.10491349,-0.09630203
1591242498.04076552,5.78901627,0.10540567,-0.09546078
1591242498.05231762,5.78860438,0.10592927,-0.09447467
1591242498.06466794,5.78816106,0.10653664,-0.09348682
1591242498.07622051,5.78777011,0.10710213,-0.09251118
1591242498.08857703,5.78744373,0.10760653,-0.09169611
1591242498.10019636,5.78720462,0.10793116,-0.09105906
1591242498.11256075,5.78707023,0.10806730,-0.09073967
1591242498.12419581,5.78699867,0.10800621,-0.09061924
1591242498.13655829,5.78697598,0.10788753,-0.09057735
1591242498.14834857,5.78698122,0.10775314,-0.09062273
1591242498.16065645,5.78706150,0.10765016,-0.09078854
1591242498.17218280,5.78715924,0.10772172,-0.09112888
1591242498.18473172,5.78698646,0.10785437,-0.09160535
1591242498.19624352,5.78649253,0.10801145,-0.09203819
1591242498.20855379,5.78595497,0.10822787,-0.09225636
1591242498.22033739,5.78542788,0.10841985,-0.09227556
1591242498.23269820,5.78476989,0.10861009,-0.09208008
1591242498.24422383,5.78395482,0.10895916,-0.09166644
1591242498.25678253,5.78301583,0.10945832,-0.09111491
1591242498.26832366,5.78195118,0.11034321,-0.09046042
1591242498.28063893,5.78074516,0.11168711,-0.08976577
1591242498.29243922,5.77940300,0.11340800,-0.08899434
1591242498.30474448,5.77797707,0.11552683,-0.08836777
1591242498.31625319,5.77658604,0.11785859,-0.08805710
1591242498.32865858,5.77534336,0.12019384,-0.08810248
1591242498.34020209,5.77436074,0.12224112,-0.08851961
1591242498.35276937,5.77369577,0.12386602,-0.08919505
1591242498.36429858,5.77343223,0.12491671,-0.09001012
1591242498.37659383,5.77353520,0.12538445,-0.09096307
1591242498.38844085,5.77391394,0.12557469,-0.09208532
1591242498.40073156,5.77434504,0.12576843,-0.09330879
1591242498.41224289,5.77467839,0.12619778,-0.09445198
1591242498.42455363,5.77483896,0.12689067,-0.09540319
1591242498.43638659,5.77478311,0.12781919,-0.09617462
1591242498.44868422,5.77478835,0.12888384,-0.09673138
1591242498.46032357,5.77479708,0.12996420,-0.09708394
1591242498.47267485,5.77452830,0.13093635,-0.09726894
1591242498.48420310,5.77415829,0.13172698,-0.09734225
1591242498.49675989,5.77419145,0.13213713,-0.09737541
1591242498.50831747,5.77463127,0.13206208,-0.09739461
1591242498.52074194,5.77523341,0.13137442,-0.09752202
1591242498.53239751,5.77584078,0.13017887,-0.09774367
1591242498.54464722,5.77632948,0.12875817,-0.09809099
1591242498.55620575,5.77654415,0.12736191,-0.09843657
1591242498.56879306,5.77638358,0.12620825,-0.09856921
1591242498.58037806,5.77583380,0.12552059,-0.09836152
1591242498.59271431,5.77497510,0.12544205,-0.09774891
1591242498.60424089,5.77394361,0.12578413,-0.09659001
1591242498.61659670,5.77298368,0.12647877,-0.09478883
1591242498.62838817,5.77212672,0.12745616,-0.09190904
1591242498.64059877,5.77131863,0.12897111,-0.08709891
1591242498.65239263,5.77064843,0.13139711,-0.08087332
1591242498.66469717,5.77008469,0.13485985,-0.07393040
1591242498.67630053,5.76956283,0.13869433,-0.06683215
1591242498.68862534,5.76888914,0.14247297,-0.06030811
1591242498.70020914,5.76792921,0.14576292,-0.05475971
1591242498.71280408,5.76655912,0.14818893,-0.05083271
1591242498.72419906,5.76497436,0.14946302,-0.04862138
1591242498.73670292,5.76371424,0.14959217,-0.04826184
1591242498.74830341,5.76279794,0.14874045,-0.04966334
1591242498.76063299,5.76197065,0.14723074,-0.05219756
1591242498.77230382,5.76138597,0.14557442,-0.05520302
1591242498.78476620,5.76113115,0.14403853,-0.05831320
1591242498.79631710,5.76114511,0.14288836,-0.06136054
1591242498.80863905,5.76144356,0.14204711,-0.06414783
1591242498.82026410,5.76186244,0.14133502,-0.06651799
1591242498.83259869,5.76223594,0.14072066,-0.06848148
1591242498.84419942,5.76253265,0.14019183,-0.07010639
1591242498.85677910,5.76285553,0.13964205,-0.07135430
1591242498.86829996,5.76320285,0.13900500,-0.07250098
1591242498.88060927,5.76356414,0.13824229,-0.07365813
1591242498.89221501,5.76396382,0.13740977,-0.07488510
1591242498.90479660,5.76451185,0.13644460,-0.07613824
1591242498.91646385,5.76522045,0.13538519,-0.07750135
1591242498.92859578,5.76577547,0.13420709,-0.07900756
1591242498.94044137,5.76614897,0.13283701,-0.08064817
1591242498.95255971,5.76620831,0.13121385,-0.08236209
1591242498.96434665,5.76599887,0.12945980,-0.08396604
1591242498.97664237,5.76582434,0.12773716,-0.08546354
1591242498.98843122,5.76571613,0.12608957,-0.08690867
1591242499.00073266,5.76555032,0.12453099,-0.08832762
1591242499.01231575,5.76523442,0.12305269,-0.08962964
1591242499.02461791,5.76488710,0.12164421,-0.09068033
1591242499.03639174,5.76451534,0.12041027,-0.09133657
1591242499.04880977,5.76417151,0.11955505,-0.09166644
1591242499.06035137,5.76394985,0.11900004,-0.09164375
1591242499.07270384,5.76406156,0.11865446,-0.09142733
1591242499.08422709,5.76446124,0.11834729,-0.09106081
1591242499.09679079,5.76493248,0.11821115,-0.09067335
1591242499.10832119,5.76546655,0.11819195,-0.09043424
1591242499.12063479,5.76606519,0.11817450,-0.09053721
1591242499.13242984,5.76664639,0.11809247,-0.09096132
1591242499.14457560,5.76715777,0.11792492,-0.09172054
1591242499.15637612,5.76755047,0.11763170,-0.09267175
1591242499.16871500,5.76787859,0.11733150,-0.09373465
1591242499.18025780,5.76830620,0.11688645,-0.09498082
1591242499.19260359,5.76881583,0.11624591,-0.09634217
1591242499.20438123,5.76942495,0.11549716,-0.09766164
1591242499.21668482,5.77011436,0.11449011,-0.09871757
1591242499.22820401,5.77091895,0.11342371,-0.09973684
1591242499.24076653,5.77171133,0.11234510,-0.10068804
1591242499.25236154,5.77249848,0.11119144,-0.10150660
1591242499.26469731,5.77338510,0.11001334,-0.10218728
1591242499.27621841,5.77425079,0.10907435,-0.10263758
1591242499.28860092,5.77495939,0.10837098,-0.10285574
1591242499.30042601,5.77560516,0.10787007,-0.10287145
1591242499.31272817,5.77618287,0.10741803,-0.10278593
1591242499.32425761,5.77664887,0.10705850,-0.10274230
1591242499.33656096,5.77715676,0.10659773,-0.10289589
1591242499.34838963,5.77758786,0.10612300,-0.10321703
1591242499.36071563,5.77792296,0.10567096,-0.10373888
1591242499.37231350,5.77814462,0.10534458,-0.10432182
1591242499.38462615,5.77813065,0.10512991,-0.10503391
1591242499.39643455,5.77793343,0.10493094,-0.10562733
1591242499.40874219,5.77767512,0.10473895,-0.10602875
1591242499.42026639,5.77744998,0.10452777,-0.10630102
1591242499.43256664,5.77736969,0.10440211,-0.10645985
1591242499.44433403,5.77746045,0.10431484,-0.10662391
1591242499.45668602,5.77767338,0.10419616,-0.10671467
1591242499.46822596,5.77795612,0.10408271,-0.10688571
1591242499.48077679,5.77829123,0.10397450,-0.10723477
1591242499.49235797,5.77863331,0.10370048,-0.10772870
1591242499.50476861,5.77902252,0.10330953,-0.10846000
1591242499.51644492,5.77936809,0.10289763,-0.10930299
1591242499.52876592,5.77952517,0.10266027,-0.11020009
1591242499.54041910,5.77950423,0.10259918,-0.11104657
1591242499.55257750,5.77940649,0.10259045,-0.11178485
1591242499.56438661,5.77925290,0.10257649,-0.11224911
1591242499.57669640,5.77910978,0.10243512,-0.11245331
1591242499.58821535,5.77910455,0.10215063,-0.11251440
1591242499.60058832,5.77931399,0.10179982,-0.11254058
1591242499.61238098,5.77965258,0.10137745,-0.11273954
1591242499.62468743,5.78009415,0.10097777,-0.11300832
1591242499.63621783,5.78053223,0.10064965,-0.11325965
1591242499.64880133,5.78090922,0.10028487,-0.11343244
1591242499.66032839,5.78125305,0.09990090,-0.11349876
1591242499.67262292,5.78154975,0.09948028,-0.11343593
1591242499.68443680,5.78183599,0.09907361,-0.11321253
1591242499.69673324,5.78223741,0.09860761,-0.11283205
1591242499.70825219,5.78278370,0.09802118,-0.11254581
1591242499.72058749,5.78327938,0.09738588,-0.11221071
1591242499.73238540,5.78372793,0.09681865,-0.11216009
1591242499.74470496,5.78410143,0.09633170,-0.11217231
1591242499.75625992,5.78442257,0.09604198,-0.11222467
1591242499.76859450,5.78482748,0.09576971,-0.11225958
1591242499.78038812,5.78528127,0.09563706,-0.11226132
1591242499.79269934,5.78564953,0.09561263,-0.11222642
1591242499.80421925,5.78595148,0.09554980,-0.11207283
1591242499.81677270,5.78635290,0.09542937,-0.11183721
1591242499.82831383,5.78678923,0.09526356,-0.11146720
1591242499.84063148,5.78715924,0.09506459,-0.11101167
1591242499.85220003,5.78749958,0.09489530,-0.11063817
1591242499.86479497,5.78779105,0.09488657,-0.11048458
1591242499.87632275,5.78806332,0.09499304,-0.11063642
1591242499.88861394,5.78842461,0.09513615,-0.11095407
1591242499.90019655,5.78886443,0.09513092,-0.11137819
1591242499.91278434,5.78927982,0.09497558,-0.11173947
1591242499.92431355,5.78966379,0.09471204,-0.11186339
1591242499.93667984,5.79001809,0.09451132,-0.11193146
1591242499.94821882,5.79022579,0.09455321,-0.11190004
1591242499.96063709,5.79040556,0.09480454,-0.11194018
1591242499.97244215,5.79057311,0.09524960,-0.11213915
1591242499.98473406,5.79055216,0.09592504,-0.11277794
1591242499.99625421,5.79026593,0.09653242,-0.11367329
1591242500.00881290,5.78958001,0.09701238,-0.11449185
1591242500.02032971,5.78861834,0.09744173,-0.11489502
1591242500.03263855,5.78761128,0.09796533,-0.11476936
1591242500.04444528,5.78667230,0.09857445,-0.11424227
1591242500.05678988,5.78565651,0.09928829,-0.11349702
1591242500.06835151,5.78457092,0.09995501,-0.11274478
1591242500.08066511,5.78351150,0.10055889,-0.11198556
1591242500.09244370,5.78249398,0.10107551,-0.11145324
1591242500.10474586,5.78142758,0.10152929,-0.11102039
1591242500.11625242,5.78035595,0.10194643,-0.11060326
1591242500.12863374,5.77957928,0.10230422,-0.11019311
1591242500.14020085,5.77915691,0.10250493,-0.10983881
1591242500.15280557,5.77884624,0.10251366,-0.10945832
1591242500.16443753,5.77865600,0.10238276,-0.10907086
1591242500.17672849,5.77869614,0.10223092,-0.10870260
1591242500.18832779,5.77877643,0.10216285,-0.10841985
1591242500.20072889,5.77877817,0.10228153,-0.10810569
1591242500.21220803,5.77863855,0.10270215,-0.10783517
1591242500.22471213,5.77815160,0.10354864,-0.10743025
1591242500.23651075,5.77743427,0.10459933,-0.10688571
1591242500.24881530,5.77667854,0.10567096,-0.10601653
1591242500.26034045,5.77594376,0.10665533,-0.10448239
1591242500.27271914,5.77549870,0.10765016,-0.10210525
1591242500.28424382,5.77545157,0.10878986,-0.09886418
1591242500.29680800,5.77563832,0.11026990,-0.09505761
1591242500.30833197,5.77594550,0.11226830,-0.09071349
1591242500.32064104,5.77640452,0.11461403,-0.08581609
1591242500.33243847,5.77709218,0.11706272,-0.08046142
1591242500.34457803,5.77826505,0.11919552,-0.07470358
1591242500.35638165,5.78028439,0.12061970,-0.06935066
1591242500.36878729,5.78333872,0.12095306,-0.06447246
1591242500.38032651,5.78731632,0.11986223,-0.06066415
1591242500.39262772,5.79188210,0.11746415,-0.05791526
1591242500.40442824,5.79662067,0.11403981,-0.05623102
1591242500.41672468,5.80128594,0.11001508,-0.05521698
1591242500.42824817,5.80567893,0.10595370,-0.05457296
1591242500.44080567,5.80994975,0.10224662,-0.05386610
1591242500.45232677,5.81436544,0.09898286,-0.05312957
1591242500.46466446,5.81912146,0.09613099,-0.05256408
1591242500.47624016,5.82410437,0.09366309,-0.05228483
1591242500.48881578,5.82894592,0.09147445,-0.05248729
1591242500.50025105,5.83359722,0.08932595,-0.05340358
1591242500.51275563,5.83798672,0.08723156,-0.05540722
1591242500.52433515,5.84174092,0.08554033,-0.05833414
1591242500.53667140,5.84474638,0.08408996,-0.06143908
1591242500.54822421,5.84742023,0.08248775,-0.06420368
1591242500.56059623,5.85023893,0.08079304,-0.06660351
1591242500.57226562,5.85339798,0.07888714,-0.06864380
1591242500.58462143,5.85711029,0.07643495,-0.07038040
1591242500.59641218,5.86129385,0.07348534,-0.07205592
1591242500.60876274,5.86590326,0.06982539,-0.07345567
1591242500.62032533,5.87067325,0.06559820,-0.07464250
1591242500.63272047,5.87539611,0.06107780,-0.07603527
1591242500.64425659,5.87983972,0.05656961,-0.07780503
1591242500.65682173,5.88400058,0.05257979,-0.07974758
1591242500.66843319,5.88798168,0.04940329,-0.08162032
1591242500.68074608,5.89213556,0.04703837,-0.08304277
1591242500.69228411,5.89683922,0.04556182,-0.08373392
1591242500.70463443,5.90222706,0.04486892,-0.08371821
1591242500.71643186,5.90826415,0.04457920,-0.08314225
1591242500.72882748,5.91457002,0.04465076,-0.08207236
1591242500.74037600,5.92094920,0.04495619,-0.08078082
1591242500.75268149,5.92741216,0.04550248,-0.07935139
1591242500.76420259,5.93375119,0.04654619,-0.07795339
1591242500.77662253,5.93989999,0.04819727,-0.07662694
1591242500.78844595,5.94577477,0.05027945,-0.07535459
1591242500.80074120,5.95139822,0.05258328,-0.07389550
1591242500.81226563,5.95714209,0.05469338,-0.07243116
1591242500.82460427,5.96322282,0.05620484,-0.07111519
1591242500.83638620,5.96969799,0.05707576,-0.07029314
1591242500.84863281,5.97695333,0.05708797,-0.07019540
1591242500.86020637,5.98469037,0.05665164,-0.07087608
1591242500.87279105,5.99253563,0.05600413,-0.07179237
1591242500.88434672,6.00024475,0.05535486,-0.07283259
1591242500.89667058,6.00766240,0.05463928,-0.07386582
1591242500.90845370,6.01468386,0.05426578,-0.07478212
1591242500.92065477,6.02147493,0.05379803,-0.07518529
1591242500.93220663,6.02821888,0.05347340,-0.07508232
1591242500.94477081,6.03468882,0.05374043,-0.07503694
1591242500.95631027,6.04075907,0.05432861,-0.07476467
1591242500.96862555,6.04681886,0.05463404,-0.07442782
1591242500.98038864,6.05256972,0.05510354,-0.07400021
1591242500.99268985,6.05795755,0.05552590,-0.07377681
1591242501.00421572,6.06338203,0.05582087,-0.07389200
1591242501.01678872,6.06909100,0.05511924,-0.07465646
1591242501.02832437,6.07460101,0.05424134,-0.07630405
1591242501.04064155,6.07954727,0.05301612,-0.07830594
1591242501.05244350,6.08392107,0.05152561,-0.07999717
1591242501.06474543,6.08796674,0.05016076,-0.08174599
1591242501.07632637,6.09167382,0.04870341,-0.08382816
1591242501.08864760,6.09484334,0.04711691,-0.08662942
1591242501.10044456,6.09716462,0.04554088,-0.09011309
1591242501.11282611,6.09851376,0.04419872,-0.09426698
1591242501.12435532,6.09882618,0.04344299,-0.09872455
1591242501.13667679,6.09811932,0.04359483,-0.10286622
1591242501.14845467,6.09648395,0.04460538,-0.10613522
1591242501.16081476,6.09420804,0.04665440,-0.10850886
1591242501.17228627,6.09142424,0.04967731,-0.11009013
1591242501.18477011,6.08827217,0.05319589,-0.11086157
1591242501.19635701,6.08507647,0.05665862,-0.11116002
1591242501.20882082,6.08192266,0.05991715,-0.11140960
1591242501.22038436,6.07888579,0.06263638,-0.11194542
1591242501.23267031,6.07607581,0.06479709,-0.11316017
1591242501.24444962,6.07328852,0.06622477,-0.11477111
1591242501.25680494,6.07007711,0.06721612,-0.11679569
1591242501.26833582,6.06631069,0.06763849,-0.11876966
1591242501.28076434,6.06239243,0.06759660,-0.12081518
1591242501.29231215,6.05856143,0.06744650,-0.12319057
1591242501.30461740,6.05463619,0.06737669,-0.12595518
1591242501.31644559,6.05055910,0.06756519,-0.12867265
1591242501.32876921,6.04640347,0.06823714,-0.13126621
1591242501.34032154,6.04213439,0.06935589,-0.13369222
1591242501.35270548,6.03764890,0.07097905,-0.13580232
1591242501.36424756,6.03302552,0.07287797,-0.13766808
1591242501.37658405,6.02854002,0.07498458,-0.13948322
1591242501.38845110,6.02416623,0.07779107,-0.14039254
1591242501.40076923,6.01977324,0.08214392,-0.13949370
1591242501.41230702,6.01535057,0.08880759,-0.13631894
1591242501.42460632,6.01049681,0.09831091,-0.13106201
1591242501.43637967,6.00494143,0.11011108,-0.12477882
1591242501.44867635,5.99861984,0.12326388,-0.11822337
1591242501.46045375,5.99148319,0.13642366,-0.11230496
1591242501.47281051,5.98369728,0.14845072,-0.10834306
1591242501.48439932,5.97603528,0.15794706,-0.10714576
1591242501.49678493,5.96909760,0.16442572,-0.10989815
1591242501.50824904,5.96318442,0.16724792,-0.11670842
1591242501.52061534,5.95839699,0.16598954,-0.12712280
1591242501.53239703,5.95455726,0.16133824,-0.14021975
1591242501.54475451,5.95130222,0.15452273,-0.15533779
1591242501.55631042,5.94833342,0.14652214,-0.17095849
1591242501.56861973,5.94555136,0.13845522,-0.18601719
1591242501.58022642,5.94270299,0.13129588,-0.19931311
1591242501.59259748,5.93947413,0.12594994,-0.21012368
1591242501.60438943,5.93584210,0.12252037,-0.21774902
1591242501.61669636,5.93196223,0.12082391,-0.22236367
1591242501.62822509,5.92772108,0.12057607,-0.22449821
1591242501.64080215,5.92301916,0.12123406,-0.22491534
1591242501.65232658,5.91794375,0.12221843,-0.22446156
1591242501.66462994,5.91248086,0.12321152,-0.22377564
1591242501.67621422,5.90677364,0.12385729,-0.22342832
1591242501.68864322,5.90098787,0.12405800,-0.22370932
1591242501.70044708,5.89501885,0.12389743,-0.22449996
1591242501.71264052,5.88878278,0.12343841,-0.22537262
1591242501.72444892,5.88247865,0.12288514,-0.22605330
1591242501.73674631,5.87606282,0.12245754,-0.22629765
1591242501.74826312,5.86982327,0.12225508,-0.22591891
1591242501.76084495,5.86406194,0.12222715,-0.22499912
1591242501.77237535,5.85886086,0.12233362,-0.22355224
1591242501.78470349,5.85400884,0.12273504,-0.22113845
1591242501.79625225,5.84953906,0.12358676,-0.21777171
1591242501.80883694,5.84560508,0.12490623,-0.21374698
1591242501.82036424,5.84220169,0.12628853,-0.20966117
1591242501.83282685,5.83917355,0.12745092,-0.20567309
1591242501.84431744,5.83651366,0.12825028,-0.20219639
1591242501.85666728,5.83415747,0.12851906,-0.19943703
1591242501.86825037,5.83209624,0.12829915,-0.19749099
1591242501.88059664,5.83022524,0.12775810,-0.19626751
1591242501.89230704,5.82840835,0.12691860,-0.19549084
1591242501.90462303,5.82660892,0.12562880,-0.19449426
1591242501.91643429,5.82474142,0.12435995,-0.19290775
1591242501.92881250,5.82292278,0.12339303,-0.19012744
1591242501.94045854,5.82123331,0.12330926,-0.18567162
1591242501.95281076,5.81950368,0.12472472,-0.17987014
1591242501.96446538,5.81725396,0.12812113,-0.17297784
1591242501.97682667,5.81382089,0.13382487,-0.16488649
1591242501.98845625,5.80909803,0.14128964,-0.15564846
1591242502.00064373,5.80364213,0.14952759,-0.14588509
1591242502.01246357,5.79812515,0.15781791,-0.13607983
1591242502.02481484,5.79320681,0.16551132,-0.12659222
1591242502.03639817,5.78885396,0.17236348,-0.11798949
1591242502.04883003,5.78484668,0.17783509,-0.11047236
1591242502.06039357,5.78121989,0.18187203,-0.10396926
1591242502.07274199,5.77777286,0.18490018,-0.09802816
1591242502.08430743,5.77444626,0.18693349,-0.09226858
1591242502.09665322,5.77113887,0.18862471,-0.08632922
1591242502.10847425,5.76827304,0.19017980,-0.08032180
1591242502.12083244,5.76616468,0.19187801,-0.07401941
1591242502.13240075,5.76467940,0.19362508,-0.06787585
1591242502.14475155,5.76350829,0.19491663,-0.06198537
1591242502.15631485,5.76250123,0.19526569,-0.05651900
1591242502.16877747,5.76160239,0.19455883,-0.05152910
