0.00474691390991,148.229,38.9489,-0.8468
0.0165109634399,148.2262,38.9451,-0.8533
0.0288908481598,148.2427,38.9464,-0.8526
0.0406889915466,148.2688,38.9462,-0.85
0.0525817871094,148.2819,38.9485,-0.8444
0.064404964447,148.2809,38.9441,-0.8469
0.076751947403,148.2791,38.9402,-0.8518
0.0885488986969,148.2792,38.9348,-0.8551
0.100901842117,148.2917,38.9397,-0.8536
0.112231016159,148.3125,38.9398,-0.8489
0.124643802643,148.3263,38.9374,-0.8487
0.136437892914,148.3353,38.9342,-0.851
0.14882683754,148.3459,38.9365,-0.8518
0.16064286232,148.3584,38.9359,-0.8502
0.173009872437,148.3761,38.9336,-0.848
0.184229850769,148.3931,38.931,-0.8508
0.196576833725,148.4086,38.9291,-0.8519
0.208473920822,148.4227,38.9296,-0.8534
0.220878839493,148.4326,38.9293,-0.8548
0.232668876648,148.4409,38.9273,-0.8542
0.245008945465,148.4443,38.9285,-0.8512
0.256253004074,148.4408,38.9257,-0.8542
0.268627882004,148.4285,38.9272,-0.8574
0.280421972275,148.4119,38.9269,-0.8561
0.29275894165,148.3977,38.928,-0.8559
0.304642915726,148.3844,38.926,-0.8564
0.317061901093,148.3843,38.9282,-0.8545
0.328303813934,148.3934,38.9291,-0.8544
0.340651988983,148.3983,38.9295,-0.8546
0.352494955063,148.4026,38.9301,-0.851
0.36496591568,148.4065,38.9307,-0.8537
0.376199007034,148.4138,38.9283,-0.8551
0.388544797897,148.4225,38.9278,-0.8552
0.400426864624,148.4334,38.9254,-0.8522
0.412851810455,148.4339,38.9268,-0.8519
0.424634933472,148.4263,38.9269,-0.854
0.436996936798,148.43,38.9229,-0.8506
0.448246955872,148.4401,38.922,-0.8503
0.460659980774,148.4513,38.9238,-0.8488
0.472450971603,148.4635,38.9221,-0.8491
0.484788894653,148.4707,38.9214,-0.849
0.496574878693,148.475,38.9219,-0.8478
0.509016990662,148.4714,38.9209,-0.8482
0.520294904709,148.4609,38.9157,-0.8497
0.532646894455,148.4622,38.915,-0.8499
0.544447898865,148.4738,38.9118,-0.8497
0.556850910187,148.4862,38.9106,-0.8474
0.568111896515,148.4966,38.9108,-0.8466
0.581012010574,148.511,38.9096,-0.8469
0.592237949371,148.5291,38.9062,-0.8471
0.604669809341,148.5344,38.9049,-0.8506
0.616508960724,148.5327,38.907,-0.85
0.628854990005,148.5264,38.9094,-0.8482
0.640105009079,148.5156,38.9088,-0.8476
0.652539014816,148.5076,38.9069,-0.8518
0.664328813553,148.5042,38.9056,-0.8543
0.676707983017,148.5022,38.9041,-0.8562
0.688495874405,148.5031,38.9054,-0.8532
0.700953960419,148.5047,38.9057,-0.8543
0.712248802185,148.511,38.9045,-0.8547
0.724597930908,148.5058,38.9038,-0.8553
0.736389875412,148.4954,38.9025,-0.8518
0.748773813248,148.4846,38.9022,-0.8494
0.760103940964,148.4729,38.9013,-0.8487
0.773008823395,148.4709,38.8971,-0.8469
0.784228801727,148.4741,38.8949,-0.8496
0.796659946442,148.4773,38.8959,-0.8505
0.808501005173,148.4796,38.8947,-0.8492
0.820839881897,148.4872,38.8937,-0.8485
0.83208489418,148.4984,38.8919,-0.8516
0.844995975494,148.5177,38.8909,-0.8523
0.856287002563,148.5417,38.8894,-0.8542
0.8686439991,148.5622,38.8907,-0.8563
0.880447864532,148.5805,38.8902,-0.8574
0.892879962921,148.5995,38.8908,-0.8557
0.90416097641,148.617,38.8931,-0.8559
0.916507005692,148.6342,38.8936,-0.8529
0.928291797638,148.6479,38.8934,-0.8516
0.940655946732,148.6541,38.8957,-0.8522
0.952466011047,148.6565,38.8974,-0.8527
0.964849948883,148.6632,38.8977,-0.8527
0.976071834564,148.673,38.8947,-0.8546
0.988977909088,148.6751,38.8899,-0.8538
1.00029492378,148.6674,38.8885,-0.8573
1.01268696785,148.658,38.8879,-0.858
1.02447485924,148.6459,38.8871,-0.8578
1.03682088852,148.6398,38.8884,-0.8566
1.04862594604,148.6379,38.8874,-0.8542
1.06047582626,148.6271,38.8878,-0.8521
1.07231092453,148.6098,38.8884,-0.8491
1.08464694023,148.5952,38.8929,-0.8497
1.09652280807,148.5858,38.8903,-0.8507
1.10894393921,148.5826,38.8903,-0.852
1.1201748848,148.5864,38.8864,-0.8509
1.13251590729,148.5789,38.8888,-0.8518
1.14431500435,148.5624,38.8874,-0.8526
1.15669989586,148.5542,38.8874,-0.8509
1.16848683357,148.5492,38.8874,-0.8541
1.18082690239,148.5515,38.8866,-0.8536
1.19214081764,148.5563,38.885,-0.8556
1.20452690125,148.5675,38.8895,-0.8558
1.21631193161,148.5817,38.8899,-0.8569
1.22866201401,148.6055,38.8872,-0.8596
1.24045395851,148.6378,38.8863,-0.8615
1.25284695625,148.6541,38.8876,-0.8612
1.26410984993,148.6572,38.8873,-0.8612
1.27645492554,148.6685,38.8881,-0.8574
1.28835201263,148.6831,38.8852,-0.855
1.30075097084,148.6891,38.8862,-0.8571
1.31254386902,148.6912,38.8851,-0.8572
1.32488799095,148.6938,38.8866,-0.854
1.33611392975,148.692,38.8866,-0.8561
1.34848594666,148.6896,38.8875,-0.8569
1.36044979095,148.6863,38.8858,-0.8579
1.37284088135,148.6855,38.8861,-0.8617
1.38406991959,148.691,38.8863,-0.8608
1.39650678635,148.6994,38.889,-0.8615
1.40834188461,148.7088,38.8858,-0.8652
1.42069196701,148.7212,38.8857,-0.8679
1.43248295784,148.7349,38.8855,-0.8687
1.44484496117,148.7643,38.8863,-0.8663
1.45609784126,148.8042,38.8852,-0.865
1.46850085258,148.847,38.8887,-0.8649
1.48028683662,148.8937,38.888,-0.865
1.49271893501,148.9274,38.8863,-0.8644
1.50454688072,148.9501,38.8846,-0.8634
1.51689195633,148.9657,38.8856,-0.8647
1.52817392349,148.9768,38.8855,-0.8663
1.54053282738,148.9839,38.8872,-0.8621
1.55238986015,148.983,38.8919,-0.8613
1.5647687912,148.9813,38.8935,-0.8593
1.57656288147,148.9763,38.893,-0.8612
1.58843898773,148.9763,38.8911,-0.8619
1.60027980804,148.9818,38.8876,-0.8614
1.61263680458,148.9868,38.8846,-0.8629
1.62441301346,148.9935,38.8845,-0.8632
1.63677501678,148.9967,38.8878,-0.8618
1.64802789688,148.9965,38.8856,-0.8625
1.66094398499,148.9984,38.8826,-0.8606
1.67216801643,148.9985,38.8813,-0.862
1.68462395668,148.9975,38.8819,-0.8613
1.69646286964,148.9955,38.8835,-0.8591
1.70881199837,148.9904,38.8839,-0.8614
1.720058918,148.985,38.8839,-0.8625
1.7324078083,148.9785,38.8874,-0.8632
1.74419498444,148.9753,38.8854,-0.8595
1.75653600693,148.9584,38.8865,-0.8589
1.76839590073,148.9333,38.8808,-0.8569
1.78082895279,148.9096,38.8804,-0.857
1.79212379456,148.8891,38.8816,-0.8556
1.80446791649,148.8751,38.8839,-0.8532
1.81625699997,148.865,38.8851,-0.851
1.82861185074,148.8517,38.8868,-0.8538
1.84040999413,148.8403,38.8871,-0.8549
1.85275101662,148.8416,38.8878,-0.854
1.8645658493,148.8528,38.8888,-0.8527
1.87693691254,148.8605,38.8887,-0.8532
1.88825798035,148.866,38.8896,-0.8544
1.90064692497,148.8755,38.8889,-0.8498
1.91243886948,148.883,38.8865,-0.8502
1.92478489876,148.8807,38.8876,-0.8532
1.9360268116,148.8753,38.8872,-0.8519
1.94839978218,148.8737,38.8886,-0.8541
1.96018600464,148.8766,38.8911,-0.8533
1.97257494926,148.8778,38.8928,-0.8527
1.9844520092,148.8773,38.8947,-0.8513
1.99684596062,148.8804,38.8937,-0.8518
2.00808691978,148.8876,38.8961,-0.8513
2.02043199539,148.8849,38.8947,-0.8536
2.03223180771,148.8761,38.8924,-0.8523
2.04458498955,148.8719,38.8935,-0.8519
2.05636882782,148.8722,38.8929,-0.8529
2.06875491142,148.8781,38.8923,-0.8537
2.08009195328,148.8895,38.8904,-0.853
2.09251284599,148.8955,38.8876,-0.8557
2.10432887077,148.903,38.8833,-0.8539
2.11671495438,148.9008,38.8851,-0.8526
2.1285238266,148.8918,38.8845,-0.8533
2.14088082314,148.8871,38.8856,-0.8547
2.15210390091,148.8861,38.8838,-0.8583
2.16444182396,148.891,38.8857,-0.8601
2.1763188839,148.9004,38.8843,-0.8634
2.18872189522,148.9051,38.8823,-0.8631
2.20051598549,148.9049,38.8821,-0.8629
2.21287584305,148.9076,38.8797,-0.8616
2.22411489487,148.912,38.8767,-0.8601
2.23646783829,148.9236,38.8756,-0.8582
2.24825596809,148.9395,38.874,-0.857
2.26062393188,148.9516,38.8747,-0.8544
2.27245187759,148.9614,38.8753,-0.8519
2.28487586975,148.9704,38.8782,-0.8489
2.29615592957,148.9782,38.8774,-0.8498
2.30850601196,148.9803,38.8803,-0.8524
2.32029986382,148.9799,38.884,-0.8524
2.33264398575,148.9837,38.8839,-0.8518
2.34444189072,148.9899,38.885,-0.8545
2.35679984093,148.9949,38.8848,-0.8552
2.36803889275,148.9987,38.8819,-0.8561
2.38047885895,149.0038,38.8833,-0.8518
2.39231801033,149.0049,38.8832,-0.8535
2.4046587944,148.9992,38.8822,-0.8552
2.41644692421,148.9884,38.8803,-0.8558
2.4288649559,148.9791,38.8775,-0.8572
2.44012284279,148.97,38.8764,-0.861
2.45246982574,148.9707,38.8726,-0.8606
2.46425700188,148.9733,38.8728,-0.8643
2.47672200203,148.9819,38.8738,-0.8648
2.48800396919,148.9924,38.8743,-0.8659
2.50037693977,149.0043,38.8738,-0.8672
2.51216292381,149.0179,38.8714,-0.8667
2.52451300621,149.0346,38.875,-0.8685
2.53645896912,149.0564,38.8719,-0.8701
2.54885578156,149.0726,38.8695,-0.8671
2.56011986732,149.0814,38.8709,-0.8673
2.57272696495,149.0951,38.8719,-0.864
2.58407282829,149.1102,38.8736,-0.8628
2.59643101692,149.13,38.8765,-0.8635
2.60823297501,149.1549,38.8745,-0.8648
2.62062597275,149.1702,38.8735,-0.8668
2.63243699074,149.1795,38.8726,-0.8674
2.64478087425,149.1908,38.8744,-0.8682
2.65600895882,149.2023,38.8746,-0.8687
2.66848683357,149.216,38.8749,-0.8682
2.6803278923,149.2306,38.877,-0.8657
2.69267582893,149.2432,38.879,-0.8671
2.70445179939,149.256,38.8826,-0.8663
2.71681785583,149.2708,38.8823,-0.8653
2.7280728817,149.2878,38.8804,-0.8644
2.74045085907,149.2961,38.8804,-0.8703
2.75228881836,149.3016,38.8795,-0.8741
2.76463294029,149.3088,38.8813,-0.8732
2.77595496178,149.3153,38.8804,-0.8747
2.788397789,149.3198,38.8816,-0.8757
2.80019283295,149.3256,38.8788,-0.8748
2.81262087822,149.3286,38.8816,-0.8768
2.82442378998,149.3331,38.8792,-0.8759
2.83679294586,149.3339,38.8791,-0.8756
2.84803986549,149.33,38.8784,-0.8771
2.86040091515,149.327,38.876,-0.8745
2.8723897934,149.3218,38.8749,-0.8767
2.88477778435,149.3179,38.8768,-0.8758
2.89601683617,149.3146,38.8762,-0.8741
2.9083969593,149.3131,38.8768,-0.8746
2.92019701004,149.3118,38.8773,-0.8769
2.93256378174,149.3108,38.878,-0.8773
2.94434690475,149.3084,38.8775,-0.8784
2.95673394203,149.2979,38.8788,-0.8794
2.9680929184,149.2838,38.876,-0.8783
2.98053789139,149.2692,38.8792,-0.8792
2.99232578278,149.2559,38.8743,-0.879
3.00467181206,149.2413,38.8759,-0.8784
3.01646900177,149.2239,38.8757,-0.8799
3.02884197235,149.2018,38.8763,-0.8782
3.04008483887,149.1756,38.874,-0.8768
3.05242800713,149.1471,38.8716,-0.8772
3.06430888176,149.1172,38.8725,-0.8776
3.07674384117,149.0895,38.8748,-0.8812
3.08798098564,149.0679,38.8728,-0.8797
3.10033988953,149.048,38.8713,-0.8791
3.11213779449,149.03,38.8738,-0.878
3.12448501587,149.0116,38.8746,-0.8781
3.13626980782,148.9929,38.8749,-0.8779
3.14861798286,148.9788,38.877,-0.8794
3.16039896011,148.9726,38.874,-0.876
3.17232584953,148.9657,38.8721,-0.8753
3.18416881561,148.9577,38.8725,-0.8757
3.19652199745,148.9538,38.8744,-0.8728
3.20831298828,148.9503,38.8743,-0.8709
3.22065401077,148.9436,38.871,-0.8705
3.23245882988,148.9344,38.8705,-0.8714
3.24429297447,148.9226,38.8714,-0.8704
3.25608778,148.9069,38.8719,-0.8703
3.2685508728,148.8973,38.8703,-0.8706
3.28041601181,148.8909,38.8719,-0.872
3.29278278351,148.8902,38.8722,-0.8739
3.30401778221,148.8982,38.873,-0.8721
3.31637382507,148.9021,38.8726,-0.8716
3.3281788826,148.9033,38.8756,-0.8691
3.34055995941,148.8965,38.876,-0.8691
3.35235190392,148.8848,38.8776,-0.8715
3.36479878426,148.8747,38.8795,-0.8731
3.37610983849,148.8662,38.8826,-0.8722
3.38848185539,148.8639,38.8861,-0.871
3.40029597282,148.8666,38.8816,-0.8677
3.41267299652,148.8719,38.8819,-0.8658
3.42390179634,148.8814,38.8805,-0.8623
3.43682694435,148.8808,38.88,-0.8591
3.44808292389,148.8711,38.8786,-0.8586
3.46054887772,148.867,38.8781,-0.8581
3.47239995003,148.8673,38.8773,-0.8614
3.48479986191,148.8556,38.8737,-0.8635
3.4960398674,148.8348,38.873,-0.8622
3.50841188431,148.8158,38.8738,-0.863
3.52022480965,148.7979,38.8736,-0.8621
3.53258299828,148.7812,38.8735,-0.8627
3.54438781738,148.7663,38.8748,-0.8645
3.55629587173,148.7526,38.877,-0.8615
3.568171978,148.7368,38.8794,-0.8622
3.58057188988,148.7184,38.879,-0.8632
3.59237790108,148.6967,38.8791,-0.8663
3.60474801064,148.6904,38.8817,-0.8649
3.61599588394,148.6969,38.8775,-0.8604
3.62837982178,148.6925,38.8764,-0.86
3.64018082619,148.6815,38.8747,-0.8614
3.65253281593,148.6703,38.8756,-0.862
3.66441178322,148.6574,38.8782,-0.8653
3.67681479454,148.6408,38.8789,-0.8652
3.68809890747,148.6216,38.8781,-0.8633
3.70049500465,148.6097,38.8758,-0.8632
3.71235084534,148.6042,38.8767,-0.8629
3.72478699684,148.5941,38.8759,-0.8625
3.73604083061,148.5807,38.8732,-0.8613
3.74840378761,148.5721,38.874,-0.8599
3.76030492783,148.5654,38.8756,-0.8616
3.77270793915,148.5563,38.8752,-0.8641
3.78398489952,148.5466,38.8719,-0.8651
3.79634380341,148.5466,38.8711,-0.8667
3.80818200111,148.5551,38.8697,-0.8673
3.82055187225,148.5713,38.8688,-0.869
3.8323469162,148.5933,38.8664,-0.8698
3.84470200539,148.6069,38.8652,-0.8675
3.85603094101,148.6099,38.8661,-0.8695
3.86850786209,148.6208,38.8645,-0.8659
3.8802947998,148.6337,38.8625,-0.8656
3.89268183708,148.6559,38.8645,-0.8614
3.90391898155,148.6822,38.8634,-0.8635
3.91628789902,148.7048,38.8638,-0.8633
3.92807793617,148.7239,38.8637,-0.8611
3.94042086601,148.7442,38.8665,-0.8619
3.95236682892,148.7657,38.8656,-0.8656
3.96476984024,148.7858,38.871,-0.8662
3.97600078583,148.803,38.8696,-0.8673
3.9884250164,148.8235,38.8651,-0.8671
4.00022292137,148.8454,38.864,-0.8658
4.01262283325,148.8508,38.8627,-0.8645
4.02440881729,148.8398,38.864,-0.8666
4.03675079346,148.8248,38.8591,-0.8702
4.04808282852,148.8078,38.8588,-0.8704
4.06048178673,148.7989,38.8556,-0.8695
4.07229995728,148.7951,38.8568,-0.8712
4.08464288712,148.7874,38.8574,-0.872
4.09586882591,148.7753,38.8604,-0.8729
4.10877299309,148.7699,38.8621,-0.8738
4.1200158596,148.7703,38.8609,-0.8746
4.13236379623,148.7652,38.8587,-0.8737
4.14414978027,148.7544,38.8583,-0.8755
4.15657877922,148.7359,38.8581,-0.8745
4.16785478592,148.7088,38.8596,-0.8749
4.18076491356,148.6877,38.86,-0.8744
4.1920478344,148.6704,38.856,-0.8743
4.20441699028,148.659,38.855,-0.8726
4.21620297432,148.6521,38.8521,-0.8708
4.2285618782,148.6359,38.8523,-0.871
4.23983597755,148.6135,38.8507,-0.8733
4.25230884552,148.596,38.8512,-0.8726
4.26421093941,148.5799,38.8536,-0.8721
4.27656793594,148.5762,38.8539,-0.87
4.28839278221,148.5812,38.8499,-0.8687
4.30074977875,148.5827,38.8495,-0.8668
4.3119828701,148.5789,38.8466,-0.8696
4.32432579994,148.5704,38.847,-0.8713
4.33611083031,148.558,38.8468,-0.8711
4.34855294228,148.5494,38.8489,-0.8702
4.35992193222,148.545,38.8472,-0.8668
4.37229180336,148.5366,38.8494,-0.8675
4.38407182693,148.5286,38.8499,-0.8663
4.39643597603,148.5265,38.8503,-0.8634
4.40824389458,148.5276,38.8494,-0.8634
4.42060995102,148.5238,38.8501,-0.8626
4.43183588982,148.5155,38.8504,-0.8641
4.444272995,148.5124,38.848,-0.865
4.4561188221,148.5128,38.8458,-0.8658
4.4684689045,148.5217,38.847,-0.8669
4.48026180267,148.5386,38.847,-0.8652
4.49271583557,148.5505,38.8487,-0.8625
4.50396585464,148.5576,38.8484,-0.8633
4.51631379128,148.5616,38.8519,-0.8628
4.52810096741,148.5617,38.8534,-0.8649
4.54045796394,148.5615,38.8544,-0.867
4.55236387253,148.5615,38.8539,-0.87
4.56419992447,148.5709,38.8536,-0.8717
4.57598590851,148.5868,38.8547,-0.872
4.58833789825,148.5925,38.857,-0.8713
4.60013484955,148.5863,38.8581,-0.8744
4.61249494553,148.5805,38.8589,-0.8743
4.62427687645,148.5746,38.8557,-0.8732
4.63661289215,148.5696,38.8546,-0.8743
4.64793086052,148.5665,38.8549,-0.8766
4.66038393974,148.5662,38.8529,-0.8778
4.67217993736,148.5681,38.8556,-0.8761
4.68452382088,148.5695,38.8566,-0.8779
4.69632291794,148.5733,38.8581,-0.8773
4.70870995522,148.578,38.8572,-0.876
4.71994280815,148.5827,38.858,-0.8754
4.73231291771,148.5807,38.8598,-0.8771
4.74418878555,148.5761,38.8606,-0.8743
4.75658178329,148.5809,38.8589,-0.8731
4.76782083511,148.5947,38.8604,-0.8714
4.78072190285,148.6004,38.8607,-0.8699
4.79200482368,148.5997,38.8591,-0.8697
4.80435490608,148.5902,38.8617,-0.8703
4.81614589691,148.575,38.8611,-0.8727
4.82849383354,148.5664,38.8647,-0.8741
4.83984088898,148.5644,38.8646,-0.8721
4.85223698616,148.5623,38.8632,-0.8704
4.86406683922,148.5582,38.8623,-0.8718
4.87648081779,148.5644,38.861,-0.8706
4.88828778267,148.5775,38.86,-0.8694
4.90065097809,148.5841,38.8614,-0.8676
4.91188192368,148.5861,38.8618,-0.8658
4.9242169857,148.592,38.8643,-0.8682
4.93600392342,148.6042,38.8661,-0.8658
4.94845199585,148.6167,38.8658,-0.8644
4.96029090881,148.6288,38.8654,-0.8636
4.97264480591,148.6359,38.8662,-0.8619
4.98602080345,148.6404,38.8643,-0.8566
4.99633193016,148.6417,38.8653,-0.8559
5.00817489624,148.6418,38.8647,-0.8557
5.02052879333,148.6434,38.866,-0.8567
5.03232884407,148.6487,38.8666,-0.8553
5.04421496391,148.6588,38.8697,-0.8521
5.05604100227,148.6724,38.8695,-0.8495
5.06839680672,148.6927,38.8721,-0.8493
5.08018994331,148.7226,38.868,-0.8451
5.09258580208,148.7376,38.8651,-0.8444
5.10384488106,148.7407,38.863,-0.8444
5.11619997025,148.7437,38.8629,-0.8457
5.1279938221,148.7498,38.8637,-0.8462
5.14043092728,148.7567,38.8686,-0.8473
5.15230083466,148.7653,38.8655,-0.848
5.16464090347,148.7743,38.8654,-0.848
5.17586278915,148.7824,38.8664,-0.8495
5.18823099136,148.8002,38.8665,-0.8496
5.20007586479,148.8237,38.8693,-0.849
5.21242785454,148.8411,38.868,-0.8496
5.22420787811,148.8535,38.8683,-0.8482
5.23663592339,148.8709,38.8678,-0.8483
5.24792480469,148.8942,38.8657,-0.8445
5.26026988029,148.911,38.8654,-0.8456
5.27206897736,148.9267,38.8665,-0.8451
5.28442692757,148.9359,38.8681,-0.8455
5.29626488686,148.9421,38.8699,-0.8451
5.30861783028,148.956,38.8694,-0.8441
5.3198428154,148.9732,38.8733,-0.8477
5.33230090141,148.9921,38.8733,-0.8447
5.34413099289,149.0079,38.8751,-0.8451
5.35647678375,149.0289,38.8756,-0.8446
5.36827588081,149.0511,38.876,-0.8463
5.38063287735,149.0712,38.8766,-0.845
5.39188098907,149.0878,38.8771,-0.8445
5.40422201157,149.0991,38.876,-0.8447
5.41600990295,149.1046,38.8755,-0.8465
5.42838597298,149.1081,38.878,-0.8494
5.44029283524,149.1118,38.8751,-0.8502
5.45216798782,149.1106,38.8742,-0.8523
5.46396684647,149.106,38.8748,-0.8536
5.47632980347,149.1091,38.8757,-0.8571
5.48817586899,149.1223,38.8736,-0.8551
5.50053977966,149.1288,38.8743,-0.8542
5.51178479195,149.1306,38.8753,-0.8566
5.52414178848,149.1316,38.8749,-0.8607
5.53604888916,149.1348,38.8725,-0.8605
5.54848098755,149.1468,38.8715,-0.8614
5.55983400345,149.1665,38.8737,-0.8609
5.57220697403,149.179,38.8724,-0.8596
5.58401489258,149.1853,38.8724,-0.8592
5.59638285637,149.1991,38.8722,-0.8577
5.60819387436,149.2195,38.8722,-0.8577
5.62056088448,149.2371,38.8731,-0.8586
5.63188695908,149.2541,38.8722,-0.8587
5.64429092407,149.264,38.8707,-0.8611
5.65608692169,149.2704,38.8721,-0.8615
5.66844797134,149.2832,38.8719,-0.8628
5.68024992943,149.3033,38.8709,-0.8614
5.69264292717,149.313,38.8711,-0.8612
5.70388197899,149.3157,38.8704,-0.8582
5.71624398232,149.3138,38.8695,-0.8571
5.7281768322,149.3082,38.8687,-0.8567
5.74062991142,149.3003,38.8701,-0.8573
5.75186800957,149.2928,38.8685,-0.8574
5.76421880722,149.2866,38.8684,-0.8588
5.77603578568,149.283,38.8666,-0.8608
5.78841686249,149.2767,38.8689,-0.8596
5.80022192001,149.2683,38.8683,-0.8591
5.81258201599,149.2542,38.8701,-0.8593
5.82391285896,149.2375,38.871,-0.8577
5.83632683754,149.2271,38.8735,-0.8605
5.84819483757,149.2243,38.8725,-0.8619
5.86055779457,149.224,38.8726,-0.8621
5.87181282043,149.2241,38.8712,-0.8636
5.88419389725,149.218,38.8718,-0.8619
5.89598798752,149.205,38.8728,-0.8613
5.90834283829,149.185,38.8708,-0.861
5.92014789581,149.1581,38.872,-0.8589
5.9326479435,149.1354,38.874,-0.8612
5.94394087791,149.1197,38.8699,-0.863
5.95637083054,149.1043,38.8718,-0.861
5.96793580055,149.0898,38.8668,-0.8546
5.98053789139,149.0762,38.8663,-0.859
5.99183082581,149.0608,38.8624,-0.8741
6.00419783592,149.0439,38.8668,-0.8871
6.0160009861,149.0365,38.8651,-0.886
6.02845597267,149.0438,38.8651,-0.8694
6.0398068428,149.0568,38.8666,-0.849
6.05217695236,149.0681,38.8678,-0.8295
6.06396698952,149.0666,38.8699,-0.8336
6.07634091377,149.0576,38.8662,-0.8432
6.08818078041,149.0527,38.8628,-0.8417
6.10058784485,149.0518,38.8701,-0.8302
6.11182880402,149.0414,38.8698,-0.8319
6.12427282333,149.0273,38.8661,-0.8452
6.13612294197,149.0199,38.8529,-0.8548
6.14849090576,149.0226,38.8518,-0.854
6.15972685814,149.0314,38.86,-0.8442
6.17210578918,149.0359,38.8675,-0.8378
6.18392086029,149.0329,38.8603,-0.8417
6.19628190994,149.0284,38.8513,-0.8529
6.20815491676,149.032,38.8528,-0.8576
6.22063088417,149.0348,38.8597,-0.85
6.23192286491,149.0311,38.8693,-0.84
6.24427294731,149.0176,38.8642,-0.8453
6.25608301163,149.0003,38.8536,-0.8599
6.26846694946,148.997,38.8539,-0.8652
6.27972888947,149.0077,38.8645,-0.8562
6.29208183289,149.0231,38.874,-0.8479
6.30391788483,149.0366,38.8719,-0.8503
6.31627678871,149.0398,38.8622,-0.8573
6.32825684547,149.0392,38.8614,-0.8604
6.34012198448,149.0449,38.872,-0.8543
6.35192990303,149.0536,38.8727,-0.8489
6.36429095268,149.0598,38.8681,-0.8523
6.37610292435,149.066,38.8638,-0.861
6.38848686218,149.0776,38.8676,-0.8667
6.39972996712,149.098,38.8748,-0.8614
6.41213178635,149.1145,38.8785,-0.8539
6.42404079437,149.1214,38.8759,-0.8554
6.43645596504,149.1169,38.8708,-0.8611
6.4477159977,149.1053,38.8683,-0.8679
6.46009397507,149.0941,38.8743,-0.8688
6.47190380096,149.0854,38.8753,-0.8623
6.48425197601,149.082,38.8771,-0.8612
6.49604582787,149.0829,38.8743,-0.8668
6.50844979286,149.0901,38.8742,-0.869
6.51985478401,149.1029,38.8769,-0.8682
6.53229379654,149.1159,38.8849,-0.8662
6.54422593117,149.1282,38.8887,-0.866
6.5565969944,149.1373,38.8856,-0.8659
6.56786298752,149.144,38.8846,-0.8662
6.5802090168,149.1556,38.8874,-0.8638
6.59199786186,149.1691,38.8871,-0.8638
6.60433197021,149.1854,38.8898,-0.8637
6.61620593071,149.2036,38.8852,-0.8638
6.62805199623,149.2192,38.884,-0.8663
6.63984179497,149.2365,38.8838,-0.8654
6.6521859169,149.2481,38.8878,-0.8633
6.6639649868,149.2523,38.89,-0.8649
6.67631983757,149.2536,38.8934,-0.8618
6.68815398216,149.2507,38.8957,-0.8605
6.70050597191,149.2524,38.8963,-0.858
6.71185684204,149.2561,38.8942,-0.8563
6.72424387932,149.2491,38.8924,-0.8597
6.73602890968,149.2365,38.892,-0.861
6.74843001366,149.2146,38.8941,-0.8601
6.75967383385,149.1862,38.8932,-0.8574
6.77206087112,149.1562,38.8906,-0.8598
6.78384399414,149.1292,38.8861,-0.859
6.79618883133,149.1128,38.8879,-0.8572
6.80801486969,149.1038,38.8882,-0.8567
6.82045292854,149.094,38.889,-0.8601
6.83174085617,149.0873,38.8879,-0.8609
6.84408283234,149.0848,38.8894,-0.8605
6.8558549881,149.0854,38.889,-0.8601
6.86822390556,149.0871,38.8878,-0.8563
6.88007879257,149.0871,38.8875,-0.8551
6.89243292809,149.078,38.8871,-0.8567
6.90366387367,149.063,38.8838,-0.8604
6.91609883308,149.0503,38.8851,-0.8613
6.92795395851,149.0425,38.8853,-0.8561
6.94030785561,149.0315,38.885,-0.855
6.95212197304,149.0192,38.8836,-0.8568
6.96450781822,149.0077,38.8835,-0.8604
6.97578787804,148.9978,38.8837,-0.8599
6.98815488815,148.993,38.8843,-0.8572
6.9999768734,148.9887,38.8816,-0.8583
7.01245880127,148.9929,38.8788,-0.8602
7.02373981476,149.0044,38.8787,-0.8641
7.03608179092,149.0146,38.8788,-0.8639
7.04787278175,149.0229,38.8822,-0.8632
7.06021785736,149.0305,38.882,-0.8623
7.07204985619,149.0361,38.8805,-0.863
7.08438777924,149.0409,38.8806,-0.8636
7.09617495537,149.0468,38.8832,-0.8624
7.10805296898,149.052,38.8848,-0.8605
7.11990189552,149.0587,38.882,-0.8559
7.13230395317,149.059,38.88,-0.8542
7.14407896996,149.053,38.8773,-0.8581
7.15643382072,149.0429,38.879,-0.8654
7.16767477989,149.0373,38.8787,-0.8627
7.18005299568,149.0307,38.8805,-0.8586
7.19192385674,149.0194,38.8783,-0.8606
7.20429396629,148.9995,38.8752,-0.8632
7.2161757946,148.9754,38.8748,-0.8622
7.22801589966,148.9545,38.8754,-0.8613
7.23985981941,148.9371,38.8792,-0.8549
7.25220799446,148.9285,38.8784,-0.8501
7.26400780678,148.921,38.8779,-0.8555
7.27637290955,148.9239,38.8759,-0.8608
7.28816986084,148.9356,38.8774,-0.8642
7.30051898956,148.9388,38.8772,-0.8647
7.31184887886,148.9346,38.8769,-0.8623
7.32425880432,148.9341,38.8747,-0.8627
7.33604383469,148.9382,38.8701,-0.8655
7.3483979702,148.9416,38.8756,-0.8627
7.35963201523,148.9434,38.8784,-0.8585
7.37210679054,148.952,38.8759,-0.8518
7.383893013,148.9611,38.8738,-0.8532
7.39622998238,148.9637,38.8725,-0.8585
7.40810894966,148.9653,38.8767,-0.8569
7.42050600052,148.9761,38.8823,-0.855
7.4317548275,148.9935,38.8822,-0.854
7.44409394264,149.0035,38.8786,-0.857
7.45589995384,149.0104,38.8737,-0.8602
7.46826791763,149.0232,38.8748,-0.8595
7.48007082939,149.038,38.8783,-0.8594
7.49241399765,149.039,38.88,-0.8564
7.50372982025,149.0261,38.8776,-0.8562
7.51616382599,149.0111,38.8734,-0.8575
7.52796292305,148.9955,38.8687,-0.8575
7.54031300545,148.9891,38.8717,-0.8571
7.5521337986,148.9887,38.8715,-0.8573
7.56449890137,148.9997,38.8712,-0.8583
7.57571983337,149.0196,38.8698,-0.8577
7.58809995651,149.0383,38.8719,-0.8595
7.59997582436,149.0562,38.8713,-0.8627
7.61241698265,149.0781,38.8704,-0.8617
7.6236410141,149.0998,38.8717,-0.8634
7.63598680496,149.1136,38.8723,-0.8641
7.64778590202,149.1265,38.8738,-0.8556
7.66015100479,149.1328,38.8725,-0.8507
7.67193484306,149.1317,38.8733,-0.852
7.6842648983,149.125,38.8729,-0.854
7.69604492188,149.1133,38.8724,-0.8544
7.70848298073,149.1005,38.874,-0.8547
7.71981596947,149.0876,38.8724,-0.8544
7.73216795921,149.0786,38.8728,-0.8583
7.74395394325,149.0736,38.8736,-0.8605
7.75631189346,149.073,38.8738,-0.8575
7.76815986633,149.0707,38.8757,-0.8566
7.77996492386,149.0668,38.8737,-0.8545
7.79175591469,149.0596,38.87,-0.855
7.80419993401,149.0531,38.8693,-0.8549
7.81608080864,149.048,38.869,-0.8542
7.82843089104,149.032,38.8682,-0.8525
7.83969497681,149.0065,38.868,-0.8549
7.8520629406,148.984,38.8659,-0.8624
7.86387300491,148.9678,38.863,-0.8648
7.87621188164,148.953,38.8644,-0.8641
7.88799881935,148.9372,38.866,-0.8656
7.90043187141,148.9273,38.8682,-0.8676
7.91172981262,148.9244,38.8671,-0.8669
7.92407798767,148.9198,38.8703,-0.8669
7.93588995934,148.9146,38.8712,-0.8656
7.94825100899,148.9146,38.8725,-0.864
7.96007299423,148.9168,38.8698,-0.8642
7.97242879868,148.9132,38.8697,-0.865
7.9836499691,148.9047,38.8733,-0.8671
7.99609279633,148.9041,38.8726,-0.8633
8.00793600082,148.9071,38.8677,-0.8594
8.02027893066,148.9016,38.8691,-0.8647
8.03210282326,148.895,38.8654,-0.8689
8.04446196556,148.9082,38.8593,-0.87
8.05571079254,148.9322,38.8522,-0.8756
8.0680949688,148.9562,38.8533,-0.8742
8.0798869133,148.9763,38.8556,-0.8747
8.09222793579,148.996,38.8543,-0.8773
8.10409188271,149.0158,38.8525,-0.8777
8.11647295952,149.0363,38.8581,-0.8788
8.12770390511,149.0628,38.8608,-0.872
8.14006590843,149.0824,38.8574,-0.8665
8.15186285973,149.0932,38.8562,-0.8677
8.16431283951,149.1006,38.8564,-0.874
8.17610692978,149.1103,38.8609,-0.8736
8.18844985962,149.1103,38.8702,-0.8725
8.19976878166,149.1025,38.8693,-0.8723
8.21215987206,149.0842,38.8685,-0.8797
8.22394895554,149.0644,38.87,-0.8812
8.23629784584,149.0501,38.8715,-0.8759
8.24809789658,149.0346,38.8748,-0.8724
8.26046085358,149.0319,38.8698,-0.8741
8.27172780037,149.0435,38.8647,-0.8731
8.28407692909,149.0551,38.8616,-0.8714
8.29594898224,149.0689,38.863,-0.8657
8.30834078789,149.079,38.863,-0.8658
8.31957793236,149.0862,38.8633,-0.8702
8.33193898201,149.0915,38.8626,-0.8733
8.34373497963,149.0953,38.8639,-0.8731
8.35608696938,149.0991,38.8668,-0.8755
8.36788487434,149.1078,38.8685,-0.8729
8.38024783134,149.1153,38.8651,-0.8721
8.39156889915,149.1228,38.8614,-0.8709
8.40395879745,149.1235,38.8605,-0.871
8.41577601433,149.118,38.8585,-0.8751
8.42816781998,149.0981,38.8584,-0.8784
8.43996882439,149.0664,38.8534,-0.8845
8.45231699944,149.0378,38.8556,-0.887
8.46409583092,149.0146,38.8581,-0.8838
8.47645497322,148.9887,38.8595,-0.8823
8.48771095276,148.9597,38.8533,-0.8842
8.50014901161,148.9356,38.8497,-0.8869
8.51198387146,148.9195,38.848,-0.8833
8.52436089516,148.9136,38.8481,-0.8792
8.53558588028,148.9165,38.8481,-0.8729
8.54800486565,148.9176,38.8535,-0.8679
8.55986690521,148.9166,38.8525,-0.8684
8.57221484184,148.9079,38.852,-0.8647
8.58400177956,148.8905,38.8568,-0.861
8.59643983841,148.8759,38.8626,-0.8618
8.60771894455,148.8635,38.8648,-0.8653
8.62008094788,148.8535,38.8714,-0.8675
8.63189983368,148.8456,38.8753,-0.8683
8.64425778389,148.8561,38.8754,-0.8685
8.65604400635,148.8822,38.8733,-0.8644
8.66839790344,148.8979,38.8737,-0.8633
8.67962479591,148.9058,38.8704,-0.8675
8.69208598137,148.9093,38.8681,-0.8725
8.7039167881,148.9133,38.8682,-0.8711
8.7162528038,148.919,38.8696,-0.868
8.72808480263,148.925,38.8705,-0.866
8.74044299126,148.9273,38.8653,-0.8605
8.7516849041,148.9222,38.8611,-0.8623
8.76402378082,148.9127,38.8633,-0.8617
8.77582979202,148.9042,38.8642,-0.8546
8.78827095032,148.8992,38.8591,-0.8452
8.79955196381,148.8855,38.861,-0.8511
8.81189680099,148.875,38.8613,-0.854
8.82367682457,148.8722,38.8585,-0.8461
8.8360350132,148.8678,38.8615,-0.8433
8.84784889221,148.8628,38.8655,-0.8447
8.86020088196,148.8477,38.8631,-0.8481
8.87198495865,148.8239,38.8596,-0.8527
8.88442277908,148.8002,38.857,-0.8559
8.89570689201,148.7709,38.8609,-0.8695
8.90810489655,148.7622,38.8577,-0.8692
8.9198949337,148.7659,38.8515,-0.8616
8.93229484558,148.7617,38.8546,-0.8628
8.94354581833,148.7548,38.8554,-0.8664
8.95589399338,148.7598,38.8523,-0.8676
8.96769595146,148.7727,38.8504,-0.868
8.98008298874,148.7795,38.8504,-0.8643
8.99196982384,148.7792,38.8466,-0.8614
9.00434494019,148.7825,38.8431,-0.8553
9.01557779312,148.7849,38.8398,-0.8542
9.02797198296,148.7852,38.8394,-0.8554
9.03977584839,148.788,38.8413,-0.8499
9.05211997032,148.7955,38.8409,-0.8449
9.06389188766,148.8027,38.8438,-0.8433
9.0762360096,148.8026,38.847,-0.8421
9.08757185936,148.7913,38.8481,-0.8504
9.09996294975,148.7907,38.8479,-0.862
9.11175584793,148.8042,38.8452,-0.8664
9.12412381172,148.8215,38.8477,-0.8666
9.13595890999,148.8379,38.8489,-0.8691
9.1483309269,148.8433,38.8468,-0.8731
9.15955901146,148.8414,38.847,-0.8768
9.17189979553,148.8426,38.8522,-0.8739
9.183770895,148.8485,38.8552,-0.8633
9.19616699219,148.8577,38.8532,-0.8585
9.20795798302,148.8679,38.8432,-0.8611
9.220307827,148.8745,38.8298,-0.8573
9.23158788681,148.8706,38.8279,-0.8592
9.24395084381,148.8698,38.8377,-0.8632
9.25579595566,148.8777,38.8268,-0.8666
9.26826000214,148.8895,38.8371,-0.867
9.27960300446,148.9078,38.839,-0.8685
9.29199385643,148.9231,38.8382,-0.8626
9.30378389359,148.9293,38.8354,-0.8635
9.31612300873,148.9418,38.8358,-0.8608
9.32792687416,148.9573,38.8371,-0.8613
9.34033584595,148.9669,38.8397,-0.8557
9.35157489777,148.969,38.8344,-0.8513
9.36391592026,148.9692,38.8371,-0.8546
9.3758289814,148.9726,38.8399,-0.8598
9.38823390007,148.9828,38.8359,-0.859
9.39949584007,148.9962,38.8359,-0.8557
9.4124019146,149.0022,38.842,-0.8538
9.42364192009,149.0034,38.8436,-0.8533
9.4360408783,149.0052,38.8385,-0.8533
9.44784283638,148.9997,38.8432,-0.863
9.46021580696,148.991,38.8433,-0.863
9.47199678421,148.9776,38.8434,-0.8538
9.48387098312,148.9646,38.8457,-0.8569
9.49570298195,148.9575,38.8462,-0.8593
9.50808596611,148.9477,38.8466,-0.8631
9.51987290382,148.94,38.845,-0.8606
9.53221797943,148.9262,38.8467,-0.8593
9.54349184036,148.9076,38.8505,-0.8585
9.55587482452,148.8958,38.8477,-0.8586
9.56766796112,148.8893,38.8423,-0.8575
9.58010387421,148.8707,38.8459,-0.8577
9.59193778038,148.8483,38.843,-0.8538
9.60428190231,148.8218,38.8383,-0.8487
9.6154987812,148.7893,38.8369,-0.8491
9.62789583206,148.7573,38.8369,-0.8527
9.63970279694,148.7293,38.8374,-0.8525
9.65207290649,148.7117,38.8411,-0.8505
9.66385197639,148.7015,38.8412,-0.8487
9.67629289627,148.6756,38.8409,-0.8528
9.68759083748,148.6453,38.8403,-0.8515
9.69994592667,148.6253,38.8368,-0.851
9.71174287796,148.6149,38.8394,-0.8504
9.72407698631,148.6042,38.8415,-0.851
9.7358648777,148.5973,38.8391,-0.8512
9.74821782112,148.6075,38.839,-0.8522
9.75950980186,148.631,38.8399,-0.8557
9.77196598053,148.6526,38.8441,-0.8564
9.78380894661,148.6734,38.8416,-0.8555
9.79616999626,148.6978,38.8399,-0.8568
9.80797886848,148.7252,38.8381,-0.8599
9.82034397125,148.7459,38.8367,-0.8592
9.83158493042,148.7598,38.8339,-0.8584
9.84394598007,148.7688,38.8366,-0.8598
9.85580587387,148.7757,38.8393,-0.8631
9.86832880974,148.7798,38.8386,-0.8623
9.87965798378,148.7804,38.8378,-0.8605
9.89203000069,148.78,38.8386,-0.8595
9.90382480621,148.7788,38.835,-0.8591
9.91617894173,148.7737,38.8292,-0.8575
9.92798495293,148.7656,38.8274,-0.856
9.93987894058,148.762,38.8305,-0.8529
9.95169091225,148.7646,38.8383,-0.8443
9.96405601501,148.7683,38.8407,-0.8436
9.97596001625,148.774,38.8419,-0.8465
9.98842978477,148.7836,38.8465,-0.8493
9.99967098236,148.8009,38.8474,-0.845
10.0120828152,148.8059,38.8497,-0.8405
10.0239617825,148.7994,38.8509,-0.8412
10.035877943,148.779,38.8452,-0.8459
10.0478589535,148.7521,38.8417,-0.8455
10.0603308678,148.7346,38.8472,-0.8428
10.0716898441,148.7266,38.8482,-0.8404
10.0841488838,148.7113,38.8431,-0.8393
10.0955059528,148.6916,38.8352,-0.8389
10.1079998016,148.6724,38.833,-0.837
10.1198859215,148.6541,38.8307,-0.8328
10.1323578358,148.6283,38.8309,-0.8349
10.1437678337,148.6011,38.8231,-0.8362
10.1562287807,148.5715,38.8156,-0.8369
10.167580843,148.5403,38.8178,-0.8371
10.1801137924,148.5131,38.8257,-0.8363
10.1914708614,148.4881,38.8322,-0.837
10.2039148808,148.4689,38.8329,-0.8344
10.2158470154,148.4525,38.8313,-0.836
10.2283508778,148.4402,38.8304,-0.8361
10.2397267818,148.4314,38.8306,-0.8351
10.2521870136,148.4285,38.8317,-0.8368
10.2635519505,148.432,38.8315,-0.8375
10.2759928703,148.4343,38.8283,-0.8408
10.2879009247,148.4362,38.8245,-0.8444
10.2998569012,148.4317,38.8235,-0.8471
10.3118038177,148.4245,38.8241,-0.844
10.3242838383,148.4209,38.823,-0.8428
10.3356218338,148.4183,38.8183,-0.8463
10.3481929302,148.4211,38.815,-0.8505
10.3595519066,148.4318,38.8132,-0.8507
10.3720288277,148.4473,38.8112,-0.8465
10.3839299679,148.4642,38.8064,-0.842
10.3958787918,148.4821,38.8043,-0.8563
10.4077858925,148.4975,38.8102,-0.8888
10.4202349186,148.5161,38.8216,-0.9186
10.4315769672,148.5493,38.8554,-0.9139
10.4441158772,148.6021,38.9002,-0.8728
10.4554829597,148.6596,38.9467,-0.8075
10.4680240154,148.6724,38.9683,-0.7946
10.4799308777,148.6287,38.9902,-0.8421
10.4918608665,148.5448,39.0291,-0.8859
10.5038778782,148.4048,38.974,-0.932
10.5163478851,148.2537,38.749,-0.8519
10.5277049541,148.0823,38.34,-0.7368
10.5402619839,147.8821,37.6918,-0.7039
10.5516519547,147.6151,36.8239,-0.8396
10.5642299652,147.2797,35.7589,-1.0839
10.5757749081,146.8811,34.529,-1.3703
10.588301897,146.4333,33.1372,-1.6855
10.5996618271,145.9463,31.6025,-2.0544
10.6121590137,145.4158,29.971,-2.5352
10.6234998703,144.8846,28.2954,-3.0335
10.6359908581,144.3812,26.5685,-3.4814
10.6479578018,143.9123,24.8071,-3.9505
10.6598968506,143.4656,23.0365,-4.4802
10.6717989445,143.0085,21.3982,-4.9997
10.6842508316,142.5739,20.5222,-5.2858
10.6956238747,142.0562,20.1533,-5.6934
10.708190918,141.4714,20.0843,-5.9848
10.7195658684,140.8972,20.2214,-6.1851
10.7320899963,140.4124,20.5053,-6.2858
10.743434906,140.0306,20.8438,-6.3061
10.7559249401,139.7242,21.1769,-6.2654
10.7678468227,139.4667,21.4386,-6.1568
10.779779911,139.2317,21.604,-5.968
10.7916820049,138.9986,21.629,-5.7654
10.8041558266,138.7523,21.5165,-5.5092
10.8155059814,138.4775,21.2698,-5.2371
10.8280439377,138.1744,20.9016,-4.9804
10.8394010067,137.8475,20.452,-4.7377
10.8519098759,137.4829,19.968,-4.5198
10.8638699055,137.0786,19.4693,-4.3177
10.8758738041,136.6418,18.9668,-4.1401
10.8877868652,136.1753,18.4495,-3.9797
10.9002788067,135.6775,17.9038,-3.8003
10.9116117954,135.167,17.322,-3.6069
10.9240939617,134.651,16.7065,-3.4097
10.9354279041,134.1371,16.1017,-3.1667
10.9479739666,133.6328,15.5019,-2.8986
10.9599199295,133.142,14.8917,-2.6095
10.9718689919,132.6621,14.2521,-2.2785
10.9837629795,132.2031,13.5758,-1.9029
10.9962258339,131.7652,12.8437,-1.4772
11.0075798035,131.3546,12.0731,-0.9625
11.0200967789,130.9632,11.2572,-0.4333
11.031430006,130.5806,10.409,0.0995
11.0438659191,130.1909,9.5663,0.6267
11.0558218956,129.7862,8.7465,1.1636
11.0683069229,129.3655,7.9499,1.6574
11.079641819,128.9399,7.1598,2.0813
11.0920968056,128.52,6.3911,2.4504
11.1034288406,128.1197,5.6462,2.7326
11.115885973,127.7459,4.9392,2.9628
11.1277799606,127.4187,4.263,3.1986
11.1402468681,127.1554,3.6018,3.465
11.1516108513,126.9517,2.9387,3.7859
11.1640748978,126.7837,2.2768,4.1147
11.1753988266,126.6321,1.6172,4.4145
11.1879048347,126.4759,0.9748,4.7
11.1997787952,126.3087,0.3759,4.9324
11.2122149467,126.1336,-0.1512,5.1271
11.2235438824,125.9561,-0.5922,5.2666
11.2360098362,125.7801,-0.9671,5.3485
11.2479169369,125.6118,-1.2987,5.3772
11.2598688602,125.4483,-1.6206,5.3835
11.2717759609,125.302,-1.9557,5.3678
11.2842299938,125.172,-2.2947,5.3564
11.2955498695,125.0476,-2.6451,5.3648
11.3080530167,124.9192,-2.9561,5.3523
11.3193778992,124.7734,-3.2095,5.3247
11.3318347931,124.6169,-3.4122,5.234
11.3437209129,124.4693,-3.5995,5.1027
11.3562250137,124.3437,-3.7652,4.9648
11.367595911,124.242,-3.8509,4.876
11.3800978661,124.1645,-3.8228,4.8261
11.391425848,124.0923,-3.6793,4.812
11.4038848877,124.0209,-3.464,4.8335
11.415804863,123.957,-3.2399,4.8515
11.4282529354,123.9066,-3.0376,4.8626
11.4396088123,123.8638,-2.8217,4.9006
11.4521288872,123.8242,-2.5562,4.9462
11.4634759426,123.7937,-2.2091,4.9801
11.4759569168,123.7935,-1.8094,5.007
11.4878549576,123.8311,-1.3767,5.0467
11.499765873,123.9192,-0.9846,5.1101
11.5116648674,124.0591,-0.5088,5.0651
11.5242447853,124.2208,-0.0232,5.1468
11.5356068611,124.4136,0.5008,5.2572
11.548186779,124.6321,1.0332,5.3392
11.5595598221,124.8524,1.5641,5.4374
11.572026968,125.1073,2.0544,5.5447
11.5833489895,125.3791,2.5461,5.7136
11.5958259106,125.6654,3.0499,5.861
11.6077477932,125.9309,3.6009,6.091
11.6202178001,126.1688,4.1275,6.3049
11.6315338612,126.3711,4.6247,6.5001
11.6439838409,126.5601,5.0112,6.6559
11.6553490162,126.7226,5.3397,6.7743
11.6678769588,126.8809,5.6,6.9225
11.679776907,127.0741,5.7941,7.1621
11.6922299862,127.3335,5.9544,7.4638
11.7035398483,127.6428,6.0772,7.7911
11.7159998417,127.9565,6.1611,8.0922
11.727339983,128.226,6.2431,8.2737
11.7398488522,128.4567,6.3209,8.3837
11.7517979145,128.6306,6.5749,8.4267
11.7642519474,128.8589,6.6664,8.3882
11.7756168842,129.0998,6.811,8.545
11.788173914,129.3744,6.9625,8.8204
11.7995359898,129.6797,7.1234,9.1659
11.8119869232,129.9992,7.2562,9.5523
11.8238689899,130.3091,7.3782,9.9272
11.8358139992,130.5956,7.4962,10.2641
11.847714901,130.8586,7.6105,10.5545
11.8602249622,131.1119,7.7092,10.7937
11.8716089725,131.3505,7.791,10.99
11.8840949535,131.5813,7.8541,11.1678
11.8955528736,131.8146,7.8998,11.3298
11.908094883,132.0658,7.9506,11.4323
11.9194219112,132.3201,7.978,11.5231
11.9318628311,132.5611,8.1482,11.8332
11.9437727928,132.8207,8.0462,12.0482
11.9562768936,133.0561,7.9813,12.2435
11.9679059982,133.2773,7.9615,12.5219
11.9799928665,133.4761,7.9117,12.6574
11.9913477898,133.6642,7.8617,12.9007
12.0038189888,133.9101,7.2066,13.597
12.0157039165,134.1293,7.1132,13.9579
12.0282249451,134.3031,6.9328,14.1641
12.039555788,134.3839,6.8557,14.2517
12.0520088673,134.3643,6.9307,14.3615
12.0633358955,134.3253,6.8615,14.2326
12.0758419037,134.2607,6.8517,14.1705
12.087749958,134.1989,6.8365,14.2854
12.1002349854,134.1411,6.7924,14.4058
12.1115608215,134.0673,6.7263,14.4357
12.1240057945,133.9773,6.6539,14.4607
12.1353628635,133.8808,6.5133,14.4705
12.1478939056,133.7773,6.3514,14.3172
12.1597859859,133.6536,6.2357,14.1271
12.1716938019,133.5122,6.136,13.9425
12.1835839748,133.3607,6.0544,13.7139
12.1960449219,133.2093,5.9816,13.4532
12.2073869705,133.0643,5.9387,13.2163
12.2198579311,132.93,5.919,12.999
12.2317709923,132.8044,5.9241,12.7966
12.2436718941,132.6846,5.9679,12.6148
12.2555589676,132.5662,6.0456,12.4386
12.2680768967,132.4504,6.1402,12.2653
12.2794139385,132.332,6.2435,12.1136
12.2918689251,132.2116,6.3173,12.0109
12.3037648201,132.0908,6.3407,11.9876
12.3162269592,131.9676,6.3256,12.0277
12.3275849819,131.8361,6.2993,12.1011
12.3400979042,131.6952,6.2768,12.179
12.3514168262,131.5352,6.2399,12.2279
12.363907814,131.3324,6.1973,12.2641
12.3758518696,131.0955,6.1564,12.2634
12.3877859116,130.8408,6.1235,12.2151
12.3996779919,130.5666,6.088,12.1032
12.412142992,130.267,6.0458,11.93
12.4234659672,129.945,5.9934,11.715
12.4358999729,129.6011,5.9306,11.4751
12.4477880001,129.2426,5.8695,11.229
12.4597418308,128.8731,5.8033,10.9959
12.471629858,128.5023,5.7233,10.8003
12.484074831,128.1262,5.6537,10.6347
12.4954378605,127.7465,5.6178,10.4892
12.507986784,127.3599,5.6137,10.3795
12.5193388462,126.9694,5.6291,10.3082
12.5318078995,126.588,5.6454,10.2566
12.5436999798,126.2126,5.6875,10.2012
12.5561828613,125.8362,5.7452,10.124
12.5675668716,125.4604,5.7828,10.0874
12.5800938606,125.083,5.8066,9.9915
12.5914208889,124.6916,5.8257,9.9381
12.6038758755,124.2912,5.822,9.8546
12.6157979965,123.8799,5.7963,9.7402
12.6276938915,123.4475,5.756,9.5974
12.6396188736,123.0102,5.7148,9.4288
12.6520869732,122.5947,5.6925,9.2439
12.6634478569,122.2107,5.6851,9.0349
12.6758978367,121.8514,5.6913,8.8
12.6877908707,121.514,5.7064,8.5311
12.6996958256,121.2025,5.7269,8.2642
12.7115778923,120.9062,5.7365,7.984
12.7240309715,120.5825,5.7136,7.7084
12.7353608608,120.2293,5.6755,7.4439
12.7478818893,119.8571,5.6273,7.1837
12.7598118782,119.4899,5.5687,6.9404
12.7717518806,119.1476,5.5169,6.7009
12.7836358547,118.8385,5.4862,6.4478
12.7960889339,118.5572,5.4781,6.1347
12.80742383,118.2778,5.4873,5.7829
12.8198809624,117.982,5.5082,5.4097
12.8317859173,117.6754,5.5515,5.0259
12.8436977863,117.3776,5.5941,4.6695
12.8556008339,117.1064,5.6249,4.3549
12.868229866,116.8789,5.6362,4.1084
12.8795678616,116.7048,5.6362,3.8887
12.8920819759,116.5592,5.638,3.6873
12.9034078121,116.4329,5.6395,3.4806
12.915861845,116.3201,5.6116,3.2915
12.9277498722,116.2083,5.5437,3.0997
12.9396719933,116.0871,5.4506,2.8736
12.9515810013,115.9535,5.3743,2.6149
12.9640519619,115.8146,5.3261,2.3302
12.9753739834,115.6874,5.3081,2.0288
12.9878818989,115.5749,5.319,1.7529
12.9997599125,115.4771,5.3472,1.5122
13.0116658211,115.3913,5.3679,1.3268
13.0235538483,115.325,5.3587,1.1888
13.0360209942,115.2779,5.3427,1.0588
13.0473678112,115.2416,5.3436,0.9421
13.0598499775,115.2111,5.3534,0.8073
13.0717728138,115.1805,5.3642,0.6894
13.0836718082,115.1354,5.3771,0.5839
13.0955510139,115.0779,5.3693,0.4903
13.1080520153,115.0139,5.3837,0.3941
13.1193759441,114.9677,5.4458,0.308
13.1318469048,114.9623,5.5316,0.2472
13.1437208652,115.0002,5.6105,0.25
13.1556179523,115.067,5.6764,0.2951
13.1675899029,115.1446,5.7388,0.3128
13.1800899506,115.2067,5.8004,0.2521
13.1914169788,115.2636,5.8523,0.1495
13.203856945,115.3267,5.8973,0.0104
13.2157769203,115.404,5.9306,-0.1509
13.2276790142,115.4856,5.995,-0.2982
13.2395558357,115.5676,6.0694,-0.3824
13.2520079613,115.6491,6.1293,-0.4183
13.2633779049,115.7212,6.1825,-0.4734
13.2758708,115.802,6.2391,-0.5441
13.2877578735,115.9167,6.3164,-0.6074
13.2996637821,116.0864,6.4258,-0.6478
13.3115439415,116.3145,6.5444,-0.6421
13.3239998817,116.5806,6.6508,-0.5718
13.3353259563,116.8404,6.7111,-0.4551
13.3478558064,117.0516,6.7376,-0.361
13.3597569466,117.2074,6.7196,-0.3044
13.3717319965,117.3318,6.6665,-0.2841
13.3836348057,117.4526,6.59,-0.3066
13.3960978985,117.5849,6.5042,-0.3575
13.4074339867,117.7341,6.4286,-0.4131
13.4198918343,117.9101,6.377,-0.4421
13.4312179089,118.0954,6.3533,-0.5308
13.4437048435,118.2911,6.3098,-0.6795
13.4552209377,118.4931,6.263,-0.8509
13.467815876,118.691,6.2346,-1.0398
13.4797279835,118.8707,6.2096,-1.2278
13.4916479588,119.0163,6.185,-1.4248
13.5035288334,119.1382,6.1544,-1.6221
13.5159959793,119.2609,6.1593,-1.8142
13.5273258686,119.4165,6.2275,-1.9604
13.5397930145,119.6135,6.3814,-2.0999
13.5517139435,119.8537,6.5704,-2.277
13.5636599064,120.1369,6.7736,-2.4941
13.5755457878,120.4603,6.9694,-2.7249
13.5880818367,120.8213,7.136,-2.9396
13.5994269848,121.1996,7.2681,-3.0884
13.6119029522,121.5747,7.3529,-3.1651
13.6232428551,121.9264,7.4019,-3.2266
13.635696888,122.2505,7.4487,-3.3267
13.6476299763,122.5588,7.5356,-3.4541
13.6600987911,122.8742,7.6787,-3.5644
13.6714270115,123.227,7.8453,-3.5896
13.6838879585,123.6406,8.005,-3.4801
13.6952149868,124.088,8.1566,-3.2694
13.7077338696,124.5175,8.2918,-3.0508
13.7196338177,124.8964,8.4156,-2.8601
13.7320888042,125.2279,8.5626,-2.7245
13.7434179783,125.5282,8.7545,-2.6179
13.7558758259,125.8231,8.9443,-2.4758
13.7672479153,126.1322,9.1075,-2.2439
13.7797119617,126.4397,9.2484,-1.9899
13.7915999889,126.7237,9.3594,-1.7568
13.8040549755,126.9881,9.4368,-1.5511
13.8153669834,127.229,9.509,-1.3879
13.8279049397,127.4451,9.5849,-1.2317
13.8392858505,127.6374,9.6697,-1.0636
13.8517589569,127.8279,9.7459,-0.8849
13.8636498451,128.0224,9.8004,-0.6882
13.8756008148,128.2197,9.826,-0.5014
13.8875498772,128.4175,9.8239,-0.3241
13.9000918865,128.632,9.7836,-0.1609
13.9114229679,128.888,9.7394,-0.0615
13.9238820076,129.1919,9.6908,-0.1423
13.9352087975,129.4828,9.6676,-0.3258
13.9477438927,129.7396,9.6587,-0.4856
13.9596488476,129.9627,9.5938,-0.6888
13.9721479416,130.1658,9.4454,-0.8779
13.9834778309,130.3315,9.331,-1.1396
13.9959378242,130.4825,9.2801,-1.3395
14.007270813,130.6603,9.2343,-1.4695
14.0197398663,130.8788,9.2005,-1.5445
14.0316269398,131.1214,9.1777,-1.6027
14.0440897942,131.3538,9.1547,-1.6384
14.0554118156,131.5575,9.1174,-1.6594
14.06792593,131.7275,9.0764,-1.6387
14.0793027878,131.8662,9.0432,-1.5556
14.0917727947,131.989,9.005,-1.4123
14.103648901,132.103,8.9648,-1.1859
14.1155509949,132.2139,8.9261,-0.8978
14.1274859905,132.3177,8.8867,-0.5892
14.1399497986,132.4125,8.843,-0.2709
14.1512567997,132.5038,8.7966,0.0268
14.163713932,132.5986,8.7467,0.2596
14.1756448746,132.694,8.6878,0.459
14.1876089573,132.7746,8.6131,0.6069
14.1995418072,132.8229,8.5117,0.7415
14.2119958401,132.8152,8.409,0.8636
14.2233409882,132.7528,8.3331,0.9808
14.2358570099,132.6663,8.2922,1.0616
14.2471818924,132.5861,8.3069,1.1346
14.259649992,132.5291,8.3104,1.1704
14.2715349197,132.4893,8.3036,1.2452
14.2839889526,132.4525,8.3728,1.3162
14.295306921,132.4143,8.4817,1.3768
14.3078329563,132.379,8.5739,1.4518
14.3191649914,132.352,8.6554,1.5462
14.3316278458,132.3283,8.7507,1.6585
14.343503952,132.3044,8.8471,1.7884
14.3559389114,132.2925,8.9191,1.9619
14.3672997952,132.2912,8.9236,2.1733
14.3799259663,132.2655,8.8921,2.3919
14.3912549019,132.2019,8.8655,2.5869
14.4037148952,132.111,8.8456,2.7486
14.4156010151,132.0125,8.8364,2.8856
14.4275507927,131.9248,8.8359,3.0133
14.4394519329,131.8563,8.8555,3.1523
14.451928854,131.8093,8.8616,3.31
14.4632658958,131.7669,8.8431,3.4758
14.4758119583,131.7056,8.7847,3.646
14.4871499538,131.6021,8.6911,3.8051
14.4995999336,131.4473,8.5592,3.9542
14.5115230083,131.2505,8.3769,4.0946
14.5239789486,131.0337,8.1276,4.1853
14.5354259014,130.7854,7.8192,4.1494
14.547978878,130.4608,7.4243,3.9269
14.5593318939,130.033,6.9416,3.5364
14.5718419552,129.4895,6.4173,3.0105
14.5831689835,128.858,5.9268,2.3935
14.5956168175,128.1837,5.528,1.7478
14.6075479984,127.5195,5.2182,1.1291
14.6200199127,126.8935,4.9681,0.5668
14.6313447952,126.3285,4.7554,0.0923
14.6438069344,125.8269,4.566,-0.276
14.6551439762,125.3884,4.394,-0.5476
14.667662859,124.9921,4.2333,-0.7536
14.6796038151,124.631,4.089,-0.8964
14.6915287971,124.3063,4.0119,-1.0127
14.7034199238,124.0048,4.0182,-1.0841
14.7158718109,123.6916,4.0926,-1.1533
14.7271928787,123.3557,4.1976,-1.158
14.7396359444,123.0133,4.3012,-1.1433
14.7515478134,122.6697,4.4039,-1.1168
14.7640068531,122.3418,4.4725,-1.0978
14.7753298283,122.0292,4.5058,-1.0885
14.7878859043,121.7247,4.5123,-1.1087
14.7992208004,121.4275,4.4845,-1.1759
14.8116919994,121.118,4.4373,-1.299
14.8235747814,120.7926,4.3672,-1.4339
14.8360338211,120.4431,4.2816,-1.5704
14.8473649025,120.0723,4.2008,-1.6734
14.8598718643,119.6943,4.1258,-1.7515
14.8712618351,119.3091,4.0814,-1.8298
14.8837559223,118.9013,4.0813,-1.8887
14.8956489563,118.4838,4.1119,-1.9106
14.9076118469,118.0743,4.1747,-1.8879
14.919533968,117.6804,4.255,-1.8078
14.9319698811,117.2978,4.3362,-1.6584
14.943322897,116.9344,4.3876,-1.4545
14.9558298588,116.5875,4.4162,-1.2112
14.9672207832,116.2542,4.4294,-0.9856
14.9796998501,115.9224,4.4342,-0.8003
14.9915909767,115.573,4.4273,-0.6858
15.003494978,115.1951,4.3879,-0.6636
15.0153689384,114.7966,4.3213,-0.7042
15.0279009342,114.3797,4.266,-0.7562
15.039236784,113.9696,4.2373,-0.79
15.0517439842,113.5817,4.2319,-0.7868
15.0636339188,113.2302,4.2112,-0.7646
15.0755448341,112.9147,4.1806,-0.7451
15.0875229836,112.6344,4.1508,-0.7409
15.0999929905,112.398,4.1094,-0.7588
15.1113209724,112.1989,4.0696,-0.7833
15.123775959,112.0294,4.04,-0.8195
15.1350989342,111.8756,4.0315,-0.8457
15.1476118565,111.7334,4.0195,-0.8667
15.159526825,111.5855,3.9772,-0.907
15.1719799042,111.417,3.8846,-0.9724
15.1833388805,111.2409,3.7775,-1.0473
15.1958367825,111.0707,3.6969,-1.1475
15.2071659565,110.9095,3.6542,-1.2736
15.219853878,110.7634,3.6216,-1.42
15.2312138081,110.6349,3.5831,-1.5831
15.2436778545,110.5324,3.5317,-1.7391
15.2555580139,110.4602,3.4824,-1.8717
15.2675199509,110.4131,3.4353,-1.9998
15.2794179916,110.3957,3.4144,-2.127
15.2919089794,110.4173,3.4363,-2.2463
15.3032228947,110.4743,3.4913,-2.3486
15.3156769276,110.5401,3.5805,-2.4585
15.3276147842,110.6109,3.6558,-2.5499
15.339537859,110.6873,3.7254,-2.6533
15.3514168262,110.7582,3.8207,-2.7691
15.3638689518,110.8454,3.9186,-2.9107
15.3752219677,110.9384,4.0653,-3.0693
15.3877649307,111.0497,4.2031,-3.1883
15.3991057873,111.196,4.2982,-3.3482
15.4115719795,111.3586,4.3938,-3.5453
15.4234478474,111.5529,4.4885,-3.7537
15.4358899593,111.793,4.602,-3.9787
15.4472589493,112.0767,4.7413,-4.1645
15.4597549438,112.3973,4.8833,-4.3227
15.4710898399,112.7395,4.9891,-4.4993
15.4835689068,113.0898,5.0415,-4.6936
15.4954659939,113.4338,5.0601,-4.9316
15.5074548721,113.7705,5.0873,-5.1755
15.5193588734,114.1125,5.1175,-5.4699
15.5318028927,114.4634,5.1782,-5.787
15.5431168079,114.8491,5.215,-6.0052
15.5556838512,115.2674,5.2499,-6.1544
15.5676448345,115.6987,5.3022,-6.2079
15.5799338818,116.1263,5.3944,-6.1495
15.5916090012,116.5463,5.5308,-6.0183
15.6038219929,116.9618,5.7123,-5.8858
15.6154789925,117.3773,5.9017,-5.7614
15.6277799606,117.8035,6.0779,-5.6621
15.6394369602,118.2356,6.239,-5.5798
15.6516468525,118.6714,6.3929,-5.4841
15.6633098125,119.1012,6.5424,-5.3614
15.6755068302,119.5194,6.6883,-5.193
15.6872198582,119.9084,6.8062,-5.0119
15.6994228363,120.2285,6.9093,-4.8824
15.7114129066,120.4671,6.985,-4.8329
15.7239098549,120.6541,7.0206,-4.8495
15.7353777885,120.8292,7.0104,-4.9027
15.7477769852,121.0259,6.9873,-4.9104
15.7590799332,121.2602,6.9444,-4.8631
15.7714209557,121.5141,6.8939,-4.7772
15.7832438946,121.7855,6.8671,-4.6474
15.7955729961,122.0894,6.8973,-4.468
15.8074359894,122.4242,6.9784,-4.2198
15.8197789192,122.773,7.0814,-3.9145
15.8310468197,123.116,7.1763,-3.5963
15.8434410095,123.4221,7.2604,-3.336
15.8552567959,123.6686,7.311,-3.1519
15.8676149845,123.8604,7.3389,-3.0398
15.8794488907,124.0157,7.3566,-2.9767
15.8917989731,124.1696,7.3644,-2.9156
15.9030909538,124.3493,7.3826,-2.7854
15.9154338837,124.5765,7.4061,-2.6047
15.9273178577,124.8515,7.4014,-2.375
15.9397058487,125.1522,7.3592,-2.1186
15.9510369301,125.436,7.27,-1.9025
15.9636719227,125.669,7.1515,-1.6986
15.9751420021,125.8488,7.0079,-1.4865
15.9875438213,125.9679,6.8655,-1.2899
15.9994068146,126.0427,6.7433,-1.0839
16.0117797852,126.087,6.6752,-0.8949
16.0230798721,126.1097,6.6545,-0.7219
16.0354239941,126.1262,6.6642,-0.545
16.0472669601,126.1521,6.6889,-0.3217
16.0596299171,126.2031,6.7132,-0.0232
16.0714359283,126.2848,6.7248,0.3618
16.0837769508,126.3825,6.7305,0.7644
16.0950789452,126.4659,6.7424,1.1145
16.1074597836,126.5096,6.7525,1.3727
16.1193118095,126.5236,6.7456,1.5039
16.1316828728,126.4909,6.7582,1.4603
16.142952919,126.4119,6.7987,1.5544
16.1558289528,126.323,6.792,1.7288
16.1671199799,126.2265,6.7532,2.0033
16.179461956,126.1061,6.727,2.2867
16.1912708282,125.9704,6.7367,2.5401
16.2034938335,125.8366,6.7333,2.706
16.2149419785,125.7087,6.7413,2.7667
16.2278389931,125.5917,6.7865,2.6979
16.2391729355,125.4838,6.8188,2.6846
16.2514128685,125.3874,6.7859,2.7707
16.2630779743,125.3007,6.7095,2.9407
16.2765669823,125.2111,6.5729,3.1685
16.2874548435,125.1252,6.3901,3.4037
16.2997848988,125.0263,6.2506,3.4636
16.311537981,124.8932,6.2447,3.4342
16.3236927986,124.767,6.2666,3.478
16.3351569176,124.6995,6.2279,3.5604
16.3475358486,124.6976,6.1445,3.6911
16.3594529629,124.7288,6.0192,3.8483
16.371462822,124.7435,5.832,3.9832
16.3833518028,124.718,5.6174,4.0539
16.395886898,124.6532,5.4131,4.0598
16.4072887897,124.5697,5.2382,3.9982
16.4197428226,124.4973,5.0843,3.9075
16.4310729504,124.4531,4.9465,3.8475
16.4435119629,124.4342,4.8394,3.848
16.4554228783,124.4295,4.7551,3.9201
16.4674038887,124.4377,4.6732,4.0605
16.4793579578,124.4534,4.5951,4.2586
16.4918558598,124.4597,4.5145,4.4594
16.5032279491,124.436,4.4234,4.6519
16.5157868862,124.3659,4.3513,4.8257
16.5271708965,124.2432,4.2861,4.949
16.5396637917,124.0834,4.2168,5.0306
16.5515649319,123.9015,4.1598,5.0859
16.5634858608,123.7041,4.1089,5.1283
16.5753698349,123.4891,4.051,5.1598
16.5878868103,123.2418,4.0032,5.1744
16.5993080139,122.9611,3.9673,5.1594
16.6117818356,122.6471,3.9459,5.129
16.6231319904,122.3086,3.928,5.0701
16.640185833,121.9514,3.9104,4.9869
16.6488268375,121.5877,3.8762,4.8755
16.6594548225,121.2123,3.8231,4.7554
16.6710569859,120.84,3.7338,4.5985
16.683713913,120.4688,3.6041,4.44
16.6955378056,120.1031,3.4667,4.248
16.7082948685,119.7412,3.3524,4.03
16.7194178104,119.3727,3.2721,3.7779
16.7314360142,118.9861,3.2062,3.5075
16.7432818413,118.5831,3.1371,3.2041
16.7556169033,118.1745,3.0732,2.8332
16.7669727802,117.7862,2.9752,2.379
16.7793078423,117.4198,2.8532,1.8332
16.7911329269,117.0824,2.7495,1.2307
16.8034617901,116.7775,2.6514,0.5934
16.8152799606,116.4936,2.51,-0.0334
16.8276178837,116.1953,2.3235,-0.5598
16.838919878,115.8795,2.1637,-0.9527
16.8517940044,115.5626,2.1056,-1.2463
16.8630819321,115.2578,2.1564,-1.436
16.8754239082,114.9674,2.2923,-1.5429
16.8873178959,114.7053,2.4601,-1.5807
16.8996579647,114.4759,2.6457,-1.6036
16.9109809399,114.2652,2.8542,-1.6542
16.9233188629,114.0442,3.095,-1.7211
16.9351468086,113.8022,3.3458,-1.7831
16.9474828243,113.5498,3.5733,-1.8281
16.9593179226,113.2814,3.7576,-1.8408
16.971654892,112.9886,3.8834,-1.86
16.9829399586,112.6686,3.9629,-1.8877
16.9952659607,112.3161,4.0307,-1.9558
17.0070769787,111.9362,4.0955,-2.07
17.0194118023,111.5385,4.165,-2.2078
17.0312299728,111.1432,4.2366,-2.3547
17.0435500145,110.7579,4.3178,-2.4944
17.0553557873,110.3999,4.3678,-2.6406
17.0676858425,110.059,4.37,-2.7989
17.0789849758,109.7402,4.3251,-2.9993
17.0913238525,109.4549,4.2253,-3.209
17.1031529903,109.2136,4.1137,-3.4211
17.1154839993,109.0313,3.9799,-3.6194
17.1273658276,108.9056,3.8145,-3.7671
17.1397118568,108.8054,3.6425,-3.8946
17.1509997845,108.6879,3.4645,-4.0106
17.1633257866,108.5415,3.2828,-4.1304
17.175139904,108.3732,3.1148,-4.2369
17.1874639988,108.1935,2.9916,-4.3096
17.1988778114,108.0292,2.9348,-4.3301
17.2117738724,107.8956,2.9434,-4.301
17.2230558395,107.8138,2.9875,-4.2186
17.2353818417,107.81,3.0438,-4.1328
17.2472507954,107.866,3.1133,-4.0537
17.2595818043,107.949,3.1495,-4.0062
17.2713959217,108.0112,3.2257,-3.9359
17.283741951,108.071,3.2667,-3.82
17.2950220108,108.1345,3.2886,-3.7366
17.3073689938,108.1924,3.3142,-3.6894
17.3191838264,108.2525,3.3206,-3.6949
17.3315248489,108.318,3.3087,-3.8003
17.3433330059,108.3873,3.2693,-4.0098
17.3556609154,108.4652,3.2004,-4.2913
17.3669998646,108.5502,3.1232,-4.6057
17.3794028759,108.6503,3.0569,-4.9232
17.3912270069,108.7916,2.9947,-5.2198
17.4037849903,109.0149,2.9273,-5.467
17.4151368141,109.3382,2.8575,-5.6476
17.4276669025,109.7515,2.7914,-5.7847
17.439000845,110.2525,2.735,-5.814
17.4514257908,110.8333,2.6851,-5.7538
17.4633228779,111.451,2.646,-5.64
17.4758248329,112.0591,2.6417,-5.5036
17.4871599674,112.6278,2.7138,-5.3622
17.499617815,113.1703,2.8532,-5.1372
17.5109708309,113.6759,3.0618,-5.056
17.5234789848,114.1413,3.4611,-4.9924
17.5353689194,114.6629,3.8995,-4.8741
17.5473539829,115.2944,4.3137,-4.6674
17.5592348576,116.001,4.7089,-4.4301
17.5717699528,116.7331,5.0656,-4.1729
17.5830988884,117.4229,5.3879,-3.9619
17.5955328941,118.0618,5.704,-3.721
17.6070108414,118.6661,5.9786,-3.5374
17.6194508076,119.2396,6.2754,-3.3936
17.6313428879,119.8031,6.6153,-3.2476
17.6437718868,120.3941,7.0097,-3.0513
17.6550939083,121.0371,7.436,-2.7026
17.6676108837,121.7219,7.9416,-2.0651
17.6790008545,122.3677,8.2495,-1.6803
17.6914258003,122.908,8.7139,-1.3074
17.7033438683,123.4579,9.0741,-0.9279
17.7158389091,124.0178,9.3985,-0.5697
17.7271749973,124.5706,9.6617,-0.2137
17.7396008968,125.0779,9.9386,0.1336
17.7509088516,125.5275,10.195,0.4923
17.7633159161,125.934,10.3927,0.8965
17.7751870155,126.3089,10.5486,1.3206
17.7877190113,126.6747,10.6839,1.756
17.7990307808,127.0253,10.8332,2.215
17.811522007,127.3552,11.0087,2.6981
17.8233728409,127.6936,11.1812,3.2252
17.8358929157,128.0828,11.3711,3.674
17.8472118378,128.4941,11.5807,3.977
17.8596270084,128.867,11.8506,4.2598
17.8709437847,129.1343,12.0307,4.2446
17.8833389282,129.3173,12.1931,4.4082
17.8951628208,129.4454,12.2504,4.4941
17.9076669216,129.519,12.315,4.5681
17.9190249443,129.5824,12.3725,4.7223
17.9314239025,129.6977,12.3772,4.9526
17.9432578087,129.871,12.3749,5.1993
17.9561150074,130.0776,12.3669,5.454
17.9796228409,130.4121,12.2645,5.7512
17.9913189411,130.481,12.1773,5.7819
18.0034198761,130.4962,12.0514,5.7387
18.0153257847,130.4728,11.8615,5.6422
18.0272779465,130.4107,11.6258,5.5097
18.0391709805,130.3177,11.3693,5.3603
18.0516049862,130.2054,11.1075,5.1762
18.0633149147,130.1062,10.8322,4.9578
18.0755648613,130.0385,10.5874,4.7193
18.0872650146,129.9969,10.3675,4.4992
18.0995190144,129.9535,10.1652,4.2572
18.111232996,129.9279,9.9675,3.9713
18.1234309673,129.9203,9.7736,3.6274
18.1350429058,129.9046,9.6122,3.2948
18.1476647854,129.8714,9.4878,2.9791
18.158921957,129.8269,9.3431,2.7516
18.1716628075,129.7651,9.1959,2.5609
18.1831188202,129.6987,9.0521,2.414
18.1956899166,129.6479,8.9269,2.2899
18.2072298527,129.6223,8.836,2.1963
18.2197868824,129.6292,8.7531,2.1318
18.2312648296,129.6745,8.6701,2.1281
18.2438018322,129.75,8.5736,2.1686
18.2552239895,129.8379,8.4536,2.2466
18.2673079967,129.92,8.3122,2.3826
18.2793309689,129.9761,8.1467,2.5393
18.2913057804,129.9981,7.9836,2.6916
18.3032879829,129.9926,7.8421,2.8101
18.315871954,129.9858,7.7232,2.9213
18.3272998333,129.9903,7.6291,3.0421
18.339332819,129.9952,7.542,3.1548
18.3512969017,129.9869,7.4647,3.2707
18.3632769585,129.9644,7.3951,3.3999
18.3752739429,129.9189,7.3499,3.5445
18.3873558044,129.8421,7.3491,3.6955
18.3993718624,129.7356,7.4152,3.84
18.4113559723,129.5889,7.5352,3.9925
18.4233529568,129.398,7.6816,4.1677
18.435325861,129.1763,7.8308,4.3643
18.4473879337,128.9289,7.976,4.5566
18.4593789577,128.6647,8.0972,4.7425
18.4713997841,128.3863,8.2085,4.9169
18.4834179878,128.0805,8.3038,5.0618
18.4954099655,127.7433,8.3418,5.1826
18.5074658394,127.3745,8.3358,5.2879
18.5190048218,126.974,8.2783,5.3909
18.5315849781,126.5325,8.1668,5.4755
18.5431568623,126.0555,8.0365,5.552
18.5558009148,125.5586,7.903,5.5779
18.5673348904,125.0492,7.7641,5.5558
18.579338789,124.5274,7.6227,5.4841
18.5913479328,123.9997,7.4627,5.3584
18.603374958,123.4614,7.2815,5.1926
18.6153860092,122.9116,7.0815,5.0123
18.6274778843,122.3456,6.8751,4.818
18.6389069557,121.7815,6.6661,4.6042
18.6514358521,121.232,6.4963,4.3808
18.6628727913,120.7085,6.3534,4.1628
18.6753997803,120.2099,6.2078,3.9467
18.6869139671,119.7308,6.0888,3.7579
18.6994738579,119.2804,6.0104,3.5854
18.7109248638,118.857,5.9514,3.4425
18.7234899998,118.4386,5.9057,3.325
18.7349078655,118.0279,5.8535,3.1781
18.7475569248,117.6225,5.8021,2.9896
18.7591128349,117.2455,5.7653,2.7843
18.771668911,116.9298,5.7391,2.5522
18.7830998898,116.6713,5.7348,2.3454
18.7956287861,116.4423,5.7501,2.1761
18.8071298599,116.2245,5.8045,2.0684
18.8197989464,116.0126,5.9145,2.0165
18.8312687874,115.8113,6.0525,1.9888
18.843244791,115.6133,6.1938,1.9577
18.8552148342,115.4097,6.2996,1.9261
18.8672897816,115.1925,6.3542,1.8595
18.8793268204,114.952,6.3491,1.7269
18.8913218975,114.6806,6.2979,1.5426
18.9033088684,114.3898,6.2233,1.3143
18.9153208733,114.0947,6.1448,1.0768
18.927385807,113.7924,6.0539,0.8465
18.9393799305,113.4741,5.9243,0.6175
18.9513788223,113.144,5.7579,0.3895
18.9635679722,112.7998,5.5953,0.1668
18.975124836,112.4495,5.483,-0.0748
18.9872288704,112.1074,5.391,-0.3199
18.9993720055,111.7761,5.3033,-0.5251
19.0114619732,111.4462,5.195,-0.6575
19.0228857994,111.1274,5.0574,-0.7396
19.0356328487,110.8199,4.881,-0.792
19.0471727848,110.5207,4.688,-0.8359
19.0597269535,110.2279,4.5032,-0.8684
19.0712368488,109.9411,4.3331,-0.8914
19.0832498074,109.6625,4.1724,-0.9238
19.0952408314,109.4027,4.0127,-0.9518
19.1073207855,109.1856,3.8474,-0.9558
19.1193900108,109.0218,3.6888,-0.9018
19.1313869953,108.9097,3.5416,-0.7855
19.1429460049,108.8348,3.423,-0.6847
19.1554880142,108.7718,3.3532,-0.5812
19.1670119762,108.7381,3.2879,-0.4794
19.1795918941,108.7436,3.2336,-0.4024
19.1910288334,108.7689,3.1921,-0.319
19.2035548687,108.8088,3.134,-0.2562
19.2151288986,108.8643,3.0691,-0.2373
19.2272279263,108.9335,3.0306,-0.2466
19.2392408848,109.0131,3.038,-0.2402
19.2512428761,109.1123,3.1019,-0.2488
19.2632257938,109.2329,3.192,-0.277
19.27520895,109.3751,3.291,-0.3107
19.2872748375,109.5482,3.3955,-0.3928
19.2993400097,109.7549,3.5063,-0.5549
19.3113207817,109.9853,3.6011,-0.7703
19.3233499527,110.2274,3.6764,-1.0386
19.3353350163,110.4825,3.7213,-1.3197
19.3474018574,110.7431,3.7298,-1.5863
19.3593688011,111.0069,3.6558,-1.8529
19.3713459969,111.2572,3.59,-2.1538
19.3828678131,111.4954,3.5547,-2.4429
19.3954439163,111.7441,3.5642,-2.7381
19.4069988728,112.0104,3.596,-2.9955
19.4196720123,112.287,3.6298,-3.2128
19.4311079979,112.5767,3.6638,-3.3933
19.4432969093,112.8974,3.6873,-3.5502
19.45535779,113.2537,3.7132,-3.6905
19.46773386,113.6246,3.7894,-3.7974
19.479175806,114.0023,3.9122,-3.8607
19.4912378788,114.3874,4.0629,-3.8861
19.503210783,114.7747,4.2292,-3.8859
19.5151867867,115.1605,4.4359,-3.8759
19.5269958973,115.5378,4.6647,-3.9166
19.5395858288,115.9013,4.8801,-3.9681
19.5510230064,116.2666,5.0741,-4.0596
19.5635888577,116.6384,5.2544,-4.2091
19.5750808716,117.0105,5.4263,-4.3704
19.5877377987,117.3936,5.5661,-4.4559
19.5991919041,117.799,5.6353,-4.5302
19.6112380028,118.2042,5.6858,-4.5747
19.6228449345,118.5979,5.728,-4.5792
19.6354019642,118.9938,5.7784,-4.5927
19.6469829082,119.3885,5.8463,-4.6011
19.659583807,119.781,5.9134,-4.5834
19.6710059643,120.1669,5.9771,-4.5356
19.6836459637,120.5367,6.0313,-4.4648
19.6950538158,120.8809,6.0689,-4.3701
19.7076938152,121.2121,6.0957,-4.2633
19.7191269398,121.519,6.1247,-4.1503
19.7316679955,121.8036,6.1829,-4.0106
19.743074894,122.0836,6.2829,-3.8358
19.7556188107,122.3735,6.4304,-3.6208
19.7671349049,122.6732,6.6139,-3.3463
19.7796678543,122.9943,6.7805,-3.0206
19.7910900116,123.3138,6.8863,-2.6932
19.8036057949,123.5973,6.9505,-2.4054
19.8150229454,123.835,6.9932,-2.2024
19.8276867867,124.0332,7.0212,-2.0006
19.839127779,124.2217,7.0215,-1.8293
19.8516709805,124.4039,7.0161,-1.6631
19.863077879,124.5956,6.9944,-1.4813
19.8756248951,124.7821,6.9744,-1.3663
19.8871929646,124.9723,6.9415,-1.2199
19.8991658688,125.1565,6.9018,-1.1396
19.9111878872,125.3219,6.8819,-1.0036
19.9231638908,125.4643,6.835,-0.804
19.9351668358,125.5768,6.7732,-0.5613
19.9476549625,125.6333,6.7447,-0.3664
19.9590969086,125.6496,6.7685,-0.1948
19.9716539383,125.6686,6.8383,-0.0065
19.983039856,125.7057,6.8974,0.1859
19.9955739975,125.738,6.9065,0.3885
