1591008929.00624847,0.31617883,-0.46448696,0.94569451
1591008929.01852894,0.32111731,-0.47303766,0.93735558
1591008929.03010917,0.32499224,-0.48060632,0.93861908
1591008929.04250646,0.32726893,-0.48450658,0.94139868
1591008929.05408955,0.32850608,-0.48951140,0.95074850
1591008929.06647611,0.32514235,-0.48815221,0.94872695
1591008929.07814860,0.33017951,-0.47981983,0.94721073
1591008929.09064913,0.33308315,-0.46002769,0.93255430
1591008929.10224032,0.33557034,-0.44612691,0.91587639
1591008929.11457610,0.34003508,-0.43124428,0.89490253
1591008929.12614536,0.33845440,-0.41052023,0.88150954
1591008929.13851380,0.33502451,-0.39585117,0.86912739
1591008929.15007377,0.33438548,-0.38967335,0.87974072
1591008929.16267014,0.32870302,-0.39046416,0.89439708
1591008929.17428041,0.31438550,-0.38881835,0.91486555
1591008929.18668604,0.30925378,-0.38835904,0.92952198
1591008929.19814444,0.30154613,-0.38444504,0.94038790
1591008929.21052313,0.29729894,-0.38597682,0.95024312
1591008929.22208095,0.29619426,-0.38779512,0.95150656
1591008929.23470592,0.29149291,-0.38602695,0.94190407
1591008929.24627566,0.29716226,-0.37358978,0.93381780
1591008929.25862551,0.30548227,-0.36061171,0.92497343
1591008929.27019167,0.31196040,-0.35460684,0.91562361
1591008929.28253317,0.31418708,-0.34989741,0.91638172
1591008929.29414129,0.31771442,-0.34863371,0.91612905
1591008929.30656767,0.31440783,-0.34586525,0.92042488
1591008929.31815124,0.31620553,-0.33517811,0.92623693
1591008929.33049965,0.31573305,-0.32375005,0.92295182
1591008929.34231806,0.31467003,-0.31390852,0.91663444
1591008929.35472775,0.31225654,-0.30827639,0.90955889
1591008929.36621237,0.31102967,-0.29393455,0.90324146
1591008929.37846494,0.30771145,-0.28468388,0.90324146
1591008929.39029598,0.30562255,-0.26908737,0.90147263
1591008929.40270638,0.30011582,-0.25573641,0.90425229
1591008929.41427445,0.29054624,-0.24269901,0.91284394
1591008929.42660332,0.27908373,-0.22847068,0.91789788
1591008929.43816304,0.27485681,-0.21716076,0.92143565
1591008929.45050192,0.28169844,-0.21756537,0.91966683
1591008929.46231866,0.26369795,-0.20120974,0.91309667
1591008929.47473311,0.27597499,-0.19221814,0.91789788
1591008929.48631096,0.27651548,-0.19649112,0.92295182
1591008929.49846053,0.27440086,-0.20790979,0.94923228
1591008929.51029038,0.27319261,-0.21465077,0.98612607
1591008929.52264500,0.26541597,-0.19954935,1.01670229
1591008929.53421187,0.24431530,-0.17584747,1.03615999
1591008929.54654741,0.21976373,-0.15586857,1.05511224
1591008929.55811095,0.19886759,-0.14171746,1.06623089
1591008929.57046461,0.19205484,-0.11066075,1.06522012
1591008929.58229709,0.16257417,-0.13470747,1.10312462
1591008929.59469843,0.16128966,-0.17202350,1.12283504
1591008929.60612607,0.14544590,-0.18390606,1.12991047
1591008929.61858535,0.10625474,-0.16832763,1.13774419
1591008929.63014650,0.07137232,-0.15335368,1.15214789
1591008929.64249396,0.05592000,-0.14474829,1.17337441
1591008929.65432906,0.04568514,-0.13880669,1.19763327
1591008929.66667247,0.04324639,-0.13837466,1.21279514
1591008929.67823768,0.04795440,-0.13797466,1.21001542
1591008929.69058013,0.04727435,-0.13689753,1.19005239
1591008929.70218468,0.05875394,-0.12896547,1.16351914
1591008929.71454501,0.07222287,-0.12350661,1.10868394
1591008929.72611880,0.08870864,-0.11898854,1.07128489
1591008929.73854017,0.11108644,-0.11359771,1.03161144
1591008929.75010085,0.12601738,-0.10704747,1.01215386
1591008929.76270866,0.13133682,-0.09199646,1.00659442
1591008929.77426767,0.12848145,-0.07812724,1.00861609
1591008929.78660297,0.11476128,-0.05992635,1.01215386
1591008929.79817986,0.10241075,-0.03899532,1.01442814
1591008929.81051946,0.08441173,-0.02503108,1.02024007
1591008929.82210708,0.08162865,-0.02431530,1.01594424
1591008929.83453941,0.09668529,-0.03214774,0.99067461
1591008929.84630013,0.10505959,-0.04267279,0.95251739
1591008929.85866070,0.11712170,-0.04398152,0.92295182
1591008929.87026620,0.12155849,-0.03934947,0.91334939
1591008929.88264942,0.11542310,-0.02868453,0.90854818
1591008929.89423585,0.10197769,-0.02124737,0.90526307
1591008929.90667176,0.08997963,-0.01241271,0.88504732
1591008929.91826558,0.09375302,-0.00867704,0.86963278
1591008929.93061757,0.10805495,-0.01948168,0.86356813
1591008929.94218254,0.12673378,-0.03213375,0.88277304
1591008929.95452452,0.12730110,-0.03329954,0.91334939
1591008929.96607852,0.10355522,-0.03506180,0.95049578
1591008929.97845745,0.07626112,-0.03432909,0.97728169
1591008929.99027538,0.04829878,-0.03447912,0.99800277
1591008930.00266337,0.04055505,-0.04229119,0.99926627
1591008930.01427937,0.05127892,-0.06669205,1.01644969
1591008930.02662945,0.05460358,-0.08237080,1.03792882
1591008930.03818774,0.04757126,-0.09343237,1.05637574
1591008930.05052853,0.03365989,-0.08862188,1.05511224
1591008930.06209445,0.02985374,-0.07972595,1.06067157
1591008930.07471180,0.02247839,-0.07237403,1.06345129
1591008930.08627295,0.01473979,-0.06418703,1.06420934
1591008930.09861970,0.00863610,-0.05168493,1.04778409
1591008930.11026621,0.00532048,-0.03128210,1.01948202
1591008930.12262559,0.00601386,-0.01301971,0.97702897
1591008930.13418651,0.01751696,-0.02092032,0.95302272
1591008930.14655900,0.01555292,-0.02930157,0.94240952
1591008930.15812683,0.00675173,-0.02775078,0.95403355
1591008930.17047548,-0.00736713,-0.02006826,0.96414143
1591008930.18230987,-0.01650366,-0.01558966,0.97980869
1591008930.19474888,-0.02322643,-0.01618615,0.98637879
1591008930.20609212,-0.02019106,-0.01981268,0.98183012
1591008930.21848941,-0.01219596,-0.02617272,0.96515220
1591008930.23031664,-0.00406600,-0.02688838,0.93356514
1591008930.24264503,0.01426535,-0.02735184,0.90627384
1591008930.25422001,0.03266512,-0.04377694,0.90121990
1591008930.26657033,0.03746472,-0.05726745,0.90905350
1591008930.27812552,0.02969214,-0.05761516,0.92446798
1591008930.29047942,0.02667581,-0.06270052,0.92901653
1591008930.30229855,0.04131965,-0.07726473,0.95226467
1591008930.31464314,0.05229442,-0.08288532,0.98915839
1591008930.32621098,0.04512298,-0.07713889,1.03514922
1591008930.33855653,0.03223231,-0.06543107,1.05587041
1591008930.35013676,0.01807529,-0.04401605,1.05814469
1591008930.36247706,0.01084253,-0.02173183,1.04879487
1591008930.37408161,0.00851279,-0.00047358,1.04500437
1591008930.38669825,0.00887065,0.00714762,1.04727864
1591008930.39826202,0.00592961,0.01482336,1.04854214
1591008930.41046190,0.00974533,0.02427493,1.03034794
1591008930.42228913,0.00186975,0.02875017,1.03262222
1591008930.43463182,-0.00724074,0.02750948,1.03767622
1591008930.44621611,-0.02316381,0.02030748,1.05005836
1591008930.45865107,-0.02646143,0.00350397,1.06547284
1591008930.47016454,-0.01934794,-0.01192936,1.08240354
1591008930.48251939,-0.00409894,-0.02915205,1.08316159
1591008930.49419785,0.01850148,-0.04133708,1.07128489
1591008930.50663352,0.02310080,-0.04004174,1.02933717
1591008930.51830888,0.03906238,-0.04033138,1.00330949
1591008930.53071094,0.03917852,-0.03078087,0.96085638
1591008930.54227185,0.03185797,-0.02684075,0.95959288
1591008930.55469227,0.01555647,-0.03335431,0.98612607
1591008930.56626081,0.02548439,-0.05390712,1.01720774
1591008930.57860065,0.02553596,-0.07286133,1.03211689
1591008930.59028411,0.01792781,-0.08344445,1.03540194
1591008930.60264063,0.01526643,-0.08285479,1.03792882
1591008930.61436176,0.00919475,-0.07950774,1.03868699
1591008930.62670803,0.00290774,-0.07378847,1.04930031
1591008930.63813257,-0.00029644,-0.06469145,1.05561769
1591008930.65050244,-0.00304850,-0.05497066,1.05485952
1591008930.66231680,-0.01389258,-0.04969099,1.04222476
1591008930.67465591,-0.01914112,-0.04703918,1.01998746
1591008930.68629098,-0.01965219,-0.04404998,1.01392269
1591008930.69863653,-0.00307387,-0.05517164,1.01821852
1591008930.71023154,0.00927566,-0.06288148,1.02655756
1591008930.72258687,0.01203370,-0.05638847,1.02731562
1591008930.73416305,0.01149831,-0.04725054,1.03287494
1591008930.74656081,0.01288296,-0.04564858,1.03009522
1591008930.75812602,0.01825748,-0.04610531,1.02958989
1591008930.77047920,0.01931439,-0.04702555,1.01973474
1591008930.78228641,0.01105183,-0.03171492,1.00507832
1591008930.79473996,0.01345301,-0.01664288,0.98587334
1591008930.80631566,0.02164169,-0.01858222,0.97248042
1591008930.81854057,0.02632979,-0.02570578,0.96995342
1591008930.83011293,0.03211302,-0.03643546,0.97146964
1591008930.84245658,0.02917004,-0.04886597,0.98208296
1591008930.85435939,0.02810006,-0.06348807,0.99294877
1591008930.86661386,0.02212165,-0.08333868,1.00204599
1591008930.87813830,0.01934339,-0.10076976,1.01164842
1591008930.89049196,0.02226608,-0.11148405,1.02024007
1591008930.90230942,0.01378314,-0.10857911,1.03590727
1591008930.91469169,0.00267901,-0.10276498,1.04399359
1591008930.92625999,0.00080416,-0.10358764,1.05460691
1591008930.93861508,0.01158032,-0.11156109,1.04020309
1591008930.95025349,0.02377976,-0.11732529,1.02655756
1591008930.96262074,0.03716502,-0.11662090,1.00886869
1591008930.97418118,0.04244407,-0.11127065,0.99775004
1591008930.98652601,0.04724720,-0.10115643,0.98637879
1591008930.99809337,0.05318107,-0.09193306,0.98688412
1591008931.01069927,0.05332403,-0.08329429,0.97879779
1591008931.02232504,0.05135243,-0.07887017,0.97753429
1591008931.03468180,0.05390893,-0.08369648,0.97728169
1591008931.04630923,0.05284978,-0.09010128,0.97146964
1591008931.05865240,0.04356235,-0.09395602,0.97803974
1591008931.07021403,0.04028066,-0.09434223,0.99446511
1591008931.08255482,0.03272547,-0.09556949,1.00330949
1591008931.09414744,0.02571960,-0.09419653,1.01493347
1591008931.10657358,0.01410342,-0.09355555,1.01695514
1591008931.11827922,0.01218374,-0.09139180,1.01392269
1591008931.13066077,0.00968140,-0.08769608,1.01493347
1591008931.14221907,0.01193268,-0.08294676,1.01720774
1591008931.15459657,0.00569779,-0.07761940,1.01265919
1591008931.16616058,0.00538375,-0.08406129,1.01543880
1591008931.17850018,0.00961709,-0.09531027,1.01240647
1591008931.19033289,0.01248582,-0.09897412,1.01543880
1591008931.20268011,0.01164996,-0.09891500,1.01897657
1591008931.21423030,0.00390022,-0.09622838,1.02478862
1591008931.22661853,-0.00329360,-0.09410092,1.02706289
1591008931.23818445,-0.00301714,-0.10026497,1.03009522
1591008931.25052357,-0.00057908,-0.10243332,1.02857912
1591008931.26211071,-0.00228690,-0.10311060,1.03186417
1591008931.27472258,-0.00448795,-0.10009675,1.03161144
1591008931.28630090,-0.00429564,-0.09576006,1.03464389
1591008931.29865265,-0.00462101,-0.08968242,1.02857912
1591008931.31020975,0.00036010,-0.08633135,1.03060067
1591008931.32258344,0.00402825,-0.09036430,1.02731562
1591008931.33415198,0.00580917,-0.09348278,1.02024007
1591008931.34656596,0.00991236,-0.09261002,1.01796579
1591008931.35813880,0.00893683,-0.08811874,1.02276707
1591008931.37051344,0.00252586,-0.08920965,1.02908444
1591008931.38234019,-0.00316057,-0.09155969,1.04020309
1591008931.39470601,-0.00304712,-0.09098230,1.04803681
1591008931.40630126,-0.00077997,-0.08666885,1.05031097
1591008931.41864824,0.00104833,-0.08289912,1.04323554
1591008931.43009973,0.00532372,-0.08818676,1.03792882
1591008931.44246268,0.00867182,-0.09909208,1.03615999
1591008931.45427895,0.01338770,-0.10471518,1.03843427
1591008931.46661663,0.01368529,-0.10493793,1.03792882
1591008931.47818327,0.00956967,-0.10156959,1.03110611
1591008931.49052668,0.00665489,-0.09687839,1.02756834
1591008931.50208092,0.00333835,-0.09610108,1.02706289
1591008931.51469040,-0.00076509,-0.09899220,1.02504134
1591008931.52629280,0.00390159,-0.10290609,1.02807379
1591008931.53864241,0.00190903,-0.09492819,1.03312767
1591008931.55020809,0.00652955,-0.08477029,1.02857912
1591008931.56253695,0.00371723,-0.07422808,1.02605212
1591008931.57408357,0.00651246,-0.07066287,1.02276707
1591008931.58669400,0.00928345,-0.07807612,1.01215386
1591008931.59825373,0.00749578,-0.07655939,1.01543880
1591008931.61059427,0.00436520,-0.06984144,1.02099824
1591008931.62216759,0.00953622,-0.06494696,1.01998746
1591008931.63451433,0.00865854,-0.05829033,1.01771307
1591008931.64608908,0.01235359,-0.06318139,1.01417542
1591008931.65853286,0.01244223,-0.06668863,1.01190114
1591008931.67025924,0.01218019,-0.06744190,1.01240647
1591008931.68261886,0.00479883,-0.06159306,1.01164842
1591008931.69418263,0.00023041,-0.05632709,1.01720774
1591008931.70653081,0.00333463,-0.05862777,1.01948202
1591008931.71809363,0.00675657,-0.06337227,1.01771307
1591008931.73050141,0.00535364,-0.06709424,1.01493347
1591008931.74232888,0.00482558,-0.06837240,1.01619697
1591008931.75473380,0.00869706,-0.07313732,1.00583637
1591008931.76629472,0.00657203,-0.07777959,1.01114297
1591008931.77864361,0.00459248,-0.08025411,1.01215386
1591008931.79019833,0.00698963,-0.08460326,1.02099824
1591008931.80253649,0.00652432,-0.08239459,1.01594424
1591008931.81413341,0.00164153,-0.07751717,1.01973474
1591008931.82651806,0.00189196,-0.07477682,1.02276707
1591008931.83809495,0.00434275,-0.07669916,1.02251434
1591008931.85070229,0.00621822,-0.08193786,1.01644969
1591008931.86226201,0.00933039,-0.08469528,1.01821852
1591008931.87464809,0.00544886,-0.08489637,1.01746047
1591008931.88628864,0.00185470,-0.08289564,1.02074552
1591008931.89864135,0.00457471,-0.08104490,1.02681029
1591008931.91020083,0.00563855,-0.08391138,1.03060067
1591008931.92254329,0.00812715,-0.07880217,1.03009522
1591008931.93415189,0.00945779,-0.06990962,1.02226174
1591008931.94657660,0.00840188,-0.06749985,1.01796579
1591008931.95814037,0.01158853,-0.07242160,1.01948202
1591008931.97048259,0.01515111,-0.07498471,1.01316464
1591008931.98229909,0.01986571,-0.07914298,1.01847124
1591008931.99464130,0.01835760,-0.07369291,1.01164842
1591008932.00619674,0.01285748,-0.06919041,1.01341736
1591008932.01856208,0.00988723,-0.06639895,1.01998746
1591008932.03016853,0.00858761,-0.06628650,1.03135872
1591008932.04252410,0.00587596,-0.07095604,1.03717077
1591008932.05434370,0.00546618,-0.07321924,1.04323554
1591008932.06668782,0.00861264,-0.07349530,1.03489649
1591008932.07824779,0.01146752,-0.07335553,1.02782094
1591008932.09060025,0.01334868,-0.07103778,1.02074552
1591008932.10215831,0.01198389,-0.07378156,1.02226174
1591008932.11449027,0.00493420,-0.07668553,1.02226174
1591008932.12620711,0.00331767,-0.07760583,1.03034794
1591008932.13861871,-0.00290200,-0.07337943,1.04171932
1591008932.15019798,-0.00389121,-0.07265007,1.05511224
1591008932.16253877,0.00012465,-0.07307269,1.04500437
1591008932.17409492,0.00319277,-0.06726475,1.04500437
1591008932.18670201,-0.00008097,-0.06578888,1.03110611
1591008932.19825315,0.00199284,-0.06295644,1.01897657
1591008932.21059394,0.00700325,-0.06279282,1.01594424
1591008932.22214675,0.00149994,-0.06153852,1.01063764
1591008932.23456383,0.00115205,-0.06052963,1.00987959
1591008932.24634242,0.00677581,-0.05976273,1.00912142
1591008932.25854206,0.00224794,-0.06025694,1.00482559
1591008932.27011585,0.00382105,-0.06287800,1.00406754
1591008932.28247190,0.00204500,-0.07070372,1.00558376
1591008932.29438305,0.00332241,-0.07395539,1.02099824
1591008932.30646801,-0.00001282,-0.07075831,1.02453601
1591008932.31832361,-0.00386451,-0.06347113,1.02403057
1591008932.33067489,-0.00782759,-0.06083643,1.02453601
1591008932.34232736,-0.00637276,-0.06247245,1.01897657
1591008932.35469460,-0.00180887,-0.06642279,1.01594424
1591008932.36617517,-0.00016439,-0.07812046,1.01746047
1591008932.37868953,0.00365914,-0.08511110,1.01695514
1591008932.39026308,-0.00210690,-0.08479756,1.02908444
1591008932.40260100,-0.00549694,-0.07818867,1.03666532
1591008932.41415405,-0.01019441,-0.06973584,1.04146659
1591008932.42651629,-0.02034972,-0.06211122,1.03919232
1591008932.43821001,-0.02266943,-0.06164429,1.04399359
1591008932.45057178,-0.01866292,-0.06809297,1.03792882
1591008932.46213913,-0.01057106,-0.07103443,1.03413844
1591008932.47447610,-0.00684678,-0.07104121,1.02529407
1591008932.48631024,-0.00687407,-0.07052995,1.02478862
1591008932.49865198,-0.00273563,-0.07086396,1.02200902
1591008932.51020193,-0.00658668,-0.06832813,1.02883184
1591008932.52255511,-0.01272737,-0.06022637,1.03565466
1591008932.53412199,-0.01595376,-0.05302098,1.03666532
1591008932.54655027,-0.01049630,-0.04983070,1.03135872
1591008932.55811882,-0.00886604,-0.05283011,1.03312767
1591008932.57047009,-0.00234565,-0.06376767,1.02504134
1591008932.58228874,0.00105725,-0.06715563,1.02504134
1591008932.59464002,0.00455169,-0.06474929,1.02529407
1591008932.60619664,0.00228195,-0.06032517,1.02403057
1591008932.61863089,0.00469491,-0.06192371,1.02226174
1591008932.63025737,0.00480976,-0.06376767,1.02504134
1591008932.64272261,0.00503593,-0.06465042,1.01897657
1591008932.65437150,0.00280003,-0.06767710,1.02125084
1591008932.66670442,0.00392523,-0.06618421,1.02049279
1591008932.67826653,-0.00386966,-0.06475951,1.02099824
1591008932.69061470,-0.00162882,-0.06541054,1.02857912
1591008932.70218825,-0.00289328,-0.06995736,1.03211689
1591008932.71453643,-0.00133723,-0.07318170,1.02908444
1591008932.72617769,-0.00109420,-0.07842726,1.03211689
1591008932.73852730,-0.00502431,-0.07610273,1.03388572
1591008932.75015402,-0.00254820,-0.06922115,1.03641272
1591008932.76251793,-0.00520365,-0.05610900,1.03110611
1591008932.77408719,-0.00743785,-0.05135085,1.03262222
1591008932.78669953,-0.00453635,-0.05177689,1.02706289
1591008932.79826832,-0.00387754,-0.05325614,1.02756834
1591008932.81061578,-0.00196619,-0.05685883,1.02706289
1591008932.82220602,-0.00257558,-0.05769048,1.02453601
1591008932.83463550,-0.00379232,-0.05026695,1.02150357
1591008932.84624434,-0.00062761,-0.04842299,1.01872396
1591008932.85848427,-0.00423627,-0.04638135,1.02125084
1591008932.87007618,-0.00164966,-0.04610867,1.01619697
1591008932.88269258,0.00129589,-0.04774469,1.01063764
1591008932.89428258,0.00666042,-0.04947615,1.00684726
1591008932.90664053,0.00771934,-0.04866493,1.00078249
1591008932.91820788,0.00900421,-0.04634719,0.99370694
1591008932.93056417,-0.00070943,-0.04195033,0.99294877
1591008932.94214058,-0.00410064,-0.03685819,0.99724472
1591008932.95452332,-0.00450247,-0.03957811,1.00280404
1591008932.96608472,-0.00987923,-0.04581892,1.00634181
1591008932.97868872,-0.01158987,-0.05317770,1.01265919
1591008932.99025798,-0.01608156,-0.05808924,1.01847124
1591008933.00260735,-0.01392323,-0.05981048,1.01897657
1591008933.01416659,-0.01239931,-0.06250993,1.01518619
1591008933.02657461,-0.01667428,-0.05595553,1.00583637
1591008933.03813934,-0.01604243,-0.05562152,1.00861609
1591008933.05048275,-0.01494280,-0.05318791,1.00836337
1591008933.06230855,-0.01444764,-0.05526365,1.01543880
1591008933.07473135,-0.01099295,-0.05792905,1.01998746
1591008933.08630300,-0.01022693,-0.05949353,1.02655756
1591008933.09866166,-0.00898547,-0.06071715,1.02681029
1591008933.11022639,-0.00804240,-0.05955149,1.03211689
1591008933.12256193,-0.00450905,-0.05964351,1.02933717
1591008933.13412213,0.00285718,-0.06070009,1.02200902
1591008933.14647055,0.00582573,-0.06392102,1.01442814
1591008933.15808821,0.00336075,-0.06065576,1.01670229
1591008933.17071104,0.00442514,-0.05725417,1.01644969
1591008933.18227482,-0.00010405,-0.05318455,1.02175629
1591008933.19463563,-0.00203099,-0.05472175,1.02782094
1591008933.20621228,-0.00119363,-0.05800749,1.03489649
1591008933.21855688,-0.00380782,-0.05907091,1.03666532
1591008933.23016620,-0.00761685,-0.05947652,1.03969777
1591008933.24250913,-0.01244514,-0.05931291,1.03666532
1591008933.25416517,-0.01643786,-0.05920041,1.03009522
1591008933.26655412,-0.01256771,-0.05940151,1.02933717
1591008933.27811670,-0.01372955,-0.05905386,1.03186417
1591008933.29072642,-0.01226356,-0.05789841,1.03287494
1591008933.30228162,-0.01481469,-0.05417302,1.03110611
1591008933.31462765,-0.01958068,-0.05309937,1.03363299
1591008933.32618380,-0.02119441,-0.05576477,1.03818166
1591008933.33861780,-0.02266438,-0.06404720,1.03919232
1591008933.35010242,-0.02204736,-0.06497429,1.03843427
1591008933.36253119,-0.02444442,-0.05693384,1.03742349
1591008933.37415791,-0.02204113,-0.05114977,1.03338039
1591008933.38651729,-0.01700664,-0.05474560,1.02377784
1591008933.39814377,-0.01667247,-0.05919015,1.01644969
1591008933.41049027,-0.01635195,-0.06337905,1.00886869
1591008933.42230749,-0.01831841,-0.06502192,1.01240647
1591008933.43472099,-0.02399473,-0.06303483,1.01594424
1591008933.44628930,-0.02814361,-0.05919699,1.02554679
1591008933.45863008,-0.02460106,-0.05453772,1.03338039
1591008933.47018480,-0.02517325,-0.05829718,1.02681029
1591008933.48252869,-0.01881005,-0.06575134,1.01695514
1591008933.49408436,-0.01322762,-0.06921083,1.00482559
1591008933.50668597,-0.01392628,-0.06913923,0.99901354
1591008933.51825237,-0.01918626,-0.06447311,0.99775004
1591008933.53059793,-0.02277496,-0.05988202,1.00684726
1591008933.54213762,-0.02558313,-0.05689631,1.02327251
1591008933.55472970,-0.03150713,-0.05697817,1.04273009
1591008933.56633568,-0.02926824,-0.06302473,1.05612302
1591008933.57868624,-0.02716706,-0.06436764,1.05410147
1591008933.59022856,-0.02605838,-0.06456532,1.04879487
1591008933.60256839,-0.01820589,-0.06379157,1.03893960
1591008933.61412501,-0.01489741,-0.06020930,1.03085339
1591008933.62659693,-0.01106397,-0.06226115,1.02403057
1591008933.63815570,-0.01106936,-0.06116023,1.02605212
1591008933.65049815,-0.01698838,-0.05998095,1.03110611
1591008933.66209149,-0.02621846,-0.05567275,1.04096127
1591008933.67470431,-0.02470014,-0.05488201,1.04424632
1591008933.68626404,-0.02552354,-0.05790526,1.04197204
1591008933.69861555,-0.02939488,-0.05922090,1.03944504
1591008933.71017957,-0.02817307,-0.06169198,1.03590727
1591008933.72252631,-0.02590161,-0.05833129,1.03641272
1591008933.73432875,-0.02635725,-0.05614990,1.03186417
1591008933.74669552,-0.02600078,-0.05501151,1.03767622
1591008933.75827932,-0.02494528,-0.05505919,1.02958989
1591008933.77067900,-0.01895127,-0.05213475,1.02024007
1591008933.78225565,-0.01691464,-0.05372987,1.01392269
1591008933.79459548,-0.01451617,-0.05528750,1.01139569
1591008933.80618763,-0.01347315,-0.05356283,1.00634181
1591008933.81854010,-0.01628601,-0.04928868,1.00785792
1591008933.83009529,-0.01780908,-0.04637451,1.01215386
1591008933.84269834,-0.01690467,-0.04509978,1.01543880
1591008933.85426402,-0.01379530,-0.04611209,1.02074552
1591008933.86655092,-0.01701116,-0.04607462,1.02453601
1591008933.87815118,-0.01637737,-0.04770042,1.02327251
1591008933.89050889,-0.01427735,-0.05056006,1.01796579
1591008933.90232229,-0.01493047,-0.05623507,1.01998746
1591008933.91474628,-0.01635522,-0.05685540,1.02251434
1591008933.92629838,-0.02112338,-0.05143267,1.03413844
1591008933.93862939,-0.02241030,-0.04812652,1.03565466
1591008933.95018721,-0.02392852,-0.05258132,1.04197204
1591008933.96252656,-0.02687953,-0.05353568,1.04171932
1591008933.97413898,-0.02138511,-0.05823927,1.03919232
1591008933.98648596,-0.01888638,-0.05793589,1.02908444
1591008933.99817324,-0.01603798,-0.05452067,1.02857912
1591008934.01085925,-0.01075210,-0.05882550,1.03211689
1591008934.02235579,-0.00890632,-0.06416991,1.04146659
1591008934.03464603,-0.01326533,-0.05908797,1.04146659
1591008934.04625869,-0.01479581,-0.05680435,1.04399359
1591008934.05866218,-0.00449499,-0.06226121,1.04197204
1591008934.07023001,0.00176115,-0.06960292,1.04348826
1591008934.08258462,0.00561400,-0.06801802,1.04550982
1591008934.09414482,0.00496805,-0.06331785,1.05258524
1591008934.10656357,0.00196417,-0.06282023,1.05233264
1591008934.11824322,-0.01623163,-0.06388022,1.04955292
1591008934.13056612,-0.02086295,-0.06948364,1.04576254
1591008934.14219546,-0.01310962,-0.07274546,1.03893960
1591008934.15463543,-0.00663298,-0.07381567,1.03186417
1591008934.16620207,-0.00871697,-0.06323935,1.01973474
1591008934.17867899,-0.01933579,-0.04928532,1.02125084
1591008934.19026160,-0.02057093,-0.04525660,1.02731562
1591008934.20260882,-0.02892638,-0.04347067,1.04803681
1591008934.21423292,-0.02998555,-0.04189260,1.05915534
1591008934.22659039,-0.02882649,-0.04785052,1.06193507
1591008934.23813891,-0.02401911,-0.05446961,1.05005836
1591008934.25056553,-0.01672517,-0.05771095,1.03388572
1591008934.26214075,-0.00711203,-0.06033196,1.01518619
1591008934.27455950,-0.00566009,-0.06391416,1.00533092
1591008934.28627300,-0.00582842,-0.06322223,0.99699199
1591008934.29865503,-0.00841307,-0.06545474,0.99800277
1591008934.31022501,-0.00492486,-0.06951758,1.00154054
1591008934.32262301,-0.00254089,-0.07103431,0.99825549
1591008934.33419394,-0.00063922,-0.07460973,0.99724472
1591008934.34653854,0.00939376,-0.07735686,0.98536789
1591008934.35809684,0.01766977,-0.07823962,0.97930324
1591008934.37051892,0.02019234,-0.07930642,0.96767914
1591008934.38234806,0.02325469,-0.07739086,0.95908749
1591008934.39479136,0.03323543,-0.07608201,0.95277005
1591008934.40610981,0.03455275,-0.07298717,0.94923228
1591008934.41871667,0.03827001,-0.07598658,0.95100123
1591008934.43027997,0.03119054,-0.07533218,0.95681316
1591008934.44264126,0.02696463,-0.06997418,0.96515220
1591008934.45420551,0.01962858,-0.06748268,0.97728169
1591008934.46655297,0.01764716,-0.07166144,0.99193811
1591008934.47814727,0.00893977,-0.07232952,1.00432026
1591008934.49049449,0.00192822,-0.07425529,1.00861609
1591008934.50231218,-0.00646655,-0.06760893,1.01998746
1591008934.51466250,-0.00546235,-0.06704998,1.02756834
1591008934.52629519,-0.01042011,-0.06627630,1.03565466
1591008934.53865099,-0.01441494,-0.06547877,1.04778409
1591008934.55019784,-0.01546678,-0.05960608,1.05106914
1591008934.56258988,-0.01805197,-0.05339596,1.05258524
1591008934.57414508,-0.00886501,-0.05258817,1.05106914
1591008934.58652830,-0.01295441,-0.05220298,1.03944504
1591008934.59809518,-0.00617620,-0.05241429,1.03439116
1591008934.61070800,-0.00588867,-0.05629303,1.02554679
1591008934.62229204,-0.00450228,-0.05426161,1.02377784
1591008934.63463545,-0.00464831,-0.04798675,1.02857912
1591008934.64619613,-0.00771721,-0.04296277,1.03413844
1591008934.65853667,-0.00733805,-0.04471128,1.03514922
1591008934.67010665,-0.00348271,-0.05352883,1.03262222
1591008934.68247461,0.00084011,-0.06154879,1.02428329
1591008934.69430876,0.00498222,-0.06341317,1.01847124
1591008934.70673132,0.00609767,-0.06558430,1.00937414
1591008934.71832371,0.00806692,-0.06568652,1.00229859
1591008934.73047352,0.01089513,-0.05507614,0.99850821
1591008934.74230409,-0.00195593,-0.04567915,0.99926627
1591008934.75465083,-0.00285636,-0.05453761,0.99749744
1591008934.76630330,-0.00634876,-0.06256783,1.00280404
1591008934.77850413,-0.01523922,-0.06011380,1.01114297
1591008934.79013181,-0.01784001,-0.05904359,1.01821852
1591008934.80255675,-0.01321436,-0.06099662,1.02301979
1591008934.81424236,-0.00627187,-0.06536278,1.01872396
1591008934.82666922,-0.00783142,-0.06668863,1.01190114
1591008934.83828378,-0.00190875,-0.06204294,1.00204599
1591008934.85063291,0.00022415,-0.06154867,0.98840034
1591008934.86219239,-0.00169856,-0.06570353,0.98915839
1591008934.87467194,-0.00291287,-0.06626596,1.00406754
1591008934.88615084,-0.00610761,-0.06216228,1.01771307
1591008934.89853406,-0.00971789,-0.05685883,1.02706289
1591008934.91019392,-0.00800942,-0.05250631,1.03161144
1591008934.92277241,-0.00802939,-0.04770042,1.02327251
1591008934.93430495,0.00116631,-0.04347055,1.01215386
1591008934.94662380,0.01182823,-0.04782986,0.99876094
1591008934.95822001,0.01629007,-0.05040660,0.99269617
1591008934.97061157,0.01355986,-0.05849815,0.99016917
1591008934.98218632,0.02552757,-0.06879495,0.98814762
1591008934.99463034,0.02713982,-0.06159294,0.97576547
1591008935.00631475,0.02644427,-0.06196444,0.96919537
1591008935.01866245,0.02716711,-0.06210421,0.97627091
1591008935.03028750,0.01971218,-0.06247924,1.01013219
1591008935.04264283,0.00427187,-0.05158265,1.03691816
1591008935.05420089,-0.00871276,-0.03768316,1.03944504
1591008935.06662512,-0.02180648,-0.03151046,1.01922929
1591008935.07818651,-0.01451940,-0.02911428,0.99724472
1591008935.09069014,-0.00613400,-0.03443137,0.98814762
1591008935.10226917,-0.00180400,-0.03207615,0.98486257
1591008935.11458921,0.00751997,-0.04962264,0.98713684
1591008935.12632632,0.01908097,-0.08102772,0.98612607
1591008935.13872719,0.01939496,-0.08611004,0.97627091
1591008935.15010190,0.01326016,-0.06500818,0.97627091
1591008935.16271377,-0.01025756,-0.03525275,0.97197509
1591008935.17434168,-0.02998327,-0.02165327,0.99800277
1591008935.18669462,-0.03808273,-0.03291139,1.04070854
1591008935.19830012,-0.04901469,-0.04849819,1.08290899
1591008935.21065164,-0.04909598,-0.05665461,1.11297989
1591008935.22221112,-0.04698863,-0.04911184,1.13016319
1591008935.23463368,-0.05155510,-0.03845034,1.12991047
1591008935.24619389,-0.04795449,-0.03637118,1.11828649
1591008935.25852132,-0.03658892,-0.03954092,1.09630179
1591008935.27011275,-0.02790618,-0.04748923,1.06420934
1591008935.28272748,-0.02959212,-0.06946658,1.04096127
1591008935.29412746,-0.03352144,-0.08532931,1.03893960
1591008935.30648375,-0.04210853,-0.07789563,1.05814469
1591008935.31831861,-0.05423373,-0.05195431,1.08417249
1591008935.33071446,-0.07104142,-0.02973497,1.10742044
1591008935.34226894,-0.08322260,-0.01536176,1.12359309
1591008935.35460997,-0.09758385,-0.00918913,1.12131882
1591008935.36608315,-0.10423761,-0.01043659,1.11752832
1591008935.37865496,-0.09708192,-0.00969697,1.11727571
1591008935.39022303,-0.08873050,-0.01333714,1.11297989
1591008935.40261412,-0.07883438,-0.02099917,1.09352219
1591008935.41417122,-0.06470095,-0.02569929,1.06850517
1591008935.42668509,-0.06452804,-0.01541264,1.04828942
1591008935.43827200,-0.07050838,0.00841221,1.02832639
1591008935.45061994,-0.07996862,0.02270709,1.02352512
1591008935.46230459,-0.07735655,0.02418292,1.02756834
1591008935.47457123,-0.06259484,0.02570644,1.03969777
1591008935.48609614,-0.06331610,0.03235621,1.04652059
1591008935.49856162,-0.06762116,0.03381163,1.04197204
1591008935.51016569,-0.05994089,0.03919694,1.03186417
1591008935.52253270,-0.05187790,0.04496745,1.01013219
1591008935.53435612,-0.04454732,0.05459627,0.98865306
1591008935.54671717,-0.04903898,0.06933431,0.96666837
1591008935.55828786,-0.05756014,0.07739523,0.95630783
1591008935.57063103,-0.06295056,0.08612075,0.95605516
1591008935.58218384,-0.07693353,0.09233423,0.97096431
1591008935.59454870,-0.08452301,0.09745017,0.99724472
1591008935.60633755,-0.09080608,0.10266840,1.01265919
1591008935.61855078,-0.09095843,0.10613817,1.01114297
1591008935.63016272,-0.08913025,0.10088241,1.00987959
1591008935.64261293,-0.09001377,0.10320695,1.01164842
1591008935.65419436,-0.09849844,0.11265160,1.02049279
1591008935.66654325,-0.10336843,0.11639063,1.01847124
1591008935.67818594,-0.10421038,0.12111472,1.01164842
1591008935.69054198,-0.10381350,0.11578056,1.00735259
1591008935.70218968,-0.10751510,0.12598537,1.00659442
1591008935.71454644,-0.11379530,0.14460891,1.00229859
1591008935.72618699,-0.11685683,0.16307570,0.99193811
1591008935.73869920,-0.11823444,0.17265677,0.98031402
1591008935.75024319,-0.12218138,0.17417695,0.97905052
1591008935.76250482,-0.10924891,0.17890437,0.98562074
1591008935.77434587,-0.10872696,0.19553399,0.98688412
1591008935.78654337,-0.10482737,0.21320662,0.97778702
1591008935.79811263,-0.09017064,0.23172462,0.95302272
1591008935.81062651,-0.07529104,0.25304431,0.92118299
1591008935.82222438,-0.05700827,0.26981717,0.89288092
1591008935.83472848,-0.06657185,0.29346812,0.88959581
1591008935.84654665,-0.06481130,0.31455594,0.89793485
1591008935.85875916,-0.07680570,0.34267873,0.90147263
1591008935.87027049,-0.06692890,0.35836759,0.90223074
1591008935.88265038,-0.03516517,0.36803734,0.87999338
1591008935.89426637,-0.03713826,0.36228737,0.87443405
1591008935.90670347,-0.03855381,0.35295519,0.85901958
1591008935.91829014,-0.05345169,0.33564043,0.87493950
1591008935.93063569,-0.08074121,0.33264107,0.87670833
1591008935.94226217,-0.10315970,0.32509822,0.87746644
1591008935.95462728,-0.10235108,0.31825742,0.91006434
1591008935.96618819,-0.10240905,0.32098746,0.94468379
1591008935.97863603,-0.10392027,0.33394617,0.96464682
1591008935.99021339,-0.10340573,0.34994525,0.96414143
1591008936.00256181,-0.10715105,0.36322445,0.95125389
1591008936.01427555,-0.11198957,0.37473127,0.93533397
1591008936.02673435,-0.12283884,0.37340543,0.92851120
1591008936.03829432,-0.13080323,0.36379370,0.92724770
1591008936.05070591,-0.14090857,0.36258033,0.93179619
1591008936.06226230,-0.14943621,0.37106043,0.93609208
1591008936.07460737,-0.15121834,0.38773438,0.93204898
1591008936.08616734,-0.14913614,0.39756420,0.92926925
1591008936.09853506,-0.14521843,0.39851516,0.93407047
1591008936.11014652,-0.14577910,0.39232892,0.93659747
1591008936.12251043,-0.15957266,0.38886592,0.94695801
1591008936.13433957,-0.14810827,0.40256098,0.93533397
1591008936.14669085,-0.14737760,0.43084055,0.90905350
1591008936.15825820,-0.13976300,0.45190126,0.88201493
1591008936.17060709,-0.13401285,0.46012920,0.86407351
1591008936.18216157,-0.13402992,0.45952594,0.86179918
1591008936.19451165,-0.13519271,0.44956997,0.85346019
1591008936.20610666,-0.13551928,0.44502312,0.85699797
1591008936.21853876,-0.13476525,0.45066401,0.86457884
1591008936.23011041,-0.13281305,0.45921233,0.86761123
1591008936.24270296,-0.14954855,0.46866727,0.86281002
1591008936.25427485,-0.15317306,0.46701762,0.85750341
1591008936.26660872,-0.14055210,0.46663252,0.85118598
1591008936.27815318,-0.13021097,0.46991476,0.84865904
1591008936.29047823,-0.12328398,0.46791407,0.84537393
1591008936.30230117,-0.11732391,0.46639052,0.85118598
1591008936.31469011,-0.11608276,0.47026244,0.85118598
1591008936.32627249,-0.12917559,0.47979578,0.84941703
1591008936.33863449,-0.13494283,0.48242369,0.84107810
1591008936.35018969,-0.13953748,0.48833725,0.84360510
1591008936.36253119,-0.13880847,0.49439403,0.83450794
1591008936.37413716,-0.13945749,0.50391370,0.83299178
1591008936.38647366,-0.14169458,0.51149738,0.83147562
1591008936.39829803,-0.14699912,0.51425141,0.83425528
1591008936.41063452,-0.15175512,0.51593173,0.83450794
1591008936.42224026,-0.15131292,0.51515800,0.82642168
1591008936.43459249,-0.14943075,0.52086377,0.81934613
1591008936.44614768,-0.15028343,0.52835208,0.80165738
1591008936.45849395,-0.15032949,0.52839303,0.78295785
1591008936.47011065,-0.15419090,0.52684909,0.78017819
1591008936.48271561,-0.16357511,0.52125239,0.78523213
1591008936.49426961,-0.16860011,0.51266658,0.79635078
1591008936.50660014,-0.16646038,0.51308584,0.79306567
1591008936.51823616,-0.16605613,0.51927894,0.78144163
1591008936.53058600,-0.15898144,0.52232951,0.76526904
1591008936.54215217,-0.16891782,0.53448737,0.75970972
1591008936.55450249,-0.18887299,0.54996490,0.77335531
1591008936.56632781,-0.19769457,0.56262028,0.78548479
1591008936.57867169,-0.20680086,0.57443041,0.79534000
1591008936.59023237,-0.22140419,0.58975458,0.79837233
1591008936.60257792,-0.22220813,0.59120315,0.80292088
1591008936.61414027,-0.21786295,0.59381056,0.80393165
1591008936.62663007,-0.21708012,0.60288382,0.78826445
1591008936.63828421,-0.22313434,0.61622101,0.76981753
1591008936.65064692,-0.23288186,0.62971145,0.76198399
1591008936.66220021,-0.23917811,0.63040680,0.76703793
1591008936.67459726,-0.25580263,0.63047826,0.79710883
1591008936.68621254,-0.25740424,0.62103003,0.82869595
1591008936.69868898,-0.24819086,0.60431862,0.84689009
1591008936.71012115,-0.24725930,0.60055572,0.84486854
1591008936.72260332,-0.25237733,0.60160893,0.83880383
1591008936.73417902,-0.24487343,0.59584874,0.82894868
1591008936.74653029,-0.23617885,0.58811170,0.81985158
1591008936.75817680,-0.22699156,0.57455301,0.81100714
1591008936.77052879,-0.21550596,0.55705774,0.79887772
1591008936.78242588,-0.19652358,0.53391129,0.79281300
1591008936.79473686,-0.17425990,0.51338243,0.77411342
1591008936.80612659,-0.16095939,0.50677699,0.76198399
1591008936.81860781,-0.14857619,0.50628281,0.75768816
1591008936.83017135,-0.14208969,0.50548524,0.76350015
1591008936.84259295,-0.14065310,0.50020897,0.77158648
1591008936.85414910,-0.14557642,0.49871942,0.80367899
1591008936.86669016,-0.14714095,0.49298641,0.82920134
1591008936.87819695,-0.13804570,0.49666408,0.81934613
1591008936.89055610,-0.10500173,0.48221585,0.81353408
1591008936.90212321,-0.08858899,0.47779182,0.79685616
1591008936.91453791,-0.08664203,0.48556975,0.80519515
1591008936.92615891,-0.09073570,0.49098906,0.82136774
1591008936.93866897,-0.08091894,0.51246542,0.81353408
1591008936.95026016,-0.07358667,0.53723449,0.78952789
1591008936.96260118,-0.07453988,0.54087466,0.79382378
1591008936.97422147,-0.08666840,0.51940840,0.80595320
1591008936.98657298,-0.09982647,0.48447558,0.82995945
1591008936.99813557,-0.11595929,0.46023151,0.85320753
1591008937.01055908,-0.13254410,0.44343132,0.88201493
1591008937.02211142,-0.13216466,0.43506709,0.90248340
1591008937.03450155,-0.13355038,0.45118544,0.90425229
1591008937.04633093,-0.12811393,0.48300979,0.90197796
1591008937.05866480,-0.11759378,0.50462925,0.90046179
1591008937.07022786,-0.10376479,0.50361007,0.91486555
1591008937.08256936,-0.09598206,0.51003158,0.90349424
1591008937.09412670,-0.10146049,0.51263565,0.89111209
1591008937.10674000,-0.11286005,0.52341312,0.86179918
1591008937.11816525,-0.11957218,0.53136158,0.85800874
1591008937.13050008,-0.10457093,0.51886296,0.85194403
1591008937.14234281,-0.06565165,0.48140451,0.85548180
1591008937.15472054,-0.03673860,0.44660124,0.86811662
1591008937.16633558,-0.02398964,0.43363896,0.88858509
1591008937.17868137,-0.03472852,0.44320974,0.90854818
1591008937.19024563,-0.04038006,0.46244338,0.91537094
1591008937.20257783,-0.05294663,0.47209594,0.91587639
1591008937.21413851,-0.04953726,0.47278789,0.90753734
1591008937.22649097,-0.03140307,0.46577004,0.88959581
1591008937.23811722,-0.00507496,0.45443714,0.87089628
1591008937.25073838,0.01422194,0.44728637,0.85093325
1591008937.26229787,0.02824895,0.43986294,0.83602411
1591008937.27463675,0.03620602,0.43621594,0.82288390
1591008937.28619528,0.03862382,0.43460378,0.82136774
1591008937.29853010,0.03692111,0.43414363,0.82541090
1591008937.31035161,0.03694741,0.43214288,0.84006733
1591008937.32269263,0.04878049,0.42852309,0.84436315
1591008937.33432198,0.06345735,0.41858757,0.84461582
1591008937.34668446,0.07824470,0.40939856,0.83551872
1591008937.35826135,0.09538049,0.39835873,0.82035697
1591008937.37063694,0.11155087,0.40138882,0.81353408
1591008937.38219690,0.11154206,0.40898618,0.81176525
1591008937.39462733,0.10256091,0.42057136,0.81681919
1591008937.40623736,0.09468235,0.42551687,0.83728766
1591008937.41865349,0.08607055,0.43410602,0.85750341
1591008937.43022609,0.08280177,0.44536734,0.88201493
1591008937.44267583,0.10031669,0.43868682,0.89818752
1591008937.45423222,0.10814396,0.42699254,0.89515519
1591008937.46656418,0.12050910,0.42200610,0.87544483
1591008937.47816539,0.13314021,0.42120862,0.84537393
1591008937.49051189,0.13259433,0.43509799,0.82566357
1591008937.50210500,0.12589586,0.45041880,0.81530303
1591008937.51472688,0.11343749,0.46883109,0.80595320
1591008937.52632713,0.11831996,0.48471770,0.79407650
1591008937.53876543,0.14711837,0.50579536,0.76223665
1591008937.55033445,0.15542877,0.51844054,0.75212878
1591008937.56268597,0.11695816,0.50726092,0.77992541
1591008937.57424879,0.08872798,0.47546038,0.82212579
1591008937.58659911,0.09156689,0.45686400,0.84385777
1591008937.59815240,0.10243793,0.45712641,0.85244948
1591008937.61057615,0.12517668,0.45019710,0.85977769
1591008937.62212586,0.15989131,0.42276964,0.86129385
1591008937.63449287,0.18016127,0.38383195,0.86533695
1591008937.64627838,0.18850163,0.35616931,0.87569749
1591008937.65866280,0.18888682,0.34856850,0.88201493
1591008937.67022729,0.18237260,0.36228397,0.87898260
1591008937.68263388,0.17810181,0.38828677,0.85901958
1591008937.69420624,0.18095997,0.40766025,0.84082538
1591008937.70655417,0.19946086,0.41537690,0.82338929
1591008937.71837950,0.23116910,0.40620485,0.82743245
1591008937.73071289,0.24098769,0.38766992,0.83905649
1591008937.74219322,0.25299826,0.36235219,0.85977769
1591008937.75467229,0.26114714,0.34304690,0.87670833
1591008937.76634979,0.25448385,0.33775017,0.89414442
1591008937.77873039,0.24467653,0.34805718,0.90046179
1591008937.79030085,0.22758526,0.36781913,0.90197796
1591008937.80270267,0.21098810,0.38526341,0.89262825
1591008937.81426740,0.21090662,0.39303806,0.86963278
1591008937.82674098,0.24024782,0.37985107,0.83147562
1591008937.83811951,0.27579591,0.34694970,0.81782997
1591008937.85053205,0.29991141,0.30530232,0.83172828
1591008937.86211348,0.31449583,0.28441891,0.85548180
1591008937.87475562,0.31053537,0.28403375,0.86710584
1591008937.88634348,0.30516353,0.28882593,0.87696099
1591008937.89852381,0.30136779,0.29421803,0.87569749
1591008937.91026378,0.29483333,0.31143734,0.86154652
1591008937.92258358,0.28474015,0.32730016,0.84562659
1591008937.93410206,0.27849382,0.34693605,0.83602411
1591008937.94669199,0.27792606,0.35288036,0.81555569
1591008937.95827460,0.29954785,0.33919567,0.79559267
1591008937.97058105,0.32146940,0.30753845,0.77234453
1591008937.98234892,0.32339638,0.27229887,0.77512425
1591008937.99465108,0.30658796,0.25386268,0.81631380
1591008938.00620794,0.29048792,0.25372955,0.86811662
1591008938.01851153,0.28157818,0.26234588,0.90576845
1591008938.03031850,0.26495057,0.28316098,0.91916138
1591008938.04261923,0.25684926,0.29845116,0.91385478
1591008938.05433440,0.25740007,0.30178127,0.88353115
1591008938.06670070,0.27140704,0.29547238,0.85244948
1591008938.07826900,0.28430226,0.29349557,0.83526605
1591008938.09061408,0.29227683,0.28808984,0.83678222
1591008938.10217977,0.28869906,0.29050633,0.85927224
1591008938.11450696,0.27796885,0.29120493,0.89566058
1591008938.12622666,0.27714604,0.29320219,0.92143565
1591008938.13858056,0.27258214,0.28979716,0.92623693
1591008938.15019393,0.26668069,0.28313714,0.93305969
1591008938.16254687,0.26817480,0.27294940,0.92901653
1591008938.17411184,0.26134548,0.26768675,0.93685013
1591008938.18674731,0.26276910,0.27048168,0.93887174
1591008938.19831920,0.27162728,0.26727775,0.94443107
1591008938.21067238,0.27439409,0.26248211,0.93912441
1591008938.22223639,0.27218592,0.25416562,0.93179619
1591008938.23461008,0.27451071,0.24394044,0.92396265
1591008938.24617171,0.28124878,0.23366413,0.91259128
1591008938.25857973,0.28591272,0.22660872,0.90880084
1591008938.27022767,0.29972431,0.21786621,0.89591330
1591008938.28257227,0.30655581,0.21877971,0.87898260
1591008938.29413438,0.30527154,0.22273004,0.88201493
1591008938.30675006,0.30668697,0.22101557,0.89136475
1591008938.31832504,0.31369495,0.21345231,0.90147263
1591008938.33068228,0.31743845,0.21211617,0.90829539
1591008938.34224606,0.31342196,0.20993476,0.91284394
1591008938.35472775,0.29827911,0.20718074,0.92800575
1591008938.36623216,0.29586354,0.20319621,0.95251739
1591008938.37854719,0.30302951,0.20707497,0.96136177
1591008938.39011312,0.31324142,0.21486998,0.96489954
1591008938.40272856,0.30976743,0.22494528,0.95757133
1591008938.41428947,0.30925545,0.22771975,0.95100123
1591008938.42671132,0.31373274,0.22165275,0.95580244
1591008938.43828273,0.31653854,0.21069469,0.95706594
1591008938.45063686,0.31668153,0.20119885,0.96262527
1591008938.46226883,0.31848803,0.19335951,0.96439409
1591008938.47464132,0.32306188,0.19803923,0.96287793
1591008938.48619771,0.32141012,0.20544231,0.96919537
1591008938.49854302,0.30881485,0.21647874,0.97096431
1591008938.51010084,0.29967868,0.21248749,0.96868998
1591008938.52270770,0.30267400,0.19513188,0.96742648
1591008938.53427362,0.30969378,0.17950094,0.96110904
1591008938.54675865,0.31384486,0.17131399,0.94240952
1591008938.55832195,0.31009349,0.16944274,0.94569451
1591008938.57066584,0.29993904,0.16992676,0.94569451
1591008938.58225441,0.28925258,0.16200560,0.94897962
1591008938.59460878,0.28363284,0.14999092,0.96085638
1591008938.60626245,0.27355039,0.14400233,0.96868998
1591008938.61870790,0.26416993,0.14246511,0.97475469
1591008938.63028407,0.24955997,0.14097559,0.98890567
1591008938.64271402,0.25384697,0.13501090,0.98284101
1591008938.65430927,0.25834116,0.12951998,0.97248042
1591008938.66663003,0.25658834,0.12507546,0.96515220
1591008938.67835355,0.24709442,0.12450965,0.96666837
1591008938.69052052,0.23680329,0.12258387,0.97096431
1591008938.70235682,0.23014733,0.12158176,0.98056674
1591008938.71472216,0.23801970,0.13592440,0.96591032
1591008938.72634983,0.37917823,0.25997731,0.83754033
1591008938.73870492,0.26846632,0.29098701,0.82793784
1591008938.75025964,0.19691673,0.25289464,0.83425528
1591008938.76269412,0.18870309,0.17377850,0.86533695
1591008938.77427649,0.21141371,0.08865334,0.91360205
1591008938.78660917,0.21486571,0.03993687,0.94190407
1591008938.79816866,0.17777228,0.03339267,0.95554972
1591008938.81051326,0.16478574,0.02718592,0.96742648
1591008938.82233167,0.17877990,0.00780561,0.99471772
1591008938.83467889,0.20482901,-0.01715083,1.01771307
1591008938.84627104,0.22170308,-0.02888945,1.03792882
1591008938.85866928,0.25053877,-0.04140856,1.04121399
1591008938.87026548,0.26339942,-0.05452409,1.03312767
1591008938.88261509,0.22837281,-0.06733624,1.01493347
1591008938.89418769,0.18541545,-0.09276919,1.01164842
1591008938.90652561,0.14427954,-0.13154458,1.01670229
1591008938.91835403,0.11766364,-0.15980560,1.02150357
1591008938.93070436,0.11724289,-0.18856649,1.04020309
1591008938.94228959,0.12757076,-0.20828602,1.04424632
1591008938.95472884,0.10950696,-0.20975426,1.04828942
1591008938.96633673,0.08775738,-0.22174117,1.07583344
1591008938.97869015,0.08318469,-0.25477043,1.10413551
1591008938.99024796,0.09545209,-0.28181306,1.11879182
1591008939.00259519,0.09511369,-0.30396459,1.12157154
1591008939.01414800,0.10503554,-0.31339723,1.10640967
1591008939.02657104,0.13022760,-0.29951501,1.05763924
1591008939.03813910,0.16798675,-0.27645046,0.99623394
1591008939.05048776,0.18852180,-0.24954002,0.94695801
1591008939.06236267,0.18261653,-0.22530687,0.91486555
1591008939.07470632,0.17703134,-0.21599723,0.90450495
1591008939.08627439,0.18324634,-0.22360668,0.92042488
1591008939.09862709,0.18242356,-0.24534427,0.94796878
1591008939.11019826,0.17583475,-0.25614035,0.95807666
1591008939.12252641,0.17220446,-0.27354601,0.97020614
1591008939.13435483,0.18427256,-0.29133353,0.97551274
1591008939.14672995,0.17862836,-0.30389816,0.96742648
1591008939.15833712,0.18039918,-0.30569854,0.94518918
1591008939.17073059,0.18266240,-0.30047560,0.93179619
1591008939.18229342,0.19912446,-0.28422460,0.91789788
1591008939.19464374,0.20908156,-0.27300569,0.91385478
1591008939.20632005,0.21395081,-0.26324579,0.92295182
1591008939.21867204,0.21284443,-0.26573235,0.92269915
1591008939.23023653,0.22828865,-0.28530616,0.94721073
1591008939.24257898,0.24352807,-0.31030318,0.96565759
1591008939.25412703,0.24240357,-0.32474047,0.97374392
1591008939.26651549,0.23317462,-0.32904086,0.96540487
1591008939.27835250,0.22426811,-0.31361267,0.94822156
1591008939.29069400,0.21700761,-0.29839808,0.93962985
1591008939.30223775,0.21211904,-0.27686471,0.94367301
1591008939.31458449,0.20333868,-0.26308188,0.94771612
1591008939.32614708,0.19465175,-0.24126185,0.97424924
1591008939.33848834,0.20850798,-0.25697175,1.00128782
1591008939.35012054,0.20559889,-0.25487587,1.02731562
1591008939.36251044,0.20650977,-0.25223014,1.03388572
1591008939.37411785,0.21631676,-0.24260692,1.01771307
1591008939.38673973,0.21798310,-0.23278394,0.97930324
1591008939.39830804,0.22158077,-0.22627935,0.94215685
1591008939.41065621,0.21682858,-0.21814260,0.92573148
1591008939.42222309,0.20365986,-0.20543689,0.94973773
1591008939.43458366,0.19000444,-0.19320822,0.99648654
1591008939.44616842,0.18122175,-0.17751119,1.03919232
1591008939.45851159,0.17666149,-0.17872006,1.06623089
1591008939.47034335,0.18521291,-0.18871632,1.05688119
1591008939.48277044,0.19125524,-0.20150384,1.03439116
1591008939.49422669,0.18757558,-0.21288225,1.00432026
1591008939.50657821,0.18939450,-0.22979291,0.97020614
1591008939.51816034,0.19528046,-0.25296274,0.96868998
1591008939.53052211,0.18832013,-0.26579544,0.97020614
1591008939.54234982,0.18677348,-0.27158201,0.98941112
1591008939.55469203,0.18375522,-0.27029988,1.00735259
1591008939.56615758,0.18385932,-0.26234928,1.01291192
1591008939.57883716,0.18366316,-0.25377607,1.00229859
1591008939.59041071,0.18439582,-0.25803113,0.98385179
1591008939.60269547,0.17950138,-0.27579629,0.95630783
1591008939.61430049,0.17757717,-0.29751167,0.93710291
1591008939.62660408,0.17561245,-0.30834424,0.93861908
1591008939.63830638,0.16719687,-0.30383459,0.96161443
1591008939.65067220,0.15997735,-0.29266083,0.98157752
1591008939.66228485,0.15603280,-0.27945510,1.00558376
1591008939.67473316,0.15467948,-0.27182269,1.01240647
1591008939.68629909,0.15606672,-0.27422294,1.00128782
1591008939.69863987,0.15740246,-0.28494659,0.98688412
1591008939.71024776,0.16172349,-0.29943860,0.98208296
1591008939.72260022,0.16677567,-0.30920750,0.97778702
1591008939.73416305,0.17124730,-0.31324425,0.96919537
1591008939.74650979,0.17145643,-0.32482702,0.95681316
1591008939.75834727,0.16970804,-0.34103742,0.94215685
1591008939.77052760,0.16794312,-0.35607952,0.92901653
1591008939.78235531,0.16889915,-0.37117144,0.93533397
1591008939.79473424,0.16534746,-0.38302213,0.94645262
1591008939.80630612,0.16137156,-0.37595317,0.97298574
1591008939.81849217,0.16042188,-0.36704782,0.98865306
1591008939.83029914,0.15376836,-0.34760097,0.98966384
1591008939.84267426,0.16213542,-0.34967387,0.98637879
1591008939.85424209,0.16779119,-0.36086583,0.96211988
1591008939.86653066,0.16988540,-0.38057205,0.93811363
1591008939.87829590,0.17867094,-0.39083654,0.92446798
1591008939.89064193,0.17883256,-0.38708627,0.92446798
1591008939.90222073,0.17926207,-0.38521329,0.93609208
1591008939.91467357,0.17228293,-0.38481316,0.94721073
1591008939.92614603,0.16595042,-0.39481831,0.95656049
1591008939.93872404,0.14032120,-0.41066483,0.95832944
1591008939.95012736,0.13606329,-0.45249039,0.96894264
1591008939.96275067,0.14706302,-0.50052106,0.96944809
1591008939.97416306,0.15433753,-0.51981330,0.97020614
1591008939.98664355,0.16201496,-0.49436584,0.98511529
1591008939.99817038,0.17735863,-0.44259846,0.99876094
1591008940.01056314,0.23504391,-0.33807364,0.93356514
1591008940.02218413,0.20669943,-0.28535151,0.95731860
1591008940.03472114,0.14198473,-0.29146990,0.97803974
1591008940.04632545,0.14400834,-0.35068282,1.00507832
1591008940.05867577,0.12881917,-0.40972772,1.01973474
1591008940.07030773,0.13653737,-0.42438346,1.00406754
1591008940.08267045,0.13870277,-0.41933331,0.98460984
1591008940.09422755,0.14400277,-0.40473258,0.95959288
1591008940.10656619,0.13636932,-0.41230160,0.93305969
1591008940.11824131,0.15936667,-0.43765357,0.91638172
1591008940.13055420,0.18023410,-0.46266007,0.89793485
1591008940.14211512,0.19039115,-0.47724307,0.88555270
1591008940.15450358,0.18795973,-0.48204809,0.87266517
1591008940.16632748,0.19321954,-0.49442166,0.87493950
1591008940.17853212,0.18854016,-0.51139104,0.87898260
1591008940.19036555,0.18392324,-0.52825552,0.90425229
1591008940.20269871,0.17901382,-0.54289263,0.93457592
1591008940.21431947,0.19990474,-0.50240344,0.93482864
1591008940.22667170,0.16211650,-0.51854581,0.90501040
1591008940.23822689,0.19620791,-0.51715505,0.87923527
1591008940.25066233,0.21058834,-0.52279210,0.85396564
1591008940.26222730,0.20412627,-0.52867436,0.84714276
1591008940.27462101,0.20918527,-0.52662879,0.85093325
1591008940.28631425,0.20361081,-0.53619283,0.87064362
1591008940.29870439,0.19684872,-0.54044300,0.88454193
1591008940.31026864,0.20128179,-0.54386592,0.89237553
1591008940.32260323,0.21220207,-0.55067551,0.88883781
1591008940.33416152,0.22599611,-0.55050743,0.87645566
1591008940.34651423,0.23000082,-0.54139346,0.85118598
1591008940.35816145,0.23934433,-0.54420292,0.83374989
1591008940.37054777,0.24667612,-0.56057233,0.82667434
1591008940.38211894,0.25502011,-0.57127315,0.82111508
1591008940.39476347,0.25201052,-0.58190584,0.81429219
1591008940.40612197,0.25265881,-0.59164286,0.81403953
1591008940.41868877,0.24664274,-0.60063446,0.80923831
1591008940.43030548,0.23685700,-0.60280275,0.80772209
1591008940.44253778,0.22100249,-0.60596204,0.81530303
1591008940.45436597,0.21022314,-0.61558980,0.82692707
1591008940.46665812,0.19479936,-0.62888134,0.85548180
1591008940.47812605,0.17158425,-0.61889851,0.87898260
1591008940.49053836,0.14154565,-0.64125878,0.92269915
1591008940.50214744,0.13706113,-0.62686723,0.88302571
1591008940.51480055,0.12352744,-0.59142882,0.84714276
1591008940.52621436,0.09525591,-0.58821028,0.85699797
1591008940.53859925,0.10598359,-0.60670257,0.85219669
1591008940.55031967,0.08904706,-0.62868124,0.86104119
1591008940.56269550,0.04937178,-0.65968752,0.89818752
1591008940.57426977,0.03492871,-0.67927963,0.91840333
1591008940.58661556,0.02248371,-0.69598526,0.92219377
1591008940.59826374,0.00255458,-0.69880831,0.91890872
1591008940.61063242,-0.03792776,-0.68945777,0.90779001
1591008940.62221217,-0.03315059,-0.69441277,0.89768219
1591008940.63461733,-0.00648426,-0.69714057,0.86483163
1591008940.64619923,-0.00979558,-0.69284493,0.85472369
1591008940.65854359,-0.02192324,-0.69715440,0.85118598
1591008940.67036605,-0.01049443,-0.71078253,0.86281002
1591008940.68253088,-0.00977311,-0.69358140,0.85447097
1591008940.69437671,-0.02346805,-0.66851163,0.83930922
1591008940.70672107,-0.04330125,-0.64642364,0.84234160
1591008940.71828842,-0.05614512,-0.63469070,0.86584234
1591008940.73064160,-0.04995861,-0.64732325,0.88681620
1591008940.74219680,-0.04969359,-0.65945578,0.89389169
1591008940.75461817,-0.05173438,-0.65896958,0.88024610
1591008940.76618910,-0.04365937,-0.65909702,0.86407351
1591008940.77858281,-0.04200663,-0.65562880,0.84613204
1591008940.79019761,-0.03773501,-0.65214676,0.84183615
1591008940.80254340,-0.02966632,-0.64709651,0.83627689
1591008940.81436729,-0.02575538,-0.64523280,0.82490551
1591008940.82671762,-0.02131868,-0.65343368,0.80544782
1591008940.83828282,-0.02473134,-0.65216088,0.80039388
1591008940.85062838,-0.04181067,-0.64692843,0.82389474
1591008940.86219168,-0.03748309,-0.66177464,0.85346019
1591008940.87463593,-0.03916230,-0.67520720,0.86609507
1591008940.88625264,-0.03500050,-0.67808932,0.85927224
1591008940.89866805,-0.02931860,-0.67752129,0.84411043
1591008940.91022801,-0.03500171,-0.66075647,0.84385777
1591008940.92255592,-0.03642248,-0.66005635,0.84941703
1591008940.93411374,-0.03228667,-0.66505212,0.85396564
1591008940.94671249,-0.01845086,-0.66567498,0.84234160
1591008940.95827270,-0.01082785,-0.66312504,0.82288390
1591008940.97060418,-0.00889566,-0.65405196,0.79837233
1591008940.98221016,-0.02904228,-0.66007531,0.77562958
1591008940.99456549,-0.02978893,-0.66469818,0.79180223
1591008941.00614929,-0.04179260,-0.69313633,0.81378686
1591008941.01849222,-0.03394618,-0.71920156,0.83349717
1591008941.03013015,-0.02723300,-0.74728537,0.83501339
1591008941.04273129,-0.02765453,-0.74985385,0.82237858
1591008941.05429244,-0.04192372,-0.74733561,0.81277603
1591008941.06670976,-0.04664102,-0.73122084,0.81530303
1591008941.07827330,-0.06019066,-0.73013455,0.80443704
1591008941.09066510,-0.05607378,-0.70976502,0.79761428
1591008941.10225844,-0.06531577,-0.70101893,0.79306567
1591008941.11459541,-0.06247908,-0.69270933,0.78270513
1591008941.12632036,-0.06691298,-0.68751800,0.79306567
1591008941.13866353,-0.07092708,-0.68721789,0.80140471
1591008941.15023446,-0.06461167,-0.69662768,0.79508728
1591008941.16257977,-0.05687425,-0.71332908,0.77562958
1591008941.17414188,-0.06878789,-0.71841145,0.76324749
1591008941.18652987,-0.08713507,-0.73078978,0.74707484
1591008941.19836164,-0.09705791,-0.74690467,0.73064959
1591008941.21071649,-0.10197107,-0.76344675,0.73140770
1591008941.22228551,-0.10689936,-0.77635664,0.73898858
1591008941.23462701,-0.10621081,-0.78469813,0.74530602
1591008941.24619007,-0.10937116,-0.78626180,0.75111800
1591008941.25853610,-0.12461533,-0.78087962,0.74404252
1591008941.27035904,-0.11787969,-0.77881598,0.73823047
1591008941.28270054,-0.10581985,-0.77281106,0.72888076
1591008941.29432178,-0.10479591,-0.75386447,0.71599317
1591008941.30668879,-0.10155624,-0.74513221,0.69779903
1591008941.31824183,-0.10832483,-0.74632329,0.68743843
1591008941.33058405,-0.11848095,-0.75695139,0.68516415
1591008941.34214997,-0.12230813,-0.77017933,0.70790690
1591008941.35470700,-0.12285326,-0.77994329,0.73595619
1591008941.36612630,-0.12730101,-0.78211629,0.72989148
1591008941.37869072,-0.12478982,-0.78823954,0.71826744
1591008941.39035392,-0.11942132,-0.77366590,0.70765424
1591008941.40271759,-0.14358686,-0.77176589,0.70487452
1591008941.41429353,-0.15011828,-0.77777070,0.71422428
1591008941.42671156,-0.14594343,-0.79275328,0.73241842
1591008941.43836212,-0.15490581,-0.79555333,0.75187612
1591008941.45068336,-0.15533845,-0.78378886,0.75162345
1591008941.46230698,-0.15313941,-0.77287894,0.75794083
1591008941.47471333,-0.15673238,-0.76649213,0.75541389
1591008941.48628807,-0.16028029,-0.77155626,0.74732757
1591008941.49871874,-0.14843693,-0.79116684,0.73545086
1591008941.51034546,-0.14331783,-0.81220013,0.73140770
1591008941.52270675,-0.14408642,-0.82324642,0.72761726
1591008941.53426600,-0.14506638,-0.82506490,0.71498233
1591008941.54666686,-0.15241407,-0.81508243,0.71068656
1591008941.55823946,-0.15724844,-0.80035424,0.70184213
1591008941.57057953,-0.14985302,-0.79601771,0.69097620
1591008941.58219481,-0.14306900,-0.80025434,0.69072348
1591008941.59454417,-0.12490800,-0.79643136,0.69400859
1591008941.60620713,-0.10746995,-0.78674418,0.69982058
1591008941.61867666,-0.10169537,-0.76861578,0.68819654
1591008941.63024402,-0.10123787,-0.76206523,0.69653553
1591008941.64260602,-0.11010465,-0.76939744,0.71195000
1591008941.65415978,-0.12265567,-0.77221096,0.73166037
1591008941.66661143,-0.12981933,-0.77305633,0.74732757
1591008941.67825389,-0.13014497,-0.77134717,0.74808568
1591008941.69061708,-0.12471862,-0.76893348,0.73115498
1591008941.70227861,-0.12037976,-0.76701993,0.71422428
1591008941.71463180,-0.11589242,-0.76799291,0.69982058
1591008941.72619128,-0.12299027,-0.77699369,0.68592227
1591008941.73853993,-0.13731773,-0.78363061,0.67455089
1591008941.75035501,-0.14252762,-0.78856725,0.68263716
1591008941.76269293,-0.14783287,-0.78930336,0.71018118
1591008941.77425265,-0.15829489,-0.78044790,0.73140770
1591008941.78658915,-0.15824869,-0.76096487,0.72711182
1591008941.79818726,-0.15900409,-0.74784136,0.71093923
1591008941.81053805,-0.17247818,-0.74838245,0.69779903
1591008941.82235026,-0.16214992,-0.77669829,0.67581439
1591008941.83469200,-0.15499628,-0.80451852,0.66317958
1591008941.84626341,-0.16764161,-0.81379652,0.66368490
1591008941.85861063,-0.17277272,-0.82030141,0.67303473
1591008941.87027216,-0.16728838,-0.82040143,0.67025506
1591008941.88263440,-0.17416659,-0.80446863,0.65762019
1591008941.89421225,-0.18383628,-0.79629987,0.65913641
1591008941.90659761,-0.18676512,-0.80255479,0.66848618
1591008941.91816831,-0.18380058,-0.82273328,0.68566954
1591008941.93050289,-0.18640089,-0.83339757,0.68870187
1591008941.94232464,-0.18971394,-0.83565241,0.68415338
1591008941.95468569,-0.19823700,-0.82670170,0.68971270
1591008941.96625233,-0.18383789,-0.81399626,0.68592227
1591008941.97866440,-0.18140599,-0.79679960,0.68693304
1591008941.99023223,-0.19017114,-0.78155756,0.69173431
1591008942.00260043,-0.18643859,-0.78239846,0.69805169
1591008942.01415753,-0.18352476,-0.79100353,0.70462179
1591008942.02655602,-0.18098086,-0.80001783,0.70487452
1591008942.03811574,-0.17868021,-0.79702216,0.70032597
1591008942.05072522,-0.18545006,-0.78251672,0.69097620
1591008942.06228709,-0.19306025,-0.77279794,0.68693304
1591008942.07462955,-0.19764644,-0.78242129,0.68920732
1591008942.08619022,-0.18895778,-0.80371815,0.69931519
1591008942.09853315,-0.18724245,-0.83100176,0.70917040
1591008942.11013365,-0.18449260,-0.84710294,0.70639074
1591008942.12248278,-0.18385892,-0.85361254,0.69729358
1591008942.13434267,-0.18744698,-0.85105342,0.68693304
1591008942.14673162,-0.19321893,-0.84576195,0.70007324
1591008942.15834856,-0.19513965,-0.85252136,0.71877283
1591008942.17071366,-0.18522988,-0.86820418,0.73140770
1591008942.18226933,-0.16205174,-0.86719042,0.73115498
1591008942.19462800,-0.13496749,-0.80586809,0.71599317
1591008942.20633507,-0.14456701,-0.78411674,0.70209485
1591008942.21871257,-0.12693357,-0.80805480,0.69628280
1591008942.23028684,-0.11621159,-0.82660604,0.70184213
1591008942.24263048,-0.12981394,-0.83293819,0.71725667
1591008942.25419641,-0.13683617,-0.84136140,0.72509027
1591008942.26654935,-0.13783577,-0.84367973,0.72635376
1591008942.27836561,-0.14112583,-0.84263414,0.73014420
1591008942.29057288,-0.13325599,-0.85320312,0.73140770
1591008942.30232215,-0.11982079,-0.85838526,0.73014420
1591008942.31461239,-0.10173002,-0.85346669,0.73166037
1591008942.32619071,-0.09718692,-0.82735580,0.72963876
1591008942.33853769,-0.09569041,-0.79932672,0.71523511
1591008942.35035634,-0.08740665,-0.78854424,0.70537990
1591008942.36271644,-0.08304270,-0.79443574,0.68946004
1591008942.37439203,-0.06886603,-0.81012774,0.69299775
1591008942.38682318,-0.06425205,-0.82770622,0.69906253
1591008942.39837050,-0.06269752,-0.83884323,0.70158947
1591008942.41067600,-0.05536354,-0.83802962,0.69577742
1591008942.42228103,-0.03733456,-0.83790714,0.67960483
1591008942.43478036,-0.02881017,-0.83599335,0.67657250
1591008942.44631410,-0.03419598,-0.83061129,0.66949695
1591008942.45852971,-0.03276729,-0.82819289,0.67101312
1591008942.47012663,-0.02549177,-0.82544732,0.66646457
1591008942.48258543,-0.01819247,-0.82630187,0.67303473
1591008942.49419260,-0.00461517,-0.82428789,0.68668038
1591008942.50657105,-0.00675576,-0.82385588,0.70184213
1591008942.51831961,-0.00768616,-0.82414663,0.71649861
1591008942.53053403,-0.00140191,-0.83178347,0.71902555
1591008942.54213834,-0.00316288,-0.83231080,0.71953094
1591008942.55453110,-0.01003627,-0.82761061,0.71119189
1591008942.56620383,-0.00887769,-0.83817029,0.72155255
1591008942.57860136,0.01064080,-0.85527599,0.72812259
1591008942.59027743,0.02385905,-0.85853094,0.70967573
1591008942.60267711,0.03383762,-0.85612196,0.68819654
1591008942.61430979,0.05091554,-0.85086268,0.66949695
1591008942.62660718,0.05749710,-0.84677631,0.64473265
1591008942.63822198,0.06832862,-0.85019475,0.64321649
1591008942.65066862,0.07394747,-0.85629064,0.64498538
1591008942.66227674,0.07701083,-0.85854077,0.64498538
1591008942.67472482,0.07905544,-0.85797256,0.64372188
1591008942.68631983,0.09517330,-0.84551704,0.65382975
1591008942.69869566,0.10532717,-0.82055146,0.67303473
1591008942.71029449,0.10048942,-0.79243106,0.69400859
1591008942.72270775,0.09652048,-0.77203387,0.71447700
1591008942.73431802,0.10220133,-0.76759255,0.72483754
1591008942.74668908,0.11024278,-0.75646472,0.71321350
1591008942.75828505,0.10759816,-0.74260932,0.69274509
1591008942.77067161,0.11104436,-0.73203158,0.67278206
1591008942.78226376,0.12326230,-0.72713590,0.66545385
1591008942.79465175,0.12859164,-0.71923536,0.66267413
1591008942.80631876,0.14166559,-0.71221215,0.65762019
1591008942.81876087,0.15800905,-0.71783525,0.65989447
1591008942.83036661,0.17164320,-0.72557199,0.67354012
1591008942.84275532,0.17528793,-0.73131323,0.68263716
1591008942.85433316,0.17755038,-0.72934026,0.69704092
1591008942.86651039,0.17935431,-0.71087515,0.70234752
1591008942.87832189,0.19148487,-0.68716890,0.71245539
1591008942.89071417,0.18734130,-0.66650373,0.72332138
1591008942.90231061,0.19359359,-0.67287207,0.74404252
1591008942.91469955,0.20955169,-0.69804645,0.75187612
1591008942.92633224,0.21058890,-0.71230209,0.74732757
1591008942.93871617,0.21569750,-0.70843369,0.74050474
1591008942.95030451,0.21893704,-0.69250536,0.73721969
1591008942.96268296,0.22022334,-0.67229939,0.73342925
1591008942.97428751,0.22490680,-0.66622162,0.74126279
1591008942.98667264,0.22326779,-0.66283029,0.75718272
1591008942.99827147,0.21016124,-0.67794931,0.77790391
1591008943.01065087,0.19526330,-0.70893329,0.78219968
1591008943.02227426,0.19941103,-0.74531275,0.80772209
1591008943.03465915,0.21763623,-0.73397988,0.83400255
1591008943.04626751,0.21390522,-0.68307143,0.86356813
1591008943.05864453,0.19011071,-0.59428316,0.88150954
1591008943.07023263,0.17600557,-0.58129132,0.88631082
1591008943.08260703,0.18008301,-0.62470812,0.87544483
1591008943.09418440,0.18132517,-0.65793812,0.84259427
1591008943.10656548,0.18085751,-0.67293960,0.80089927
1591008943.11826229,0.19224283,-0.66715306,0.78169435
1591008943.13068295,0.21095312,-0.65068376,0.77765119
1591008943.14231110,0.22110319,-0.63440067,0.79559267
1591008943.15470028,0.19641918,-0.69699603,0.78801173
1591008943.16629744,0.26445061,-0.67286700,0.79028606
1591008943.17851925,0.22761258,-0.58771110,0.78750640
1591008943.19031763,0.21793282,-0.55232227,0.78497940
1591008943.20270777,0.21837392,-0.57902861,0.78876990
1591008943.21455240,0.23380625,-0.59413856,0.80468971
1591008943.22677493,0.21186763,-0.58753330,0.82591623
1591008943.23829365,0.19799659,-0.58013731,0.83248639
1591008943.25067639,0.20156294,-0.58077824,0.83046484
1591008943.26227188,0.21385753,-0.59079260,0.83071750
1591008943.27474236,0.21410030,-0.59534758,0.81782997
1591008943.28633785,0.21357661,-0.60318017,0.80544782
1591008943.29871774,0.22503385,-0.61610401,0.78548479
1591008943.31036830,0.22302178,-0.62304550,0.77512425
1591008943.32277989,0.21286181,-0.61871785,0.78295785
1591008943.33438611,0.21492845,-0.61479002,0.80746943
