1591008929.00624847,0.91852664,-0.26466522,-0.42410977
1591008929.01852894,0.92030862,-0.26560595,-0.42157032
1591008929.03010917,0.92201381,-0.26673343,-0.41920365
1591008929.04250646,0.92352352,-0.26799705,-0.41692076
1591008929.05408955,0.92480808,-0.26939332,-0.41454013
1591008929.06647611,0.92607694,-0.27100425,-0.41183138
1591008929.07814860,0.92722711,-0.27296251,-0.40849431
1591008929.09064913,0.92811199,-0.27523144,-0.40431948
1591008929.10224032,0.92876998,-0.27772377,-0.39943605
1591008929.11457610,0.92908938,-0.28025450,-0.39402204
1591008929.12614536,0.92895848,-0.28258975,-0.38818915
1591008929.13851380,0.92839648,-0.28456895,-0.38246971
1591008929.15007377,0.92742957,-0.28590064,-0.37705046
1591008929.16267014,0.92611010,-0.28650278,-0.37196632
1591008929.17428041,0.92447472,-0.28636490,-0.36707241
1591008929.18668604,0.92266133,-0.28585002,-0.36235130
1591008929.19814444,0.92067165,-0.28520949,-0.35780820
1591008929.21052313,0.91851093,-0.28476618,-0.35349724
1591008929.22208095,0.91619837,-0.28475221,-0.34932590
1591008929.23470592,0.91365368,-0.28512920,-0.34515631
1591008929.24627566,0.91080007,-0.28599663,-0.34067431
1591008929.25862551,0.90746475,-0.28722011,-0.33586418
1591008929.27019167,0.90373323,-0.28853260,-0.33086207
1591008929.28253317,0.89970152,-0.28969149,-0.32560513
1591008929.29414129,0.89536089,-0.29062699,-0.32008466
1591008929.30656767,0.89072529,-0.29127451,-0.31425351
1591008929.31815124,0.88577030,-0.29184349,-0.30802094
1591008929.33049965,0.88046799,-0.29237930,-0.30158940
1591008929.34231806,0.87491086,-0.29289243,-0.29512994
1591008929.35472775,0.86918618,-0.29333400,-0.28869666
1591008929.36621237,0.86325032,-0.29369353,-0.28213945
1591008929.37846494,0.85710327,-0.29371099,-0.27546008
1591008929.39029598,0.85074678,-0.29332702,-0.26845956
1591008929.40270638,0.84411628,-0.29249449,-0.26130720
1591008929.41427445,0.83725713,-0.29121866,-0.25421244
1591008929.42660332,0.83029850,-0.28964263,-0.24737250
1591008929.43816304,0.82335209,-0.28794267,-0.24098285
1591008929.45050192,0.81639172,-0.28632301,-0.23528784
1591008929.46231866,0.80935281,-0.28426003,-0.22994538
1591008929.47473311,0.80229993,-0.28218309,-0.22511257
1591008929.48631096,0.79541984,-0.27969599,-0.22077542
1591008929.49846053,0.78861655,-0.27641128,-0.21683622
1591008929.51029038,0.78174519,-0.27216664,-0.21280625
1591008929.52264500,0.77480751,-0.26689051,-0.20789489
1591008929.53421187,0.76803563,-0.26064398,-0.20214578
1591008929.54654741,0.76141385,-0.25363997,-0.19609647
1591008929.55811095,0.75517953,-0.24614378,-0.19019900
1591008929.57046461,0.74943216,-0.23854811,-0.18468027
1591008929.58229709,0.74471454,-0.23034855,-0.18073583
1591008929.59469843,0.74098652,-0.22249283,-0.17780716
1591008929.60612607,0.73761628,-0.21501584,-0.17528342
1591008929.61858535,0.73425827,-0.20771862,-0.17293944
1591008929.63014650,0.73095436,-0.20079315,-0.17067051
1591008929.64249396,0.72772376,-0.19454138,-0.16851678
1591008929.65432906,0.72453155,-0.18901392,-0.16648521
1591008929.66667247,0.72135156,-0.18449701,-0.16447110
1591008929.67823768,0.71823789,-0.18125070,-0.16224581
1591008929.69058013,0.71511201,-0.17918946,-0.15977791
1591008929.70218468,0.71182555,-0.17845468,-0.15684401
1591008929.71454501,0.70823192,-0.17893115,-0.15340571
1591008929.72611880,0.70411818,-0.18010576,-0.14943858
1591008929.73854017,0.69946513,-0.18163642,-0.14490073
1591008929.75010085,0.69428849,-0.18295588,-0.13998937
1591008929.76270866,0.68856206,-0.18346377,-0.13472895
1591008929.77426767,0.68264365,-0.18286164,-0.12924338
1591008929.78660297,0.67662052,-0.18128909,-0.12356931
1591008929.79817986,0.67058168,-0.17909347,-0.11779576
1591008929.81051946,0.66497743,-0.17637774,-0.11217929
1591008929.82210708,0.66003116,-0.17381559,-0.10707420
1591008929.83453941,0.65568704,-0.17202838,-0.10269343
1591008929.84630013,0.65171292,-0.17081014,-0.09915215
1591008929.85866070,0.64784527,-0.16976469,-0.09601754
1591008929.87026620,0.64424117,-0.16814502,-0.09271189
1591008929.88264942,0.64105245,-0.16545023,-0.08887042
1591008929.89423585,0.63833847,-0.16165763,-0.08469036
1591008929.90667176,0.63588628,-0.15704996,-0.08045793
1591008929.91826558,0.63369589,-0.15194487,-0.07659901
1591008929.93061757,0.63188075,-0.14642789,-0.07354294
1591008929.94218254,0.63027854,-0.14034716,-0.07127576
1591008929.95452452,0.62881944,-0.13326985,-0.06934368
1591008929.96607852,0.62760295,-0.12500048,-0.06770132
1591008929.97845745,0.62663952,-0.11604345,-0.06631902
1591008929.99027538,0.62598852,-0.10702883,-0.06532418
1591008930.00266337,0.62578955,-0.09879087,-0.06492276
1591008930.01427937,0.62596059,-0.09166993,-0.06522121
1591008930.02662945,0.62629569,-0.08529599,-0.06554235
1591008930.03818774,0.62668316,-0.07940201,-0.06555980
1591008930.05052853,0.62702699,-0.07407701,-0.06517583
1591008930.06209445,0.62722945,-0.06969972,-0.06455798
1591008930.07471180,0.62735685,-0.06618987,-0.06378306
1591008930.08627295,0.62744936,-0.06350555,-0.06280393
1591008930.09861970,0.62754710,-0.06168866,-0.06160314
1591008930.11026621,0.62766229,-0.06070430,-0.06013532
1591008930.12262559,0.62783857,-0.06023829,-0.05850344
1591008930.13418651,0.62831679,-0.06000966,-0.05719618
1591008930.14655900,0.62914407,-0.05937087,-0.05607394
1591008930.15812683,0.63014938,-0.05819451,-0.05487141
1591008930.17047548,0.63132748,-0.05654169,-0.05346991
1591008930.18230987,0.63272549,-0.05480683,-0.05201779
1591008930.19474888,0.63438355,-0.05331457,-0.05063724
1591008930.20609212,0.63617426,-0.05247158,-0.04947136
1591008930.21848941,0.63790737,-0.05233021,-0.04870341
1591008930.23031664,0.63944151,-0.05259026,-0.04833166
1591008930.24264503,0.64067372,-0.05304405,-0.04838576
1591008930.25422001,0.64164237,-0.05322905,-0.04895649
1591008930.26657033,0.64223404,-0.05261295,-0.04963367
1591008930.27812552,0.64242428,-0.05100201,-0.04994434
1591008930.29047942,0.64246966,-0.04868072,-0.05007175
1591008930.30229855,0.64238763,-0.04597023,-0.05011189
1591008930.31464314,0.64221484,-0.04287052,-0.04967382
1591008930.32621098,0.64196875,-0.03933449,-0.04833689
1591008930.33855653,0.64165285,-0.03579496,-0.04609415
1591008930.35013676,0.64126713,-0.03265162,-0.04312883
1591008930.36247706,0.64084127,-0.03015231,-0.03978303
1591008930.37408161,0.64055852,-0.02817136,-0.03618417
1591008930.38669825,0.64076098,-0.02651853,-0.03256784
1591008930.39826202,0.64147308,-0.02500533,-0.02906846
1591008930.41046190,0.64254820,-0.02374695,-0.02599319
1591008930.42228913,0.64398810,-0.02234545,-0.02359336
1591008930.43463182,0.64579102,-0.02069611,-0.02182360
1591008930.44621611,0.64797966,-0.01884432,-0.02080782
1591008930.45865107,0.65049119,-0.01729796,-0.02077640
1591008930.47016454,0.65309872,-0.01645147,-0.02157052
1591008930.48251939,0.65548807,-0.01656143,-0.02299646
1591008930.49419785,0.65737477,-0.01765051,-0.02471212
1591008930.50663352,0.65871868,-0.01907645,-0.02639810
1591008930.51830888,0.65966115,-0.02066121,-0.02814343
1591008930.53071094,0.66040815,-0.02162812,-0.02947163
1591008930.54227185,0.66105916,-0.02157227,-0.03065147
1591008930.55469227,0.66172937,-0.02036450,-0.03197269
1591008930.56626081,0.66251651,-0.01897347,-0.03353825
1591008930.57860065,0.66330366,-0.01759815,-0.03515617
1591008930.59028411,0.66387961,-0.01633105,-0.03672347
1591008930.60264063,0.66421472,-0.01522102,-0.03796440
1591008930.61436176,0.66431769,-0.01409528,-0.03880914
1591008930.62670803,0.66406636,-0.01279152,-0.03922453
1591008930.63813257,0.66359687,-0.01137257,-0.03911108
1591008930.65050244,0.66315007,-0.01005484,-0.03841644
1591008930.66231680,0.66280100,-0.00888024,-0.03732387
1591008930.67465591,0.66244146,-0.00797441,-0.03611086
1591008930.68629098,0.66206273,-0.00735482,-0.03499385
1591008930.69863653,0.66177300,-0.00722392,-0.03452610
1591008930.71023154,0.66151818,-0.00734435,-0.03462384
1591008930.72258687,0.66091430,-0.00759044,-0.03502527
1591008930.73416305,0.66001720,-0.00800408,-0.03583859
1591008930.74656081,0.65921435,-0.00870396,-0.03727151
1591008930.75812602,0.65844466,-0.00976861,-0.03926816
1591008930.77047920,0.65760166,-0.01124167,-0.04175700
1591008930.78228641,0.65666617,-0.01303761,-0.04448844
1591008930.79473996,0.65567308,-0.01521578,-0.04750263
1591008930.80631566,0.65491037,-0.01743060,-0.05100201
1591008930.81854057,0.65478121,-0.01926669,-0.05491155
1591008930.83011293,0.65519137,-0.02067692,-0.05915793
1591008930.84245658,0.65597851,-0.02150071,-0.06350031
1591008930.85435939,0.65711646,-0.02180091,-0.06768910
1591008930.86661386,0.65855287,-0.02154958,-0.07158642
1591008930.87813830,0.66013763,-0.02091254,-0.07496713
1591008930.89049196,0.66169621,-0.02014808,-0.07779107
1591008930.90230942,0.66308025,-0.01926843,-0.07995353
1591008930.91469169,0.66425835,-0.01868724,-0.08188736
1591008930.92625999,0.66538932,-0.01877451,-0.08384038
1591008930.93861508,0.66672799,-0.01964019,-0.08585275
1591008930.95025349,0.66809982,-0.02105565,-0.08777959
1591008930.96262074,0.66919589,-0.02277655,-0.08939751
1591008930.97418118,0.67002492,-0.02440668,-0.09054245
1591008930.98652601,0.67052932,-0.02579073,-0.09114458
1591008930.99809337,0.67078763,-0.02692519,-0.09123011
1591008931.01069927,0.67100754,-0.02771583,-0.09087231
1591008931.02232504,0.67124141,-0.02810329,-0.09020036
1591008931.03468180,0.67140896,-0.02816961,-0.08941671
1591008931.04630923,0.67148401,-0.02786942,-0.08863306
1591008931.05865240,0.67161142,-0.02702468,-0.08782322
1591008931.07021403,0.67169694,-0.02583785,-0.08698896
1591008931.08255482,0.67163586,-0.02443112,-0.08625068
1591008931.09414744,0.67148052,-0.02292490,-0.08553684
1591008931.10657358,0.67130250,-0.02132094,-0.08490329
1591008931.11827922,0.67109655,-0.01978854,-0.08442856
1591008931.13066077,0.67083824,-0.01835214,-0.08414581
1591008931.14221907,0.67051012,-0.01718800,-0.08406902
1591008931.15459657,0.67038097,-0.01613382,-0.08417374
1591008931.16616058,0.67051885,-0.01523498,-0.08450186
1591008931.17850018,0.67062357,-0.01446529,-0.08501673
1591008931.19033289,0.67060786,-0.01370782,-0.08544434
1591008931.20268011,0.67070385,-0.01287704,-0.08564156
1591008931.21423030,0.67090631,-0.01188918,-0.08563982
1591008931.22661853,0.67113495,-0.01084024,-0.08555080
1591008931.23818445,0.67138628,-0.00992743,-0.08557524
1591008931.25052357,0.67163935,-0.00918567,-0.08567647
1591008931.26211071,0.67183133,-0.00850499,-0.08579340
1591008931.27472258,0.67190464,-0.00784176,-0.08580562
1591008931.28630090,0.67191162,-0.00726581,-0.08567298
1591008931.29865265,0.67171091,-0.00676490,-0.08537802
1591008931.31020975,0.67143864,-0.00645248,-0.08505339
1591008931.32258344,0.67135835,-0.00631460,-0.08490678
1591008931.33415198,0.67139849,-0.00622384,-0.08496786
1591008931.34656596,0.67122745,-0.00616276,-0.08513367
1591008931.35813880,0.67089409,-0.00598648,-0.08533264
1591008931.37051344,0.67066022,-0.00558680,-0.08573232
1591008931.38234019,0.67056946,-0.00500211,-0.08628384
1591008931.39470601,0.67055724,-0.00450295,-0.08682664
1591008931.40630126,0.67061484,-0.00418530,-0.08718443
1591008931.41864824,0.67094820,-0.00402298,-0.08736246
1591008931.43009973,0.67157303,-0.00397586,-0.08758935
1591008931.44246268,0.67222403,-0.00400728,-0.08804313
1591008931.45427895,0.67277032,-0.00416436,-0.08862607
1591008931.46661663,0.67329916,-0.00440870,-0.08922123
1591008931.47818327,0.67375643,-0.00465654,-0.08974134
1591008931.49052668,0.67420324,-0.00488343,-0.09017244
1591008931.50208092,0.67469891,-0.00501957,-0.09051452
1591008931.51469040,0.67524171,-0.00502131,-0.09073269
1591008931.52629280,0.67577752,-0.00504924,-0.09068207
1591008931.53864241,0.67625400,-0.00497244,-0.09011309
1591008931.55020809,0.67670778,-0.00500735,-0.08909557
1591008931.56253695,0.67724535,-0.00501433,-0.08774992
1591008931.57408357,0.67793999,-0.00506844,-0.08629780
1591008931.58669400,0.67857354,-0.00515047,-0.08492772
1591008931.59825373,0.67903082,-0.00514698,-0.08350179
1591008931.61059427,0.67939210,-0.00506320,-0.08190830
1591008931.62216759,0.67974640,-0.00511207,-0.08017694
1591008931.63451433,0.68012688,-0.00515047,-0.07843510
1591008931.64608908,0.68054227,-0.00528660,-0.07703534
1591008931.65853286,0.68077440,-0.00544543,-0.07596895
1591008931.67025924,0.68077440,-0.00557633,-0.07514341
1591008931.68261886,0.68080931,-0.00546288,-0.07430216
1591008931.69418263,0.68091577,-0.00517839,-0.07335619
1591008931.70653081,0.68117932,-0.00496546,-0.07249574
1591008931.71809363,0.68168721,-0.00483107,-0.07174874
1591008931.73050141,0.68228411,-0.00470715,-0.07111868
1591008931.74232888,0.68294559,-0.00458323,-0.07063347
1591008931.75473380,0.68355995,-0.00454658,-0.07042229
1591008931.76629472,0.68410100,-0.00445059,-0.07045545
1591008931.77864361,0.68467521,-0.00429875,-0.07067885
1591008931.79019833,0.68522325,-0.00422021,-0.07103839
1591008931.80253649,0.68567354,-0.00418006,-0.07136128
1591008931.81413341,0.68604006,-0.00409978,-0.07151312
1591008931.82651806,0.68629662,-0.00402124,-0.07151138
1591008931.83809495,0.68651479,-0.00398284,-0.07134557
1591008931.85070229,0.68686909,-0.00397761,-0.07109424
1591008931.86226201,0.68727226,-0.00399157,-0.07076437
1591008931.87464809,0.68755675,-0.00390430,-0.07038564
1591008931.88628864,0.68771209,-0.00370708,-0.06995629
1591008931.89864135,0.68790931,-0.00356571,-0.06951472
1591008931.91020083,0.68819554,-0.00353604,-0.06908188
1591008931.92254329,0.68853239,-0.00368090,-0.06852163
1591008931.93415189,0.68894254,-0.00393223,-0.06780604
1591008931.94657660,0.68951152,-0.00420275,-0.06708871
1591008931.95814037,0.69024979,-0.00449771,-0.06655464
1591008931.97048259,0.69096712,-0.00479966,-0.06615496
1591008931.98229909,0.69157275,-0.00513127,-0.06592981
1591008931.99464130,0.69198465,-0.00539132,-0.06572561
1591008932.00619674,0.69229008,-0.00541925,-0.06553711
1591008932.01856208,0.69252919,-0.00522901,-0.06541494
1591008932.03016853,0.69274038,-0.00492532,-0.06535211
1591008932.04252410,0.69303010,-0.00458673,-0.06541320
1591008932.05434370,0.69333903,-0.00435634,-0.06556155
1591008932.06668782,0.69378932,-0.00435809,-0.06573084
1591008932.07824779,0.69429198,-0.00453262,-0.06592981
1591008932.09060025,0.69476147,-0.00475428,-0.06611307
1591008932.10215831,0.69520827,-0.00489216,-0.06632426
1591008932.11449027,0.69547706,-0.00472286,-0.06653195
1591008932.12620711,0.69557130,-0.00435983,-0.06664016
1591008932.13861871,0.69576329,-0.00382925,-0.06650577
1591008932.15019798,0.69602334,-0.00333707,-0.06617241
1591008932.16253877,0.69608617,-0.00312065,-0.06572386
1591008932.17409492,0.69598669,-0.00313810,-0.06509555
1591008932.18670201,0.69580867,-0.00321141,-0.06447072
1591008932.19825315,0.69556956,-0.00337198,-0.06389301
1591008932.21059394,0.69549102,-0.00363203,-0.06345319
1591008932.22214675,0.69556956,-0.00375769,-0.06311111
1591008932.23456383,0.69549102,-0.00382227,-0.06280567
1591008932.24634242,0.69527983,-0.00395143,-0.06251246
1591008932.25854206,0.69516115,-0.00394793,-0.06232745
1591008932.27011585,0.69511752,-0.00390430,-0.06233792
1591008932.28247190,0.69517860,-0.00375420,-0.06263812
1591008932.29438305,0.69525540,-0.00354825,-0.06305700
1591008932.30646801,0.69525016,-0.00323933,-0.06340607
1591008932.31832361,0.69525714,-0.00284140,-0.06355093
1591008932.33067489,0.69556258,-0.00243648,-0.06354744
1591008932.34232736,0.69618391,-0.00208043,-0.06354046
1591008932.35469460,0.69680525,-0.00181165,-0.06364343
1591008932.36617517,0.69736201,-0.00153414,-0.06406580
1591008932.37868953,0.69780009,-0.00123569,-0.06468714
1591008932.39026308,0.69802175,-0.00079762,-0.06530673
1591008932.40260100,0.69797462,-0.00030718,-0.06577448
1591008932.41415405,0.69776518,0.00019199,-0.06600661
1591008932.42651629,0.69780183,0.00078540,-0.06601184
1591008932.43821001,0.69808458,0.00134739,-0.06589665
1591008932.45057178,0.69844935,0.00173311,-0.06580764
1591008932.46213913,0.69880365,0.00187099,-0.06564183
1591008932.47447610,0.69905149,0.00189019,-0.06540970
1591008932.48631024,0.69921031,0.00193033,-0.06513569
1591008932.49865198,0.69927315,0.00197920,-0.06490181
1591008932.51020193,0.69926791,0.00214675,-0.06472204
1591008932.52255511,0.69925569,0.00246790,-0.06446199
1591008932.53412199,0.69932202,0.00282394,-0.06407627
1591008932.54655027,0.69958905,0.00300546,-0.06362074
1591008932.55811882,0.70008298,0.00309970,-0.06319139
1591008932.57047009,0.70087012,0.00301942,-0.06298021
1591008932.58228874,0.70178118,0.00285012,-0.06283709
1591008932.59464002,0.70254913,0.00262323,-0.06266256
1591008932.60619664,0.70320188,0.00248535,-0.06245137
1591008932.61863089,0.70367836,0.00231082,-0.06236585
1591008932.63025737,0.70401870,0.00210312,-0.06237807
1591008932.64272261,0.70423163,0.00190415,-0.06242694
1591008932.65437150,0.70434158,0.00178722,-0.06247581
1591008932.66670442,0.70432762,0.00170170,-0.06242519
1591008932.67826653,0.70425257,0.00185528,-0.06230302
1591008932.69061470,0.70414960,0.00205425,-0.06215641
1591008932.70218825,0.70403091,0.00231256,-0.06206565
1591008932.71453643,0.70399950,0.00248186,-0.06199759
1591008932.72617769,0.70398030,0.00260752,-0.06200980
1591008932.73852730,0.70391921,0.00274540,-0.06200631
1591008932.75015402,0.70381624,0.00274889,-0.06191206
1591008932.76251793,0.70377610,0.00273319,-0.06161012
1591008932.77408719,0.70392968,0.00272097,-0.06124011
1591008932.78669953,0.70409025,0.00260927,-0.06088407
1591008932.79826832,0.70424035,0.00250629,-0.06050184
1591008932.81061578,0.70445852,0.00239110,-0.06010739
1591008932.82220602,0.70467669,0.00233176,-0.05965884
1591008932.83463550,0.70488962,0.00230383,-0.05897817
1591008932.84624434,0.70509906,0.00222529,-0.05819451
1591008932.85848427,0.70540449,0.00218166,-0.05736723
1591008932.87007618,0.70578846,0.00205949,-0.05660975
1591008932.88269258,0.70612182,0.00184132,-0.05598144
1591008932.89428258,0.70638362,0.00150796,-0.05550322
1591008932.90664053,0.70652150,0.00119730,-0.05510004
1591008932.91820788,0.70660876,0.00095644,-0.05467767
1591008932.93056417,0.70693689,0.00104371,-0.05419073
1591008932.94214058,0.70753379,0.00137008,-0.05366887
1591008932.95452332,0.70844660,0.00183085,-0.05328316
1591008932.96608472,0.70961771,0.00248709,-0.05314004
1591008932.97868872,0.71072076,0.00317126,-0.05330585
1591008932.99025798,0.71170338,0.00384322,-0.05370204
1591008933.00260735,0.71273836,0.00434412,-0.05421167
1591008933.01416659,0.71377160,0.00474555,-0.05478763
1591008933.02657461,0.71477516,0.00523424,-0.05517160
1591008933.03813934,0.71573858,0.00577879,-0.05549274
1591008933.05048275,0.71659728,0.00640012,-0.05569171
1591008933.06230855,0.71735999,0.00709302,-0.05576327
1591008933.07473135,0.71806685,0.00778591,-0.05575454
1591008933.08630300,0.71866724,0.00846659,-0.05565506
1591008933.09866166,0.71900758,0.00906175,-0.05557128
1591008933.11022639,0.71911929,0.00953473,-0.05548053
1591008933.12256193,0.71893428,0.00980526,-0.05535312
1591008933.13412213,0.71856602,0.00987333,-0.05516462
1591008933.14647055,0.71820124,0.00990125,-0.05499532
1591008933.15808821,0.71783472,0.01007230,-0.05475272
1591008933.17071104,0.71737919,0.01032013,-0.05443507
1591008933.18227482,0.71691493,0.01073552,-0.05401969
1591008933.19463563,0.71656587,0.01126785,-0.05362873
1591008933.20621228,0.71629011,0.01180192,-0.05335122
1591008933.21855688,0.71607718,0.01233424,-0.05316098
1591008933.23016620,0.71591661,0.01281595,-0.05300914
1591008933.24250913,0.71578396,0.01326450,-0.05291140
1591008933.25416517,0.71568099,0.01367465,-0.05290093
1591008933.26655412,0.71553961,0.01399754,-0.05292013
1591008933.27811670,0.71533541,0.01438675,-0.05293060
1591008933.29072642,0.71520451,0.01470440,-0.05295503
1591008933.30228162,0.71514517,0.01503776,-0.05294107
1591008933.31462765,0.71525862,0.01541998,-0.05298645
1591008933.32618380,0.71555707,0.01582839,-0.05314004
1591008933.33861780,0.71581189,0.01622633,-0.05347689
1591008933.35010242,0.71594453,0.01653350,-0.05379628
1591008933.36253119,0.71589915,0.01676040,-0.05395685
1591008933.37415791,0.71582236,0.01681276,-0.05402492
1591008933.38651729,0.71582759,0.01669582,-0.05418200
1591008933.39814377,0.71589217,0.01655968,-0.05443333
1591008933.41049027,0.71589392,0.01647242,-0.05476145
1591008933.42230749,0.71579967,0.01655968,-0.05508608
1591008933.43472099,0.71543490,0.01688955,-0.05535486
1591008933.44628930,0.71485196,0.01736603,-0.05553114
1591008933.45863008,0.71448893,0.01768542,-0.05565331
1591008933.47018480,0.71435977,0.01785472,-0.05591337
1591008933.48252869,0.71431265,0.01775698,-0.05635843
1591008933.49408436,0.71421840,0.01752311,-0.05689773
1591008933.50668597,0.71408226,0.01739570,-0.05743530
1591008933.51825237,0.71393391,0.01754056,-0.05784196
1591008933.53059793,0.71375414,0.01801703,-0.05810725
1591008933.54213762,0.71363197,0.01873262,-0.05826782
1591008933.55472970,0.71357612,0.01961750,-0.05843711
1591008933.56633568,0.71360055,0.02034007,-0.05870764
1591008933.57868624,0.71355867,0.02076069,-0.05903227
1591008933.59022856,0.71342079,0.02089334,-0.05935865
1591008933.60256839,0.71318342,0.02069786,-0.05968328
1591008933.61412501,0.71289195,0.02038894,-0.05992937
1591008933.62659693,0.71262841,0.02003289,-0.06016848
1591008933.63815570,0.71237882,0.01980251,-0.06030985
1591008933.65049815,0.71220604,0.01980600,-0.06034476
1591008933.66209149,0.71212924,0.02001369,-0.06022433
1591008933.67470431,0.71210830,0.02014110,-0.06000442
1591008933.68626404,0.71212924,0.02018473,-0.05978974
1591008933.69861555,0.71209433,0.02017775,-0.05954540
1591008933.71017957,0.71199834,0.02007303,-0.05932723
1591008933.72252631,0.71200358,0.01992119,-0.05903402
1591008933.73432875,0.71210830,0.01975189,-0.05873557
1591008933.74669552,0.71226189,0.01955292,-0.05845282
1591008933.75827932,0.71246958,0.01927018,-0.05820149
1591008933.77067900,0.71259699,0.01881814,-0.05789432
1591008933.78225565,0.71268077,0.01831374,-0.05763252
1591008933.79459548,0.71279770,0.01781632,-0.05741959
1591008933.80618763,0.71289020,0.01738173,-0.05720840
1591008933.81854010,0.71300365,0.01710248,-0.05691170
1591008933.83009529,0.71319564,0.01696635,-0.05655216
1591008933.84269834,0.71339286,0.01691748,-0.05615771
1591008933.85426402,0.71361103,0.01683894,-0.05576851
1591008933.86655092,0.71385188,0.01684766,-0.05538628
1591008933.87815118,0.71413637,0.01683545,-0.05504419
1591008933.89050889,0.71457794,0.01676214,-0.05484348
1591008933.90232229,0.71506663,0.01671502,-0.05482603
1591008933.91474628,0.71515913,0.01672898,-0.05491853
1591008933.92629838,0.71494271,0.01686686,-0.05496914
1591008933.93862939,0.71496889,0.01702743,-0.05503372
1591008933.95018721,0.71526734,0.01717055,-0.05523443
1591008933.96252656,0.71557103,0.01726305,-0.05538802
1591008933.97413898,0.71583807,0.01710946,-0.05550496
1591008933.98648596,0.71614175,0.01684766,-0.05554510
1591008933.99817324,0.71649431,0.01656492,-0.05544213
1591008934.01085925,0.71689224,0.01627170,-0.05532694
1591008934.02235579,0.71733381,0.01602910,-0.05521000
1591008934.03464603,0.71768637,0.01591566,-0.05490108
1591008934.04625869,0.71795690,0.01576730,-0.05455201
1591008934.05866218,0.71822568,0.01531352,-0.05446125
1591008934.07023001,0.71842639,0.01467124,-0.05466371
1591008934.08258462,0.71848748,0.01394344,-0.05496391
1591008934.09414482,0.71849620,0.01328370,-0.05519255
1591008934.10656357,0.71857649,0.01269902,-0.05531123
1591008934.11824322,0.71888017,0.01247387,-0.05518033
1591008934.13056612,0.71945962,0.01228363,-0.05486617
1591008934.14219546,0.72013507,0.01185428,-0.05442635
1591008934.15463543,0.72083145,0.01128530,-0.05397605
1591008934.16620207,0.72143359,0.01092576,-0.05342976
1591008934.17867899,0.72188563,0.01087166,-0.05291140
1591008934.19026160,0.72234814,0.01101826,-0.05263389
1591008934.20260882,0.72294854,0.01144063,-0.05266356
1591008934.21423292,0.72373568,0.01175654,-0.05301089
1591008934.22659039,0.72449141,0.01168149,-0.05376312
1591008934.23813891,0.72529601,0.01103921,-0.05488362
1591008934.25056553,0.72615122,0.00992918,-0.05623625
1591008934.26214075,0.72693487,0.00854164,-0.05768488
1591008934.27455950,0.72768536,0.00720123,-0.05911779
1591008934.28627300,0.72833462,0.00600044,-0.06045297
1591008934.29865503,0.72898912,0.00502480,-0.06174451
1591008934.31022501,0.72961046,0.00408233,-0.06304129
1591008934.32262301,0.73021609,0.00312414,-0.06432411
1591008934.33419394,0.73081474,0.00207869,-0.06552141
1591008934.34653854,0.73135055,0.00079412,-0.06654766
1591008934.35809684,0.73174674,-0.00066148,-0.06748839
1591008934.37051892,0.73206614,-0.00208916,-0.06834360
1591008934.38234806,0.73229128,-0.00343830,-0.06898588
1591008934.39479136,0.73226336,-0.00478220,-0.06946585
1591008934.40610981,0.73202076,-0.00585558,-0.06980270
1591008934.41871667,0.73168042,-0.00666541,-0.07010289
1591008934.43027997,0.73127376,-0.00694641,-0.07024078
1591008934.44264126,0.73057563,-0.00675442,-0.07014827
1591008934.45420551,0.72967155,-0.00609993,-0.06988124
1591008934.46655297,0.72877096,-0.00519759,-0.06955835
1591008934.47814727,0.72787560,-0.00399331,-0.06911678
1591008934.49049449,0.72694185,-0.00263894,-0.06862809
1591008934.50231218,0.72594876,-0.00112748,-0.06798057
1591008934.51466250,0.72517558,0.00030892,-0.06733829
1591008934.52629519,0.72461533,0.00180293,-0.06673615
1591008934.53865099,0.72412663,0.00325329,-0.06613751
1591008934.55019784,0.72373394,0.00454484,-0.06542367
1591008934.56258988,0.72347039,0.00565312,-0.06456147
1591008934.57414508,0.72336393,0.00638616,-0.06366787
1591008934.58652830,0.72328888,0.00707382,-0.06279171
1591008934.59809518,0.72320685,0.00749619,-0.06198362
1591008934.61070800,0.72315798,0.00786969,-0.06132738
1591008934.62229204,0.72308816,0.00826588,-0.06068859
1591008934.63463545,0.72292236,0.00870396,-0.06004456
1591008934.64619613,0.72274608,0.00918218,-0.05937436
1591008934.65853667,0.72250697,0.00960978,-0.05874953
1591008934.67010665,0.72226960,0.00987158,-0.05825211
1591008934.68247461,0.72215092,0.00994140,-0.05787337
1591008934.69430876,0.72203748,0.00988729,-0.05749464
1591008934.70673132,0.72189087,0.00980177,-0.05711066
1591008934.71832371,0.72171110,0.00973021,-0.05670051
1591008934.73047352,0.72139869,0.00969705,-0.05623102
1591008934.74230409,0.72111071,0.01009324,-0.05577200
1591008934.75465083,0.72101646,0.01066047,-0.05555383
1591008934.76630330,0.72103042,0.01142318,-0.05554859
1591008934.77850413,0.72110198,0.01245641,-0.05552940
1591008934.79013181,0.72125382,0.01358390,-0.05542991
1591008934.80255675,0.72127302,0.01456477,-0.05527807
1591008934.81424236,0.72114561,0.01532225,-0.05508783
1591008934.82666922,0.72097108,0.01599420,-0.05471956
1591008934.83828378,0.72072848,0.01652652,-0.05402143
1591008934.85063291,0.72032705,0.01709375,-0.05320985
1591008934.86219239,0.71974237,0.01787915,-0.05253616
1591008934.87467194,0.71912278,0.01890017,-0.05197591
1591008934.88615084,0.71846653,0.02009398,-0.05135806
1591008934.89853406,0.71775793,0.02135236,-0.05059535
1591008934.91019392,0.71705631,0.02245192,-0.04971570
1591008934.92277241,0.71655714,0.02336647,-0.04871563
1591008934.93430495,0.71625695,0.02394941,-0.04760211
1591008934.94662380,0.71605449,0.02422692,-0.04652001
1591008934.95822001,0.71590439,0.02437876,-0.04542918
1591008934.97061157,0.71594453,0.02456900,-0.04435056
1591008934.98218632,0.71601609,0.02446428,-0.04340285
1591008934.99463034,0.71582934,0.02429847,-0.04230678
1591008935.00631475,0.71542093,0.02419550,-0.04133638
1591008935.01866245,0.71493399,0.02420946,-0.04059287
1591008935.03028750,0.71435977,0.02423739,-0.04022984
1591008935.04264283,0.71391646,0.02383073,-0.04018621
1591008935.05420089,0.71361801,0.02263343,-0.04036772
1591008935.06662512,0.71337890,0.02080782,-0.04073424
1591008935.07818651,0.71325672,0.01847955,-0.04109029
1591008935.09069014,0.71321309,0.01622807,-0.04132067
1591008935.10226917,0.71336319,0.01449321,-0.04119850
1591008935.11458921,0.71391995,0.01317025,-0.04113567
1591008935.12632632,0.71460063,0.01197121,-0.04144284
1591008935.13872719,0.71504394,0.01108808,-0.04172908
1591008935.15010190,0.71521149,0.01085246,-0.04152138
1591008935.16271377,0.71513819,0.01182984,-0.04064174
1591008935.17434168,0.71533018,0.01413717,-0.03928387
1591008935.18669462,0.71613826,0.01756674,-0.03770086
1591008935.19830012,0.71743504,0.02176426,-0.03591888
1591008935.21065164,0.71902155,0.02595130,-0.03386811
1591008935.22221112,0.72065692,0.02959555,-0.03135484
1591008935.23463368,0.72246159,0.03255563,-0.02836160
1591008935.24619389,0.72444778,0.03459941,-0.02510656
1591008935.25852132,0.72644269,0.03572340,-0.02184280
1591008935.27011275,0.72841840,0.03629587,-0.01861743
1591008935.28272748,0.73041855,0.03692942,-0.01572716
1591008935.29412746,0.73214119,0.03815639,-0.01304285
1591008935.30648375,0.73327391,0.04021064,-0.01019272
1591008935.31831861,0.73384986,0.04296826,-0.00706684
1591008935.33071446,0.73417624,0.04611858,-0.00392001
1591008935.34226894,0.73450087,0.04923050,-0.00106116
1591008935.35460997,0.73489183,0.05218011,0.00139277
1591008935.36608315,0.73557949,0.05484174,0.00364076
1591008935.37865496,0.73680122,0.05704260,0.00606327
1591008935.39022303,0.73844008,0.05864830,0.00877028
1591008935.40261412,0.74005975,0.05953318,0.01172687
1591008935.41417122,0.74145077,0.05969899,0.01492955
1591008935.42668509,0.74274930,0.05964837,0.01840624
1591008935.43827200,0.74395707,0.05969201,0.02220408
1591008935.45061994,0.74527130,0.06007423,0.02615550
1591008935.46230459,0.74681941,0.06075491,0.03030939
1591008935.47457123,0.74859790,0.06158743,0.03503923
1591008935.48609614,0.75049681,0.06262067,0.04071155
1591008935.49856162,0.75235908,0.06365041,0.04716752
1591008935.51016569,0.75413932,0.06427175,0.05420993
1591008935.52253270,0.75588465,0.06449515,0.06155951
1591008935.53435612,0.75747290,0.06448293,0.06887244
1591008935.54671717,0.75896864,0.06480233,0.07606494
1591008935.55828786,0.76053420,0.06579193,0.08296248
1591008935.57063103,0.76224288,0.06750759,0.08961917
1591008935.58218384,0.76417496,0.07003483,0.09596693
1591008935.59454870,0.76618209,0.07294778,0.10203718
1591008935.60633755,0.76836550,0.07594277,0.10793116
1591008935.61855078,0.77096953,0.07873529,0.11373962
1591008935.63016272,0.77401338,0.08125031,0.11942415
1591008935.64261293,0.77747088,0.08362047,0.12533209
1591008935.65419436,0.78125650,0.08585449,0.13158561
1591008935.66654325,0.78526028,0.08768360,0.13791243
1591008935.67818594,0.78948049,0.08888613,0.14434746
1591008935.69054198,0.79393980,0.08949350,0.15081565
1591008935.70218968,0.79857540,0.08970643,0.15773762
1591008935.71454644,0.80330873,0.08963313,0.16541358
1591008935.72618699,0.80819740,0.08932595,0.17391333
1591008935.73869920,0.81344560,0.08886693,0.18302919
1591008935.75024319,0.81897830,0.08838871,0.19247316
1591008935.76250482,0.82460699,0.08754222,0.20228017
1591008935.77434587,0.83021298,0.08650201,0.21258634
1591008935.78654337,0.83575266,0.08514763,0.22332710
1591008935.79811263,0.84112827,0.08317716,0.23440645
1591008935.81062651,0.84646549,0.08081398,0.24584533
1591008935.82222438,0.85181667,0.07831467,0.25746923
1591008935.83472848,0.85728129,0.07663217,0.26936714
1591008935.84654665,0.86278606,0.07561115,0.28138373
1591008935.85875916,0.86829432,0.07536681,0.29334970
1591008935.87027049,0.87366819,0.07523940,0.30457915
1591008935.88265038,0.87881691,0.07459363,0.31477711
1591008935.89426637,0.88374398,0.07422013,0.32306219
1591008935.90670347,0.88849476,0.07429343,0.32933490
1591008935.91829014,0.89291743,0.07559894,0.33335963
1591008935.93063569,0.89682871,0.07813141,0.33595843
1591008935.94226217,0.90032111,0.08141088,0.33749083
1591008935.95462728,0.90363200,0.08492074,0.33804584
1591008935.96618819,0.90668633,0.08851437,0.33834778
1591008935.97863603,0.90937414,0.09190380,0.33901974
1591008935.99021339,0.91180887,0.09482897,0.34041076
1591008936.00256181,0.91432564,0.09735447,0.34261162
1591008936.01427555,0.91719321,0.09955707,0.34558217
1591008936.02673435,0.92057566,0.10171255,0.34903094
1591008936.03829432,0.92456025,0.10397450,0.35284798
1591008936.05070591,0.92901433,0.10644240,0.35715720
1591008936.06226230,0.93374591,0.10898709,0.36221167
1591008936.07460737,0.93857000,0.11133281,0.36825749
1591008936.08616734,0.94353372,0.11340800,0.37502588
1591008936.09853506,0.94870164,0.11527376,0.38200370
1591008936.11014652,0.95387131,0.11700164,0.38893092
1591008936.12251043,0.95885771,0.11864399,0.39572897
1591008936.13433957,0.96351599,0.11951491,0.40299129
1591008936.14669085,0.96821617,0.11997393,0.41121528
1591008936.15825820,0.97307167,0.12015894,0.42015311
1591008936.17060709,0.97816454,0.12026889,0.42929689
1591008936.18216157,0.98350351,0.12063716,0.43811429
1591008936.19451165,0.98900827,0.12138765,0.44645348
1591008936.20610666,0.99447465,0.12249768,0.45430222
1591008936.21853876,0.99975601,0.12376304,0.46180714
1591008936.23011041,1.00475463,0.12496383,0.46904153
1591008936.24270296,1.00961887,0.12637056,0.47599841
1591008936.25427485,1.01436093,0.12763244,0.48237759
1591008936.26660872,1.01900350,0.12846496,0.48834662
1591008936.27815318,1.02357627,0.12908630,0.49412366
1591008936.29047823,1.02788025,0.12967971,0.49971744
1591008936.30230117,1.03191196,0.13030803,0.50514715
1591008936.31469011,1.03586687,0.13097998,0.51065541
1591008936.32627249,1.03976070,0.13190151,0.51633472
1591008936.33863449,1.04370166,0.13291904,0.52201053
1591008936.35018969,1.04763563,0.13396100,0.52757289
1591008936.36253119,1.05173017,0.13497155,0.53315969
1591008936.37413716,1.05596434,0.13597337,0.53883550
1591008936.38647366,1.06017756,0.13699787,0.54450957
1591008936.39829803,1.06430701,0.13807823,0.55007717
1591008936.41063452,1.06847311,0.13921095,0.55557670
1591008936.42224026,1.07249086,0.14029306,0.56097849
1591008936.43459249,1.07598152,0.14127219,0.56627557
1591008936.44614768,1.07910566,0.14216056,0.57153599
1591008936.45849395,1.08226645,0.14302101,0.57663235
1591008936.47011065,1.08556512,0.14402632,0.58135696
1591008936.48271561,1.08912385,0.14536673,0.58564174
1591008936.49426961,1.09259880,0.14687120,0.58929646
1591008936.50660014,1.09558506,0.14829015,0.59257768
1591008936.51823616,1.09806168,0.14970038,0.59565120
1591008936.53058600,1.10017178,0.15108966,0.59848213
1591008936.54215217,1.10201485,0.15292749,0.60114375
1591008936.55450249,1.10378287,0.15536048,0.60346330
1591008936.56632781,1.10536414,0.15810240,0.60541632
1591008936.57867169,1.10660681,0.16096124,0.60705169
1591008936.59023237,1.10753882,0.16378868,0.60865391
1591008936.60257792,1.10830153,0.16611520,0.61016885
1591008936.61414027,1.10900141,0.16796002,0.61188277
1591008936.62663007,1.10950406,0.16956397,0.61417613
1591008936.63828421,1.10999799,0.17108066,0.61702625
1591008936.65064692,1.11097537,0.17256768,0.62009803
1591008936.66220021,1.11249730,0.17391508,0.62297782
1591008936.67459726,1.11448698,0.17515252,0.62529562
1591008936.68621254,1.11648189,0.17577734,0.62665174
1591008936.69868898,1.11834241,0.17540734,0.62708284
1591008936.71012115,1.11991495,0.17426938,0.62707237
1591008936.72260332,1.12094295,0.17245075,0.62654179
1591008936.73417902,1.12151891,0.16980134,0.62530784
1591008936.74653029,1.12136008,0.16649219,0.62332514
1591008936.75817680,1.12052058,0.16260011,0.62042092
1591008936.77052879,1.11905799,0.15817221,0.61643982
1591008936.78242588,1.11694091,0.15317184,0.61123176
1591008936.79473686,1.11446254,0.14782939,0.60519815
1591008936.80612659,1.11168921,0.14255849,0.59857288
1591008936.81860781,1.10869946,0.13758780,0.59153921
1591008936.83017135,1.10573938,0.13304645,0.58430133
1591008936.84259295,1.10295209,0.12899205,0.57715769
1591008936.85414910,1.10037599,0.12549441,0.57023572
1591008936.86669016,1.09787668,0.12233711,0.56366804
1591008936.87819695,1.09527788,0.11925137,0.55794511
1591008936.89055610,1.09245743,0.11583401,0.55273879
1591008936.90212321,1.08947117,0.11271162,0.54857095
1591008936.91453791,1.08641335,0.11035019,0.54547299
1591008936.92615891,1.08333808,0.10868340,0.54325642
1591008936.93866897,1.08034484,0.10720859,0.54238375
1591008936.95026016,1.07753835,0.10596068,0.54271013
1591008936.96260118,1.07494829,0.10517354,0.54292306
1591008936.97422147,1.07260780,0.10514736,0.54216733
1591008936.98657298,1.07033364,0.10587691,0.53995077
1591008936.99813557,1.06778895,0.10724699,0.53644789
1591008937.01055908,1.06467353,0.10886840,0.53176517
1591008937.02211142,1.06096645,0.11005697,0.52633894
1591008937.03450155,1.05693649,0.11076208,0.52116055
1591008937.04633093,1.05290129,0.11073067,0.51668727
1591008937.05866480,1.04899873,0.10976899,0.51271490
1591008937.07022786,1.04531609,0.10777234,0.50878093
1591008937.08256936,1.04167707,0.10492570,0.50539499
1591008937.09412670,1.03823354,0.10158689,0.50257454
1591008937.10674000,1.03532408,0.09804213,0.50070355
1591008937.11816525,1.03318081,0.09426872,0.49948007
1591008937.13050008,1.03179677,0.08991238,0.49852188
1591008937.14234281,1.03105500,0.08465720,0.49728968
1591008937.15472054,1.03096948,0.07909658,0.49591087
1591008937.16633558,1.03118416,0.07391644,0.49481830
1591008937.17868137,1.03140930,0.06943618,0.49428248
1591008937.19024563,1.03155242,0.06507111,0.49432262
1591008937.20257783,1.03169379,0.06054373,0.49461584
1591008937.21413851,1.03188054,0.05541769,0.49492127
1591008937.22649097,1.03210918,0.04956037,0.49517958
1591008937.23811722,1.03231513,0.04302411,0.49528954
1591008937.25073838,1.03235702,0.03608643,0.49516213
1591008937.26229787,1.03219994,0.02903704,0.49474150
1591008937.27463675,1.03169903,0.02219535,0.49412889
1591008937.28619528,1.03089792,0.01577429,0.49324401
1591008937.29853010,1.03000955,0.00986286,0.49212176
1591008937.31035161,1.02906707,0.00434063,0.49063125
1591008937.32269263,1.02783138,-0.00126187,0.48895050
1591008937.33432198,1.02626058,-0.00710524,0.48708300
1591008937.34668446,1.02435817,-0.01313535,0.48521375
1591008937.35826135,1.02211368,-0.01927018,0.48344399
1591008937.37063694,1.01964927,-0.02523572,0.48210706
1591008937.38219690,1.01706968,-0.03054152,0.48138101
1591008937.39462733,1.01450579,-0.03500607,0.48131817
1591008937.40623736,1.01217577,-0.03877423,0.48165153
1591008937.41865349,1.01003775,-0.04195597,0.48229032
1591008937.43022609,1.00801316,-0.04491605,0.48303383
1591008937.44267583,1.00595193,-0.04845034,0.48343002
1591008937.45423222,1.00365682,-0.05273687,0.48365692
1591008937.46656418,1.00116100,-0.05790130,0.48414037
1591008937.47816539,0.99851683,-0.06363645,0.48506889
1591008937.49051189,0.99571208,-0.06932448,0.48652798
1591008937.50210500,0.99290734,-0.07466519,0.48833091
1591008937.51472688,0.99021430,-0.07957480,0.49031535
1591008937.52632713,0.98774466,-0.08451582,0.49233120
1591008937.53876543,0.98552983,-0.08991064,0.49447970
1591008937.55033445,0.98357681,-0.09495289,0.49606795
1591008937.56268597,0.98209153,-0.09842435,0.49610111
1591008937.57424879,0.98104608,-0.10082767,0.49424234
1591008937.58659911,0.98005648,-0.10331826,0.49113042
1591008937.59815240,0.97881381,-0.10641098,0.48725578
1591008937.61057615,0.97743325,-0.11043571,0.48250849
1591008937.62212586,0.97608935,-0.11556698,0.47667211
1591008937.63449287,0.97467563,-0.12122010,0.46964541
1591008937.64627838,0.97292506,-0.12690289,0.46179143
1591008937.65866280,0.97041528,-0.13233610,0.45397585
1591008937.67022729,0.96723355,-0.13740454,0.44716557
1591008937.68263388,0.96352821,-0.14229146,0.44188246
1591008937.69420624,0.95962391,-0.14720107,0.43766574
1591008937.70655417,0.95597792,-0.15246324,0.43397612
1591008937.71837950,0.95287298,-0.15812858,0.43016257
1591008937.73071289,0.95024277,-0.16357226,0.42578180
1591008937.74219322,0.94805238,-0.16885537,0.42049345
1591008937.75467229,0.94631578,-0.17402853,0.41469896
1591008937.76634979,0.94486715,-0.17881073,0.40893064
1591008937.77873039,0.94360528,-0.18321594,0.40379065
1591008937.79030085,0.94254586,-0.18732444,0.39957393
1591008937.80270267,0.94174476,-0.19139455,0.39616705
1591008937.81426740,0.94128923,-0.19591670,0.39321744
1591008937.82674098,0.94134333,-0.20143543,0.38996590
1591008937.83811951,0.94191231,-0.20755106,0.38559908
1591008937.85053205,0.94278323,-0.21346948,0.37999483
1591008937.86211348,0.94365066,-0.21876480,0.37407467
1591008937.87475562,0.94438020,-0.22329742,0.36874618
1591008937.88634348,0.94498583,-0.22732215,0.36434795
1591008937.89852381,0.94522669,-0.23106763,0.36091140
1591008937.91026378,0.94517782,-0.23458621,0.35862153
1591008937.92258358,0.94535759,-0.23781507,0.35720781
1591008937.93410206,0.94580614,-0.24073152,0.35638751
1591008937.94669199,0.94623898,-0.24357291,0.35559862
1591008937.95827460,0.94670847,-0.24685588,0.35402782
1591008937.97058105,0.94742231,-0.25030814,0.35122133
1591008937.98234892,0.94827403,-0.25285108,0.34706919
1591008937.99465108,0.94911179,-0.25361554,0.34210722
1591008938.00620794,0.94969648,-0.25295755,0.33717492
1591008938.01851153,0.94997399,-0.25175851,0.33286047
1591008938.03031850,0.94985879,-0.25038843,0.32965604
1591008938.04261923,0.94945562,-0.24938486,0.32729287
1591008938.05433440,0.94891981,-0.24911608,0.32531017
1591008938.06670070,0.94838399,-0.24962223,0.32327687
1591008938.07826900,0.94796337,-0.25035701,0.32122785
1591008938.09061408,0.94783247,-0.25071655,0.31906539
1591008938.10217977,0.94793719,-0.25027498,0.31678948
1591008938.11450696,0.94827054,-0.24917368,0.31417672
1591008938.12622666,0.94873131,-0.24805317,0.31122711
1591008938.13858056,0.94917812,-0.24727825,0.30776089
1591008938.15019393,0.94973662,-0.24688031,0.30362969
1591008938.16254687,0.95049933,-0.24696234,0.29880735
1591008938.17411184,0.95137199,-0.24717702,0.29342999
1591008938.18674731,0.95207885,-0.24767269,0.28776989
1591008938.19831920,0.95267401,-0.24866928,0.28175374
1591008938.21067238,0.95331280,-0.25004634,0.27565730
1591008938.22223639,0.95404584,-0.25168870,0.26968304
1591008938.23461008,0.95494643,-0.25355445,0.26388157
1591008938.24617171,0.95587669,-0.25555111,0.25830698
1591008938.25857973,0.95689422,-0.25742036,0.25316873
1591008938.27022767,0.95787160,-0.25919885,0.24858550
1591008938.28257227,0.95851563,-0.26056544,0.24459742
1591008938.29413438,0.95882979,-0.26116583,0.24094270
1591008938.30675006,0.95891531,-0.26117631,0.23721119
1591008938.31832504,0.95881757,-0.26086913,0.23317250
1591008938.33068228,0.95832364,-0.26024779,0.22917395
1591008938.34224606,0.95749286,-0.25919710,0.22539531
1591008938.35472775,0.95653293,-0.25757569,0.22173535
1591008938.36623216,0.95546479,-0.25584258,0.21815394
1591008938.37854719,0.95411042,-0.25450042,0.21478894
1591008938.39011312,0.95248028,-0.25376389,0.21148504
1591008938.40272856,0.95072448,-0.25339737,0.20824745
1591008938.41428947,0.94904372,-0.25331883,0.20485628
1591008938.42671132,0.94754100,-0.25333454,0.20133944
1591008938.43828273,0.94619011,-0.25327345,0.19781038
1591008938.45063686,0.94488810,-0.25303609,0.19431449
1591008938.46226883,0.94358433,-0.25276556,0.19083081
1591008938.47464132,0.94216713,-0.25259278,0.18753912
1591008938.48619771,0.94050383,-0.25249853,0.18431550
1591008938.49854302,0.93850717,-0.25242872,0.18127339
1591008938.51010084,0.93644943,-0.25251249,0.17820161
1591008938.52270770,0.93450688,-0.25299769,0.17460448
1591008938.53427362,0.93256607,-0.25395762,0.17040697
1591008938.54675865,0.93039837,-0.25537832,0.16581326
1591008938.55832195,0.92805963,-0.25673270,0.16096823
1591008938.57066584,0.92563013,-0.25772230,0.15609352
1591008938.58225441,0.92315875,-0.25828779,0.15100763
1591008938.59460878,0.92064373,-0.25852864,0.14547145
1591008938.60626245,0.91799257,-0.25840472,0.13980262
1591008938.61870790,0.91506915,-0.25796490,0.13399765
1591008938.63028407,0.91191534,-0.25727200,0.12784886
1591008938.64271402,0.90857303,-0.25697355,0.12130736
1591008938.65430927,0.90503699,-0.25715507,0.11466115
1591008938.66663003,0.90121647,-0.25743432,0.10820343
1591008938.67835355,0.89714287,-0.25733309,0.10222044
1591008938.69052052,0.89266610,-0.25678680,0.09691813
1591008938.70235682,0.88791182,-0.25595603,0.09239773
1591008938.71472216,0.88286608,-0.25525091,0.08893325
1591008938.72634983,0.87639439,-0.25778164,0.08862433
1591008938.73870492,0.86878301,-0.25693690,0.08683013
1591008938.75025964,0.86184708,-0.25284410,0.08153829
1591008938.76269412,0.85622188,-0.24717702,0.07214668
1591008938.77427649,0.85101731,-0.24120799,0.05884552
1591008938.78660917,0.84536070,-0.23523199,0.04335398
1591008938.79816866,0.83903388,-0.22886328,0.02760762
1591008938.81051326,0.83252031,-0.22266038,0.01203405
1591008938.82233167,0.82616207,-0.21698631,-0.00338943
1591008938.83467889,0.81974799,-0.21203656,-0.01845686
1591008938.84627104,0.81312970,-0.20780588,-0.03281568
1591008938.85866928,0.80638051,-0.20492783,-0.04656713
1591008938.87026548,0.79985298,-0.20312491,-0.05969026
1591008938.88261509,0.79385603,-0.20107589,-0.07207512
1591008938.89418769,0.78873174,-0.19795524,-0.08395557
1591008938.90652561,0.78451677,-0.19341913,-0.09568942
1591008938.91835403,0.78062992,-0.18790738,-0.10755941
1591008938.93070436,0.77633118,-0.18235549,-0.12016417
1591008938.94228959,0.77131336,-0.17732196,-0.13344962
1591008938.95472884,0.76569514,-0.17234603,-0.14654832
1591008938.96633673,0.76006122,-0.16738406,-0.15891572
1591008938.97869015,0.75499627,-0.16324064,-0.17027781
1591008938.99024796,0.75056663,-0.16066803,-0.18001326
1591008939.00259519,0.74658902,-0.15962258,-0.18774681
1591008939.01414800,0.74305473,-0.16047255,-0.19329871
1591008939.02657104,0.73962341,-0.16350419,-0.19682602
1591008939.03813910,0.73611181,-0.16857263,-0.19906353
1591008939.05048776,0.73248153,-0.17466208,-0.20065352
1591008939.06236267,0.72881808,-0.18044261,-0.20206200
1591008939.07470632,0.72540247,-0.18520038,-0.20375672
1591008939.08627439,0.72250522,-0.18882892,-0.20605183
1591008939.09862709,0.72029738,-0.19120780,-0.20901016
1591008939.11019826,0.71877546,-0.19260057,-0.21213779
1591008939.12252641,0.71776665,-0.19353083,-0.21548533
1591008939.13435483,0.71711739,-0.19475955,-0.21898646
1591008939.14672995,0.71671946,-0.19622562,-0.22250505
1591008939.15833712,0.71643497,-0.19820308,-0.22584037
1591008939.17073059,0.71600562,-0.20061862,-0.22898371
1591008939.18229342,0.71535636,-0.20369040,-0.23166802
1591008939.19464374,0.71452209,-0.20701699,-0.23421969
1591008939.20632005,0.71351852,-0.21010448,-0.23664745
1591008939.21867204,0.71256208,-0.21262823,-0.23898968
1591008939.23023653,0.71165626,-0.21483432,-0.24138078
1591008939.24257898,0.71053052,-0.21683447,-0.24357641
1591008939.25412703,0.70906793,-0.21851522,-0.24512102
1591008939.26651549,0.70722138,-0.21990276,-0.24604256
1591008939.27835250,0.70487565,-0.22108435,-0.24637766
1591008939.29069400,0.70201157,-0.22191861,-0.24637940
1591008939.30223775,0.69886998,-0.22222230,-0.24606350
1591008939.31458449,0.69576503,-0.22178073,-0.24559226
1591008939.32614708,0.69278925,-0.22051362,-0.24464629
1591008939.33848834,0.69025328,-0.21894283,-0.24389929
1591008939.35012054,0.68801403,-0.21699330,-0.24297950
1591008939.36251044,0.68576779,-0.21516594,-0.24192183
1591008939.37411785,0.68362103,-0.21399133,-0.24077864
1591008939.38673973,0.68185127,-0.21350438,-0.23990074
1591008939.39830804,0.68036599,-0.21347820,-0.23951677
1591008939.41065621,0.67913728,-0.21320244,-0.23954819
1591008939.42222309,0.67801853,-0.21200689,-0.23975064
1591008939.43458366,0.67703067,-0.20980254,-0.24004909
1591008939.44616842,0.67636221,-0.20708157,-0.24054302
1591008939.45851159,0.67621909,-0.20448627,-0.24177173
1591008939.47034335,0.67676713,-0.20263796,-0.24401972
1591008939.48277044,0.67778465,-0.20158553,-0.24723462
1591008939.49422669,0.67914775,-0.20103924,-0.25115288
1591008939.50657821,0.68083898,-0.20089263,-0.25555111
1591008939.51816034,0.68265412,-0.20084202,-0.26019892
1591008939.53052211,0.68451988,-0.20035158,-0.26479961
1591008939.54234982,0.68620412,-0.19948066,-0.26917515
1591008939.55469203,0.68746948,-0.19843695,-0.27326096
1591008939.56615758,0.68852715,-0.19755033,-0.27705531
1591008939.57883716,0.68982742,-0.19699357,-0.28055295
1591008939.59041071,0.69158672,-0.19671955,-0.28384290
1591008939.60269547,0.69357988,-0.19648393,-0.28702812
1591008939.61430049,0.69557130,-0.19611218,-0.29028491
1591008939.62660408,0.69735328,-0.19541055,-0.29357311
1591008939.63830638,0.69870940,-0.19419057,-0.29666059
1591008939.65067220,0.69973566,-0.19264944,-0.29957878
1591008939.66228485,0.70061007,-0.19103152,-0.30258424
1591008939.67473316,0.70153160,-0.18956021,-0.30592306
1591008939.68629909,0.70273413,-0.18830532,-0.30978198
1591008939.69863987,0.70441140,-0.18722321,-0.31420639
1591008939.71024776,0.70652848,-0.18629470,-0.31891180
1591008939.72260022,0.70891609,-0.18551628,-0.32364688
1591008939.73416305,0.71144856,-0.18488273,-0.32818124
1591008939.74650979,0.71413986,-0.18427012,-0.33252362
1591008939.75834727,0.71691493,-0.18361387,-0.33676477
1591008939.77052760,0.71968477,-0.18281451,-0.34086455
1591008939.78235531,0.72226262,-0.18174986,-0.34474791
1591008939.79473424,0.72433433,-0.18032567,-0.34845149
1591008939.80630612,0.72582659,-0.17865190,-0.35165243
1591008939.81849217,0.72717747,-0.17702351,-0.35440656
1591008939.83029914,0.72866100,-0.17552951,-0.35659520
1591008939.84267426,0.73050930,-0.17453642,-0.35863375
1591008939.85424209,0.73280441,-0.17404249,-0.36072290
1591008939.86653066,0.73520773,-0.17386970,-0.36313844
1591008939.87829590,0.73730038,-0.17395348,-0.36573200
1591008939.89064193,0.73903000,-0.17393777,-0.36818419
1591008939.90222073,0.74049433,-0.17375276,-0.37038505
1591008939.91467357,0.74184871,-0.17332167,-0.37214259
1591008939.92614603,0.74322752,-0.17270382,-0.37342716
1591008939.93872404,0.74469709,-0.17160426,-0.37445341
1591008939.95012736,0.74616316,-0.17052041,-0.37595788
1591008939.96275067,0.74707597,-0.16992002,-0.37850955
1591008939.97416306,0.74667803,-0.16982054,-0.38193040
1591008939.98664355,0.74451208,-0.17031446,-0.38573173
1591008939.99817038,0.74088354,-0.17150129,-0.38957494
1591008940.01056314,0.73615719,-0.17402853,-0.39353335
1591008940.02218413,0.73062275,-0.17489770,-0.39884439
1591008940.03472114,0.72562238,-0.17333912,-0.40574891
1591008940.04632545,0.72208285,-0.17101085,-0.41433767
1591008940.05867577,0.71989770,-0.16838588,-0.42375896
1591008940.07030773,0.71869517,-0.16659342,-0.43286783
1591008940.08267045,0.71822568,-0.16569283,-0.44135537
1591008940.09422755,0.71850493,-0.16564222,-0.44909765
1591008940.10656619,0.71980520,-0.16584119,-0.45661653
1591008940.11824131,0.72201304,-0.16650965,-0.46420173
1591008940.13055420,0.72471307,-0.16746434,-0.47199812
1591008940.14211512,0.72742880,-0.16842776,-0.47994111
1591008940.15450358,0.72976754,-0.16911193,-0.48793646
1591008940.16632748,0.73176070,-0.16946449,-0.49591785
1591008940.17853212,0.73356712,-0.16917476,-0.50359381
1591008940.19036555,0.73530721,-0.16824625,-0.51049484
1591008940.20269871,0.73717821,-0.16712924,-0.51635915
1591008940.21431947,0.73927260,-0.16687617,-0.52013081
1591008940.22667170,0.74219603,-0.16644332,-0.52294602
1591008940.23822689,0.74553833,-0.16693376,-0.52500900
1591008940.25066233,0.74894173,-0.16765458,-0.52654664
1591008940.26222730,0.75214790,-0.16775232,-0.52759209
1591008940.27462101,0.75524411,-0.16726886,-0.52821168
1591008940.28631425,0.75821815,-0.16602270,-0.52888538
1591008940.29870439,0.76113983,-0.16423374,-0.52978597
1591008940.31026864,0.76405802,-0.16241510,-0.53119619
1591008940.32260323,0.76683659,-0.16092459,-0.53351225
1591008940.33416152,0.76942666,-0.15983551,-0.53673936
1591008940.34651423,0.77165370,-0.15886685,-0.54096829
1591008940.35816145,0.77354738,-0.15785456,-0.54648004
1591008940.37054777,0.77513563,-0.15659094,-0.55331824
1591008940.38211894,0.77622646,-0.15502189,-0.56113208
1591008940.39476347,0.77670293,-0.15302000,-0.56997217
1591008940.40612197,0.77649698,-0.15079121,-0.57978616
1591008940.41868877,0.77573253,-0.14825001,-0.59039951
1591008940.43030548,0.77444099,-0.14521663,-0.60131654
1591008940.44253778,0.77285972,-0.14133502,-0.61188800
1591008940.45436597,0.77116849,-0.13653536,-0.62168279
1591008940.46665812,0.76939524,-0.13078625,-0.63025759
1591008940.47812605,0.76747363,-0.12422206,-0.63710626
1591008940.49053836,0.76547523,-0.11709414,-0.64282745
1591008940.50214744,0.76360249,-0.11092789,-0.64751890
1591008940.51480055,0.76174546,-0.10481924,-0.65136037
1591008940.52621436,0.76016594,-0.09746791,-0.65480739
1591008940.53859925,0.75937879,-0.08963313,-0.65800135
1591008940.55031967,0.75913270,-0.08107054,-0.66086718
1591008940.56269550,0.75916063,-0.07164577,-0.66325828
1591008940.57426977,0.75926360,-0.06233618,-0.66522526
1591008940.58661556,0.75924091,-0.05372822,-0.66744707
1591008940.59826374,0.75898959,-0.04609938,-0.67019945
1591008940.61063242,0.75861085,-0.03920533,-0.67358888
1591008940.62221217,0.75819197,-0.03382099,-0.67773229
1591008940.63461733,0.75767710,-0.03006155,-0.68249704
1591008940.64619923,0.75694232,-0.02697232,-0.68722339
1591008940.65854359,0.75616564,-0.02403144,-0.69158497
1591008940.67036605,0.75539072,-0.02182360,-0.69538455
1591008940.68253088,0.75451107,-0.02031563,-0.69834114
1591008940.69437671,0.75369949,-0.01899791,-0.70044950
1591008940.70672107,0.75307816,-0.01735555,-0.70151764
1591008940.71828842,0.75283206,-0.01524022,-0.70158047
1591008940.73064160,0.75322476,-0.01316851,-0.70137976
1591008940.74219680,0.75433305,-0.01137955,-0.70109178
1591008940.75461817,0.75602951,-0.00985413,-0.70068163
1591008940.76618910,0.75812565,-0.00863065,-0.70021562
1591008940.77858281,0.76032127,-0.00747175,-0.69973915
1591008940.79019761,0.76243312,-0.00637394,-0.69919286
1591008940.80254340,0.76451181,-0.00535816,-0.69859421
1591008940.81436729,0.76649450,-0.00426558,-0.69803920
1591008940.82671762,0.76821540,-0.00300022,-0.69788037
1591008940.83828282,0.76954883,-0.00131772,-0.69793797
1591008940.85062838,0.77060301,0.00111177,-0.69797462
1591008940.86219168,0.77150011,0.00359189,-0.69844411
1591008940.87463593,0.77230470,0.00576308,-0.69963617
1591008940.88625264,0.77300633,0.00730944,-0.70158571
1591008940.89866805,0.77358752,0.00841423,-0.70416530
1591008940.91022801,0.77393833,0.00963247,-0.70678679
1591008940.92255592,0.77398720,0.01091354,-0.70962818
1591008940.93411374,0.77377951,0.01203579,-0.71271742
1591008940.94671249,0.77351771,0.01266935,-0.71601958
1591008940.95827270,0.77323845,0.01298001,-0.71957482
1591008940.97060418,0.77282132,0.01334304,-0.72334647
1591008940.98221016,0.77226107,0.01451765,-0.72746545
1591008940.99456549,0.77156817,0.01637119,-0.73124583
1591008941.00614929,0.77099571,0.01903456,-0.73475569
1591008941.01849222,0.77087353,0.02182883,-0.73783969
1591008941.03013015,0.77115104,0.02432989,-0.74072995
1591008941.04273129,0.77130638,0.02644697,-0.74335493
1591008941.05429244,0.77116500,0.02842967,-0.74576348
1591008941.06670976,0.77072867,0.03018372,-0.74766938
1591008941.07827330,0.77017889,0.03189764,-0.74954212
1591008941.09066510,0.76958374,0.03340386,-0.75115829
1591008941.10225844,0.76909853,0.03519806,-0.75270466
1591008941.11459541,0.76866395,0.03721915,-0.75437319
1591008941.12632036,0.76827474,0.03956138,-0.75607663
1591008941.13866353,0.76813337,0.04206418,-0.75795635
1591008941.15023446,0.76830615,0.04437674,-0.76033698
1591008941.16257977,0.76855050,0.04637514,-0.76346810
1591008941.17414188,0.76869885,0.04850445,-0.76690815
1591008941.18652987,0.76870234,0.05102296,-0.77067282
1591008941.19836164,0.76857493,0.05380501,-0.77485463
1591008941.21071649,0.76833932,0.05659928,-0.77928078
1591008941.22228551,0.76797629,0.05936563,-0.78363014
1591008941.23462701,0.76745094,0.06189985,-0.78753445
1591008941.24619007,0.76685055,0.06426651,-0.79052943
1591008941.25853610,0.76625365,0.06672917,-0.79249642
1591008941.27035904,0.76566547,0.06881310,-0.79378098
1591008941.28270054,0.76488182,0.07034375,-0.79476535
1591008941.29432178,0.76388698,0.07168416,-0.79544253
1591008941.30668879,0.76269318,0.07297222,-0.79620175
1591008941.31824183,0.76124630,0.07458315,-0.79733098
1591008941.33058405,0.75955158,0.07674213,-0.79890352
1591008941.34214997,0.75755318,0.07919431,-0.80060173
1591008941.35470700,0.75532963,0.08155749,-0.80226852
1591008941.36612630,0.75310783,0.08367981,-0.80416743
1591008941.37869072,0.75092617,0.08541641,-0.80648174
1591008941.39035392,0.74876719,0.08683711,-0.80882921
1591008941.40271759,0.74668502,0.08866273,-0.81117493
1591008941.41429353,0.74470581,0.09070127,-0.81327456
1591008941.42671156,0.74278944,0.09267873,-0.81506527
1591008941.43836212,0.74087132,0.09465270,-0.81650517
1591008941.45068336,0.73894623,0.09649053,-0.81781067
1591008941.46230698,0.73704556,0.09804387,-0.81931515
1591008941.47471333,0.73520424,0.09938079,-0.82132228
1591008941.48628807,0.73354618,0.10056762,-0.82391583
1591008941.49871874,0.73204519,0.10135651,-0.82699809
1591008941.51034546,0.73057214,0.10187487,-0.83008208
1591008941.52270675,0.72898738,0.10225710,-0.83272800
1591008941.53426600,0.72720016,0.10247352,-0.83497599
1591008941.54666686,0.72509529,0.10264456,-0.83673877
1591008941.55823946,0.72285603,0.10301457,-0.83818739
1591008941.57057953,0.72065517,0.10353642,-0.83962903
1591008941.58219481,0.71850842,0.10426597,-0.84102181
1591008941.59454417,0.71633199,0.10485589,-0.84218420
1591008941.60620713,0.71417128,0.10514212,-0.84315983
1591008941.61867666,0.71204547,0.10532364,-0.84422449
1591008941.63024402,0.70990220,0.10553308,-0.84532753
1591008941.64260602,0.70765422,0.10592403,-0.84646200
1591008941.65415978,0.70545510,0.10648079,-0.84737655
1591008941.66661143,0.70348463,0.10697472,-0.84818289
1591008941.67825389,0.70193128,0.10725572,-0.84901716
1591008941.69061708,0.70101848,0.10727317,-0.85002247
1591008941.70227861,0.70066941,0.10707420,-0.85126340
1591008941.71463180,0.70081078,0.10684557,-0.85262999
1591008941.72619128,0.70133089,0.10685778,-0.85408385
1591008941.73853993,0.70195572,0.10724001,-0.85549931
1591008941.75035501,0.70265385,0.10784215,-0.85656745
1591008941.76269293,0.70362774,0.10858740,-0.85697237
1591008941.77425265,0.70507288,0.10944087,-0.85661981
1591008941.78658915,0.70709920,0.11018089,-0.85571399
1591008941.79818726,0.70964389,0.11098200,-0.85459698
1591008941.81053805,0.71273662,0.11232066,-0.85339445
1591008941.82235026,0.71621157,0.11377103,-0.85266839
1591008941.83469200,0.71960100,0.11521267,-0.85223380
1591008941.84626341,0.72259074,0.11698942,-0.85157407
1591008941.85861063,0.72524714,0.11882027,-0.85068046
1591008941.87027216,0.72756668,0.12019035,-0.84994044
1591008941.88263440,0.72951621,0.12135274,-0.84960883
1591008941.89421225,0.73100149,0.12257796,-0.84981303
1591008941.90659761,0.73195095,0.12384333,-0.85056178
1591008941.91816831,0.73250247,0.12484864,-0.85176954
1591008941.93050289,0.73289691,0.12551186,-0.85334732
1591008941.94232464,0.73308366,0.12568640,-0.85522006
1591008941.95468569,0.73299989,0.12561833,-0.85705964
1591008941.96625233,0.73266304,0.12511567,-0.85880322
1591008941.97866440,0.73213246,0.12451353,-0.86044383
1591008941.99023223,0.73154777,0.12406498,-0.86206001
1591008942.00260043,0.73098927,0.12362865,-0.86364651
1591008942.01415753,0.73055294,0.12313472,-0.86510910
1591008942.02655602,0.73046043,0.12253084,-0.86638668
1591008942.03811574,0.73066638,0.12190252,-0.86724014
1591008942.05072522,0.73097007,0.12162676,-0.86756652
1591008942.06228709,0.73142386,0.12191474,-0.86751241
1591008942.07462955,0.73197363,0.12275773,-0.86728029
1591008942.08619022,0.73259148,0.12377875,-0.86692598
1591008942.09853315,0.73314301,0.12478930,-0.86645125
1591008942.11013365,0.73356538,0.12545950,-0.86586308
1591008942.12248278,0.73405756,0.12563054,-0.86531330
1591008942.13434267,0.73435077,0.12546299,-0.86495900
1591008942.14673162,0.73436474,0.12514883,-0.86451045
1591008942.15834856,0.73415181,0.12466538,-0.86401652
1591008942.17071366,0.73380274,0.12361818,-0.86364476
1591008942.18226933,0.73334721,0.12168610,-0.86345278
1591008942.19462800,0.73281663,0.11904018,-0.86318923
1591008942.20633507,0.73240822,0.11671715,-0.86382453
1591008942.21871257,0.73210453,0.11437317,-0.86592067
1591008942.23028684,0.73175023,0.11203268,-0.86889297
1591008942.24263048,0.73134357,0.10996098,-0.87189319
1591008942.25419641,0.73104512,0.10794512,-0.87459147
1591008942.26654935,0.73091771,0.10586818,-0.87677662
1591008942.27836561,0.73103290,0.10384709,-0.87838058
1591008942.29057288,0.73141687,0.10168463,-0.87978906
1591008942.30232215,0.73199109,0.09913121,-0.88114867
1591008942.31461239,0.73253389,0.09599834,-0.88227615
1591008942.32619071,0.73303654,0.09251118,-0.88292891
1591008942.33853769,0.73365788,0.08887566,-0.88332684
1591008942.35035634,0.73438568,0.08513716,-0.88374223
1591008942.36271644,0.73494942,0.08141437,-0.88460791
1591008942.37439203,0.73528627,0.07751182,-0.88574587
1591008942.38682318,0.73556378,0.07356912,-0.88694666
1591008942.39837050,0.73585001,0.06949203,-0.88805319
1591008942.41067600,0.73624969,0.06504319,-0.88904803
1591008942.42228103,0.73678725,0.06005852,-0.89019471
1591008942.43478036,0.73726896,0.05491678,-0.89136757
1591008942.44631410,0.73766864,0.05004906,-0.89247411
1591008942.45852971,0.73796186,0.04537332,-0.89344452
1591008942.47012663,0.73818352,0.04074995,-0.89438699
1591008942.48258543,0.73845753,0.03622954,-0.89506942
1591008942.49419260,0.73872108,0.03173707,-0.89515494
1591008942.50657105,0.73917835,0.02746974,-0.89445681
1591008942.51831961,0.73998644,0.02326175,-0.89297502
1591008942.53053403,0.74113138,0.01883559,-0.89112323
1591008942.54213834,0.74256429,0.01430646,-0.88886652
1591008942.55453110,0.74418047,0.00986635,-0.88630437
1591008942.56620383,0.74593801,0.00532674,-0.88367591
1591008942.57860136,0.74784915,0.00023562,-0.88106839
1591008942.59027743,0.74987722,-0.00541925,-0.87849054
1591008942.60267711,0.75181628,-0.01147554,-0.87576608
1591008942.61430979,0.75344118,-0.01787217,-0.87271873
1591008942.62660718,0.75472575,-0.02424088,-0.86952478
1591008942.63822198,0.75555478,-0.03049090,-0.86605157
1591008942.65066862,0.75582705,-0.03651752,-0.86221883
1591008942.66227674,0.75556001,-0.04232598,-0.85800211
1591008942.67472482,0.75477462,-0.04793896,-0.85355153
1591008942.68631983,0.75331029,-0.05362350,-0.84910094
1591008942.69869566,0.75104659,-0.05936039,-0.84491564
1591008942.71029449,0.74819647,-0.06494370,-0.84110558
1591008942.72270775,0.74516134,-0.07042229,-0.83755558
1591008942.73431802,0.74230947,-0.07604225,-0.83414172
1591008942.74668908,0.73982064,-0.08185071,-0.83075927
1591008942.75828505,0.73767737,-0.08755968,-0.82749201
1591008942.77067161,0.73566850,-0.09310459,-0.82453368
1591008942.78226376,0.73373816,-0.09851162,-0.82198550
1591008942.79465175,0.73196316,-0.10359576,-0.81976893
1591008942.80631876,0.73039062,-0.10849665,-0.81784558
1591008942.81876087,0.72895072,-0.11314097,-0.81611072
1591008942.83036661,0.72749163,-0.11742052,-0.81420133
1591008942.84275532,0.72587545,-0.12139289,-0.81209821
1591008942.85433316,0.72402715,-0.12532686,-0.80978914
1591008942.86651039,0.72201304,-0.12939173,-0.80726714
1591008942.87832189,0.71993435,-0.13361717,-0.80439084
1591008942.89071417,0.71794991,-0.13738359,-0.80093334
1591008942.90231061,0.71637214,-0.14057231,-0.79695050
1591008942.91469955,0.71529003,-0.14350621,-0.79277742
1591008942.92633224,0.71460063,-0.14622718,-0.78833032
1591008942.93871617,0.71418873,-0.14898480,-0.78350448
1591008942.95030451,0.71376287,-0.15175114,-0.77836972
1591008942.96268296,0.71305601,-0.15442150,-0.77303774
1591008942.97428751,0.71219731,-0.15687019,-0.76768482
1591008942.98667264,0.71129148,-0.15872199,-0.76210151
1591008942.99827147,0.71053576,-0.15971857,-0.75643442
1591008943.01065087,0.71009244,-0.16007811,-0.75127174
1591008943.02227426,0.70960550,-0.16033642,-0.74672341
1591008943.03465915,0.70846580,-0.16122304,-0.74234438
1591008943.04626751,0.70652324,-0.16270657,-0.73773497
1591008943.05864453,0.70399252,-0.16443969,-0.73258275
1591008943.07023263,0.70202728,-0.16614662,-0.72829972
1591008943.08260703,0.70150368,-0.16792336,-0.72508133
1591008943.09418440,0.70229431,-0.16983799,-0.72200257
1591008943.10656548,0.70411818,-0.17196904,-0.71852587
1591008943.11826229,0.70655117,-0.17431301,-0.71401769
1591008943.13068295,0.70923025,-0.17671110,-0.70828079
1591008943.14231110,0.71209084,-0.17889625,-0.70146179
1591008943.15470028,0.71568099,-0.18027855,-0.69531474
1591008943.16629744,0.71936887,-0.18312867,-0.68803672
1591008943.17851925,0.72256980,-0.18575539,-0.67905525
1591008943.19031763,0.72579866,-0.18793531,-0.67038620
1591008943.20270777,0.72942894,-0.18937171,-0.66309422
1591008943.21455240,0.73307319,-0.19053759,-0.65667490
1591008943.22677493,0.73657083,-0.19105421,-0.65055577
1591008943.23829365,0.74001611,-0.19132474,-0.64487472
1591008943.25067639,0.74348408,-0.19175583,-0.63978709
1591008943.26227188,0.74696427,-0.19249411,-0.63539933
1591008943.27474236,0.75028912,-0.19336677,-0.63169225
1591008943.28633785,0.75340628,-0.19431798,-0.62886831
1591008943.29871774,0.75624767,-0.19550306,-0.62710553
1591008943.31036830,0.75856547,-0.19648742,-0.62607055
1591008943.32277989,0.76023924,-0.19698659,-0.62525199
1591008943.33438611,0.76115030,-0.19715414,-0.62442121
