1591242483.85667634,5.73878919,0.09755169,-0.10499726
1591242483.86815572,5.73895674,0.09991486,-0.10706199
1591242483.88048482,5.73878570,0.10375284,-0.10999065
1591242483.89207959,5.73841918,0.10847919,-0.11384783
1591242483.90446854,5.73787813,0.11324220,-0.11851135
1591242483.91609526,5.73696183,0.11807851,-0.12435471
1591242483.92842698,5.73579246,0.12230220,-0.13124701
1591242483.94021749,5.73418675,0.12574399,-0.13902071
1591242483.95259714,5.73176075,0.12837071,-0.14763915
1591242483.96415210,5.72845160,0.13029581,-0.15593819
1591242483.97645330,5.72439720,0.13179330,-0.16252855
1591242483.98802042,5.71986284,0.13349849,-0.16691282
1591242484.00058818,5.71556060,0.13576567,-0.16901070
1591242484.01213622,5.71201933,0.13849886,-0.16847314
1591242484.02443528,5.70964219,0.14155667,-0.16559509
1591242484.03625345,5.70844838,0.14478553,-0.16101360
1591242484.04856372,5.70803823,0.14800916,-0.15549313
1591242484.06010103,5.70818484,0.15110712,-0.14993251
1591242484.07242846,5.70879396,0.15419460,-0.14490073
1591242484.08421040,5.70958110,0.15743393,-0.14058278
1591242484.09656501,5.71019895,0.16099790,-0.13707641
1591242484.10809016,5.71064226,0.16459851,-0.13407445
1591242484.12040210,5.71111525,0.16807695,-0.13172174
1591242484.13218784,5.71150446,0.17123425,-0.13001132
1591242484.14449954,5.71159870,0.17401980,-0.12905314
1591242484.15603375,5.71155507,0.17645977,-0.12862902
1591242484.16861486,5.71175578,0.17878804,-0.12878785
1591242484.18015099,5.71233698,0.18098715,-0.12947201
1591242484.19251132,5.71332833,0.18336778,-0.13045114
1591242484.20405388,5.71476648,0.18619172,-0.13159783
1591242484.21637535,5.71659384,0.18976267,-0.13285970
1591242484.22816229,5.71895352,0.19376122,-0.13428040
1591242484.24046278,5.72207417,0.19755033,-0.13657550
1591242484.25205255,5.72571493,0.20070414,-0.14061420
1591242484.26461434,5.72919686,0.20308826,-0.14673681
1591242484.27615261,5.73185849,0.20466080,-0.15419809
1591242484.28846383,5.73334551,0.20547063,-0.16214109
1591242484.30003715,5.73383769,0.20591918,-0.16978737
1591242484.31261206,5.73367537,0.20654575,-0.17628698
1591242484.32415295,5.73309418,0.20771512,-0.18101508
1591242484.33646131,5.73237510,0.20986013,-0.18352661
1591242484.34824944,5.73184801,0.21288304,-0.18359293
1591242484.36057377,5.73169966,0.21646970,-0.18133622
1591242484.37210608,5.73186198,0.22014536,-0.17732720
1591242484.38441682,5.73221977,0.22360635,-0.17185734
1591242484.39618754,5.73281493,0.22667987,-0.16521287
1591242484.40856385,5.73371377,0.22921409,-0.15782489
1591242484.42009926,5.73488314,0.23118980,-0.15011577
1591242484.43240857,5.73635969,0.23253196,-0.14252533
1591242484.44418883,5.73814516,0.23303287,-0.13522462
1591242484.45649743,5.74001266,0.23256338,-0.12841085
1591242484.46802711,5.74193602,0.23135212,-0.12227777
1591242484.48057055,5.74390649,0.22956316,-0.11706796
1591242484.49209476,5.74589791,0.22731866,-0.11275176
1591242484.50452352,5.74798358,0.22449472,-0.10914242
1591242484.51608515,5.75014255,0.22098661,-0.10606191
1591242484.52840352,5.75226488,0.21697584,-0.10343868
1591242484.54019499,5.75442908,0.21279054,-0.10116277
1591242484.55258083,5.75669452,0.20878152,-0.09913994
1591242484.56413889,5.75893378,0.20505873,-0.09701936
1591242484.57644057,5.76109624,0.20167105,-0.09461779
1591242484.58826399,5.76306497,0.19879126,-0.09188635
1591242484.60063958,5.76467940,0.19640365,-0.08888089
1591242484.61216784,5.76616119,0.19431274,-0.08573581
1591242484.62458277,5.76758188,0.19237543,-0.08262040
1591242484.63610578,5.76893801,0.19034386,-0.07963065
1591242484.64841366,5.77034823,0.18809762,-0.07672991
1591242484.66019702,5.77183525,0.18589327,-0.07413810
1591242484.67256355,5.77343397,0.18348123,-0.07187091
1591242484.68411541,5.77516883,0.18065205,-0.06984110
1591242484.69642687,5.77712360,0.17748428,-0.06808180
1591242484.70826936,5.77920578,0.17395348,-0.06662969
1591242484.72058868,5.78139268,0.17023592,-0.06564183
1591242484.73214293,5.78356386,0.16648172,-0.06493497
1591242484.74443626,5.78538948,0.16283049,-0.06464525
1591242484.75622845,5.78692711,0.15957545,-0.06456322
1591242484.76854825,5.78833909,0.15667995,-0.06442185
1591242484.78007030,5.78960445,0.15411955,-0.06435203
1591242484.79263949,5.79078604,0.15199549,-0.06423335
1591242484.80420303,5.79184545,0.15000581,-0.06391745
1591242484.81651425,5.79303228,0.14797774,-0.06369579
1591242484.82803917,5.79430986,0.14588160,-0.06365216
1591242484.84059286,5.79538673,0.14374532,-0.06372197
1591242484.85214329,5.79617387,0.14169281,-0.06384938
1591242484.86445165,5.79689294,0.13966125,-0.06390349
1591242484.87601686,5.79745843,0.13789497,-0.06391047
1591242484.88857388,5.79780226,0.13629451,-0.06385985
1591242484.90008664,5.79799250,0.13480400,-0.06378480
1591242484.91255188,5.79795585,0.13355609,-0.06373593
1591242484.92414212,5.79778830,0.13270087,-0.06362074
1591242484.93643594,5.79745145,0.13185788,-0.06327342
1591242484.94825315,5.79705177,0.13091715,-0.06284756
1591242484.96038342,5.79675506,0.12981934,-0.06238679
1591242484.97216415,5.79662765,0.12841435,-0.06185970
1591242484.98445177,5.79677252,0.12682784,-0.06122091
1591242484.99621439,5.79718965,0.12533384,-0.06057165
1591242485.00854421,5.79775514,0.12392361,-0.05993461
1591242485.02009916,5.79842011,0.12263032,-0.05942497
1591242485.03240013,5.79921598,0.12141557,-0.05896420
1591242485.04417682,5.80006246,0.12031951,-0.05875651
1591242485.05648232,5.80091418,0.11937528,-0.05864830
1591242485.06826925,5.80181303,0.11838917,-0.05867971
1591242485.08057427,5.80286895,0.11729485,-0.05901307
1591242485.09209657,5.80415351,0.11599109,-0.05969724
1591242485.10457540,5.80551313,0.11445346,-0.06080029
1591242485.11619353,5.80686750,0.11263657,-0.06261194
1591242485.12859488,5.80833881,0.11055090,-0.06498908
1591242485.14023447,5.80981536,0.10824881,-0.06770132
1591242485.15265036,5.81122384,0.10586993,-0.07047465
1591242485.16403842,5.81262883,0.10348406,-0.07308392
1591242485.17640209,5.81389071,0.10129367,-0.07547153
1591242485.18822646,5.81505833,0.09934589,-0.07760607
1591242485.20062017,5.81632719,0.09772273,-0.07943692
1591242485.21229100,5.81754368,0.09667030,-0.08090299
1591242485.22439194,5.81861531,0.09610132,-0.08181754
1591242485.23628855,5.81961539,0.09573131,-0.08231671
1591242485.24842358,5.82052470,0.09549220,-0.08262912
1591242485.26004767,5.82133977,0.09500002,-0.08293106
1591242485.27248287,5.82196111,0.09470855,-0.08372519
1591242485.28407407,5.82244806,0.09434203,-0.08466592
1591242485.29642057,5.82285123,0.09369975,-0.08543561
1591242485.30826879,5.82330327,0.09299463,-0.08616516
1591242485.32042384,5.82376578,0.09246056,-0.08685631
1591242485.33206701,5.82424574,0.09208881,-0.08734151
1591242485.34443474,5.82483567,0.09202248,-0.08772548
1591242485.35602832,5.82560361,0.09208183,-0.08802394
1591242485.36864066,5.82660368,0.09216386,-0.08825257
1591242485.38024902,5.82770848,0.09223367,-0.08842536
1591242485.39259958,5.82870855,0.09221098,-0.08842013
1591242485.40415812,5.82956551,0.09210626,-0.08827352
1591242485.41656852,5.83034567,0.09198583,-0.08803092
1591242485.42816305,5.83114154,0.09169436,-0.08780402
1591242485.44052482,5.83204388,0.09142733,-0.08767836
1591242485.45209599,5.83301428,0.09102765,-0.08763124
1591242485.46443939,5.83395152,0.09060528,-0.08766963
1591242485.47629046,5.83485909,0.09023003,-0.08778133
1591242485.48863316,5.83562006,0.08993507,-0.08796634
1591242485.50020862,5.83620300,0.08968025,-0.08803092
1591242485.51256347,5.83666027,0.08937657,-0.08804662
1591242485.52415800,5.83693952,0.08913920,-0.08788082
1591242485.53652096,5.83721703,0.08914618,-0.08769232
1591242485.54807019,5.83753294,0.08952841,-0.08748288
1591242485.56049490,5.83782790,0.09011659,-0.08728566
1591242485.57206368,5.83813158,0.09081123,-0.08722283
1591242485.58441234,5.83836371,0.09123534,-0.08728915
1591242485.59623504,5.83851381,0.09129468,-0.08744274
1591242485.60867453,5.83856268,0.09130341,-0.08782322
1591242485.62003851,5.83853650,0.09144827,-0.08826305
1591242485.63239884,5.83829564,0.09168738,-0.08845503
1591242485.64425516,5.83799894,0.09190031,-0.08852310
1591242485.65658379,5.83793960,0.09199281,-0.08861386
1591242485.66811800,5.83817696,0.09187762,-0.08873254
1591242485.68043828,5.83864297,0.09158615,-0.08894198
1591242485.69221044,5.83931492,0.09113411,-0.08942194
1591242485.70458269,5.83992404,0.09073094,-0.09027017
1591242485.71614218,5.84044240,0.09007121,-0.09122836
1591242485.72844625,5.84091364,0.08953888,-0.09232617
1591242485.74022150,5.84130983,0.08900830,-0.09315695
1591242485.75251436,5.84171474,0.08843060,-0.09366484
1591242485.76404500,5.84211443,0.08819323,-0.09399994
1591242485.77658129,5.84246349,0.08832239,-0.09399471
1591242485.78808928,5.84288237,0.08853532,-0.09368927
1591242485.80064106,5.84351767,0.08879886,-0.09340828
1591242485.81215906,5.84428736,0.08890882,-0.09327389
1591242485.82464719,5.84506054,0.08875697,-0.09363168
1591242485.83620763,5.84574122,0.08812516,-0.09424429
1591242485.84855175,5.84623515,0.08710415,-0.09498605
1591242485.86009312,5.84651964,0.08602553,-0.09572258
1591242485.87240148,5.84669242,0.08518428,-0.09628458
1591242485.88417459,5.84683554,0.08469908,-0.09674011
1591242485.89647460,5.84705894,0.08455597,-0.09704729
1591242485.90826416,5.84722475,0.08481951,-0.09710314
1591242485.92052960,5.84727536,0.08520872,-0.09677502
1591242485.93216133,5.84728235,0.08567996,-0.09603674
1591242485.94453192,5.84714795,0.08621577,-0.09521644
1591242485.95605588,5.84685648,0.08670272,-0.09434901
1591242485.96864939,5.84631892,0.08726821,-0.09347634
1591242485.98004270,5.84552480,0.08812691,-0.09260193
1591242485.99261713,5.84450204,0.08930675,-0.09194045
1591242486.00415826,5.84329776,0.09064367,-0.09133133
1591242486.01646256,5.84200447,0.09203994,-0.09080948
1591242486.02808690,5.84037433,0.09380098,-0.09025098
1591242486.04050064,5.83856617,0.09571211,-0.08891405
1591242486.05203295,5.83684179,0.09762674,-0.08728217
1591242486.06439638,5.83523957,0.09942268,-0.08540769
1591242486.07617736,5.83374557,0.10130589,-0.08379151
1591242486.08848810,5.83216954,0.10331302,-0.08217883
1591242486.10002732,5.83025491,0.10554530,-0.08003033
1591242486.11260176,5.82810641,0.10759955,-0.07743677
1591242486.12416720,5.82619877,0.10911449,-0.07481179
1591242486.13647485,5.82446566,0.11018787,-0.07231423
1591242486.14825463,5.82286868,0.11079699,-0.07000690
1591242486.16055942,5.82154572,0.11132234,-0.06798581
1591242486.17208624,5.82054565,0.11159286,-0.06634171
1591242486.18463922,5.81961190,0.11161730,-0.06481106
1591242486.19615459,5.81883348,0.11145498,-0.06338687
1591242486.20847464,5.81815804,0.11044094,-0.06225589
1591242486.22025919,5.81678970,0.10956653,-0.06126629
1591242486.23262691,5.81524857,0.10866944,-0.06048613
1591242486.24417424,5.81408793,0.10739709,-0.05990145
1591242486.25647283,5.81319781,0.10543010,-0.05925044
1591242486.26827192,5.81193070,0.10452602,-0.05941275
1591242486.28058600,5.81027089,0.10429215,-0.05993286
1591242486.29210210,5.80855523,0.10370048,-0.05914397
1591242486.30454302,5.80696524,0.10344392,-0.05836032
1591242486.31609464,5.80548171,0.10342298,-0.05820324
1591242486.32843256,5.80391615,0.10354166,-0.05838650
1591242486.34022641,5.80229648,0.10348057,-0.05909336
1591242486.35254002,5.80093338,0.10291858,-0.06043203
1591242486.36415100,5.79985477,0.10205464,-0.06225240
1591242486.37644768,5.79870809,0.10095159,-0.06429967
1591242486.38826728,5.79737291,0.09971590,-0.06591236
1591242486.40056467,5.79575673,0.09855525,-0.06652148
1591242486.41208196,5.79401141,0.09748187,-0.06603977
1591242486.42464113,5.79244061,0.09680992,-0.06474997
1591242486.43620348,5.79112812,0.09638232,-0.06285803
1591242486.44851279,5.79003206,0.09595995,-0.06069382
1591242486.46004415,5.78895344,0.09584650,-0.05823815
1591242486.47258759,5.78780851,0.09601231,-0.05558874
1591242486.48412824,5.78646286,0.09655685,-0.05252219
1591242486.49642515,5.78476989,0.09739635,-0.04889714
1591242486.50819659,5.78291286,0.09852035,-0.04507487
1591242486.52047801,5.78085511,0.09995152,-0.04158771
1591242486.53203988,5.77864378,0.10124655,-0.03819653
1591242486.54459667,5.77636787,0.10249446,-0.03493102
1591242486.55611205,5.77425602,0.10342996,-0.03212802
1591242486.56841612,5.77229253,0.10412809,-0.02992367
1591242486.58020520,5.77052626,0.10469008,-0.02842792
1591242486.59256935,5.76882456,0.10519274,-0.02758493
1591242486.60410404,5.76710017,0.10566921,-0.02740341
1591242486.61639690,5.76549098,0.10620328,-0.02765998
1591242486.62817001,5.76399174,0.10679146,-0.02817660
1591242486.64052439,5.76251519,0.10726270,-0.02878921
1591242486.65206742,5.76123063,0.10747214,-0.02945941
1591242486.66440463,5.76023230,0.10745992,-0.03016278
1591242486.67618299,5.75945563,0.10761526,-0.03095690
1591242486.68862391,5.75894949,0.10786135,-0.03174754
1591242486.70022130,5.75872783,0.10832211,-0.03254690
1591242486.71250987,5.75887095,0.10890156,-0.03333230
1591242486.72403431,5.75928633,0.10946705,-0.03417180
1591242486.73662233,5.75979597,0.11016344,-0.03500607
1591242486.74816561,5.76033004,0.11100643,-0.03578274
1591242486.76049209,5.76084666,0.11188084,-0.03644073
1591242486.77228069,5.76131092,0.11268544,-0.03681947
1591242486.78465247,5.76174550,0.11337135,-0.03699051
1591242486.79617429,5.76207188,0.11387226,-0.03715282
1591242486.80846882,5.76234415,0.11413581,-0.03742859
1591242486.82025242,5.76244189,0.11404679,-0.03764850
1591242486.83255696,5.76230052,0.11393335,-0.03776020
1591242486.84409261,5.76201778,0.11405727,-0.03765199
1591242486.85641003,5.76172805,0.11442902,-0.03732212
1591242486.86819386,5.76152908,0.11507305,-0.03681947
1591242486.88049316,5.76131615,0.11588986,-0.03638662
1591242486.89227772,5.76104737,0.11667526,-0.03589619
1591242486.90449762,5.76080303,0.11737863,-0.03535513
1591242486.91604781,5.76066689,0.11795633,-0.03495894
1591242486.92861366,5.76059010,0.11857767,-0.03485946
1591242486.94026065,5.76053075,0.11904193,-0.03506366
1591242486.95259213,5.76051156,0.11929325,-0.03533768
1591242486.96414351,5.76053075,0.11937703,-0.03559250
1591242486.97643423,5.76044174,0.11953760,-0.03591713
1591242486.98823071,5.76023754,0.11989539,-0.03646342
1591242487.00054264,5.76007173,0.12028809,-0.03677234
1591242487.01206398,5.75996003,0.12060574,-0.03681423
1591242487.02463293,5.75989371,0.12067381,-0.03680899
1591242487.03615904,5.75992338,0.12057956,-0.03698004
1591242487.04844999,5.76002635,0.12050975,-0.03732038
1591242487.06023669,5.76013107,0.12049230,-0.03779860
1591242487.07255077,5.76004032,0.12048182,-0.03833092
1591242487.08415461,5.75976630,0.12033173,-0.03870442
1591242487.09649181,5.75934219,0.12019035,-0.03895226
1591242487.10829711,5.75892156,0.11998615,-0.03912330
1591242487.12060547,5.75862835,0.11979765,-0.03927689
1591242487.13218760,5.75853235,0.11952887,-0.03935543
1591242487.14456606,5.75871387,0.11920250,-0.03938685
1591242487.15610337,5.75913449,0.11879584,-0.03949331
1591242487.16841006,5.75969125,0.11839092,-0.03979176
1591242487.18020558,5.76037018,0.11786907,-0.04030663
1591242487.19257236,5.76108053,0.11729136,-0.04106062
1591242487.20410299,5.76169314,0.11673286,-0.04189837
1591242487.21641970,5.76220802,0.11618133,-0.04277802
1591242487.22819376,5.76272812,0.11555650,-0.04370828
1591242487.24053240,5.76337215,0.11489328,-0.04474326
1591242487.25207210,5.76408250,0.11415850,-0.04587423
1591242487.26464415,5.76471954,0.11339230,-0.04681846
1591242487.27616286,5.76523442,0.11260864,-0.04751135
1591242487.28846288,5.76567249,0.11192971,-0.04793721
1591242487.30023074,5.76607218,0.11138342,-0.04826534
1591242487.31253028,5.76625893,0.11084412,-0.04850270
1591242487.32404327,5.76612279,0.11044444,-0.04862836
1591242487.33660340,5.76572485,0.11013202,-0.04845732
1591242487.34810901,5.76520300,0.10981263,-0.04808731
1591242487.36043382,5.76465322,0.10953163,-0.04763876
1591242487.37222219,5.76404061,0.10953861,-0.04721988
1591242487.38453650,5.76324300,0.10979343,-0.04672246
1591242487.39604735,5.76240349,0.11013377,-0.04613254
1591242487.40861297,5.76170536,0.11046014,-0.04553215
1591242487.42014480,5.76106483,0.11082317,-0.04500331
1591242487.43244600,5.76053948,0.11105006,-0.04458095
1591242487.44428587,5.76015027,0.11121238,-0.04438372
1591242487.45658016,5.75991814,0.11117573,-0.04440816
1591242487.46810865,5.75967031,0.11109021,-0.04458095
1591242487.48047829,5.75930553,0.11096629,-0.04464727
1591242487.49227333,5.75885349,0.11088251,-0.04435754
1591242487.50444508,5.75825310,0.11116526,-0.04362450
1591242487.51605654,5.75768936,0.11173947,-0.04249179
1591242487.52843213,5.75759860,0.11238350,-0.04119675
1591242487.54029298,5.75801224,0.11298040,-0.04020890
1591242487.55267024,5.75874528,0.11345164,-0.03985459
1591242487.56428242,5.75955861,0.11379896,-0.04018446
1591242487.57642221,5.76031084,0.11395778,-0.04118104
1591242487.58828139,5.76109624,0.11387401,-0.04255811
1591242487.60064673,5.76196716,0.11352843,-0.04415683
1591242487.61218977,5.76282761,0.11306068,-0.04570494
1591242487.62454510,5.76356588,0.11243062,-0.04696681
1591242487.63611317,5.76409472,0.11181626,-0.04776617
1591242487.64851451,5.76458515,0.11135550,-0.04815189
1591242487.66009831,5.76507559,0.11102214,-0.04815712
1591242487.67247081,5.76540895,0.11080572,-0.04795816
1591242487.68428898,5.76557999,0.11069227,-0.04775395
1591242487.69664240,5.76565155,0.11052996,-0.04770159
1591242487.70821023,5.76559395,0.11021405,-0.04789358
1591242487.72055340,5.76515762,0.10991735,-0.04813618
1591242487.73225069,5.76437921,0.10973932,-0.04827930
1591242487.74447012,5.76349432,0.10962762,-0.04818505
1591242487.75628614,5.76256930,0.10951417,-0.04770858
1591242487.76860285,5.76161460,0.10943040,-0.04693016
1591242487.78015137,5.76065642,0.10937280,-0.04595976
1591242487.79244518,5.75977852,0.10933266,-0.04479388
1591242487.80422735,5.75900708,0.10934837,-0.04356691
1591242487.81652641,5.75861962,0.10935186,-0.04232773
1591242487.82805228,5.75852188,0.10945832,-0.04115137
1591242487.84063554,5.75827753,0.10963984,-0.04015654
1591242487.85219359,5.75788484,0.10988768,-0.03949331
1591242487.86451387,5.75751657,0.11007268,-0.03911283
1591242487.87604642,5.75719718,0.11008664,-0.03906745
1591242487.88861871,5.75697203,0.10999589,-0.03935019
1591242487.90016413,5.75689872,0.10987371,-0.03984587
1591242487.91246772,5.75695108,0.10971489,-0.04046022
1591242487.92426395,5.75708373,0.10959271,-0.04114265
1591242487.93658113,5.75732458,0.10952988,-0.04169243
1591242487.94816566,5.75767889,0.10944262,-0.04214796
1591242487.96050000,5.75828975,0.10943389,-0.04264014
1591242487.97204804,5.75909086,0.10935535,-0.04321261
1591242487.98465371,5.75974885,0.10922794,-0.04378857
1591242487.99620700,5.76021660,0.10907610,-0.04440816
1591242488.00853014,5.76063024,0.10894345,-0.04506615
1591242488.02015615,5.76097930,0.10875321,-0.04578697
1591242488.03247166,5.76118874,0.10851236,-0.04665440
1591242488.04426265,5.76122016,0.10825056,-0.04749041
1591242488.05666804,5.76113987,0.10797479,-0.04811873
1591242488.06822443,5.76095662,0.10781422,-0.04860742
1591242488.08064222,5.76040684,0.10786658,-0.04891460
1591242488.09217358,5.75961795,0.10815631,-0.04891809
1591242488.10451555,5.75879764,0.10877765,-0.04862313
1591242488.11617756,5.75802621,0.10959795,-0.04815712
1591242488.12851644,5.75741883,0.11056312,-0.04761084
1591242488.14004612,5.75699472,0.11160508,-0.04720767
1591242488.15243316,5.75677830,0.11259992,-0.04708026
1591242488.16423726,5.75671197,0.11355112,-0.04740663
1591242488.17654681,5.75674863,0.11442030,-0.04821996
1591242488.18806911,5.75685858,0.11505734,-0.04963193
1591242488.20065212,5.75691618,0.11552160,-0.05151514
1591242488.21218371,5.75687080,0.11584797,-0.05359208
1591242488.22448778,5.75687254,0.11593873,-0.05558525
1591242488.23628592,5.75691443,0.11601902,-0.05739690
1591242488.24867105,5.75689000,0.11614468,-0.05893104
1591242488.26020265,5.75681146,0.11624067,-0.05986479
1591242488.27251220,5.75666834,0.11643615,-0.06035174
1591242488.28428960,5.75648334,0.11669970,-0.06055594
1591242488.29661036,5.75635942,0.11689692,-0.06057165
1591242488.30815816,5.75621456,0.11700338,-0.06048788
1591242488.32046509,5.75606097,0.11703131,-0.06049835
1591242488.33204889,5.75590912,0.11702084,-0.06062925
1591242488.34462929,5.75581837,0.11703131,-0.06086312
1591242488.35617661,5.75573284,0.11706272,-0.06115459
1591242488.36851072,5.75549723,0.11719188,-0.06140243
1591242488.38004351,5.75518656,0.11731405,-0.06157871
1591242488.39260793,5.75488811,0.11736117,-0.06158918
1591242488.40414906,5.75464550,0.11731580,-0.06136229
1591242488.41645074,5.75439941,0.11721631,-0.06085614
1591242488.42822433,5.75420917,0.11719886,-0.06011787
1591242488.44052458,5.75413761,0.11733674,-0.05921204
1591242488.45209241,5.75416379,0.11775562,-0.05814564
1591242488.46467519,5.75413412,0.11843979,-0.05703736
1591242488.47620988,5.75412540,0.11935609,-0.05610186
1591242488.48852396,5.75445177,0.12039107,-0.05568124
1591242488.50005245,5.75506962,0.12150982,-0.05601111
1591242488.51262236,5.75579219,0.12249244,-0.05704085
1591242488.52416706,5.75657235,0.12312251,-0.05847726
1591242488.53651786,5.75733331,0.12345586,-0.06013881
1591242488.54805422,5.75801574,0.12353790,-0.06168517
1591242488.56048965,5.75857948,0.12338605,-0.06292086
1591242488.57229519,5.75903152,0.12313472,-0.06379702
1591242488.58460093,5.75945912,0.12296543,-0.06426302
1591242488.59616137,5.75982739,0.12283453,-0.06436425
1591242488.60849047,5.76015900,0.12269141,-0.06410594
1591242488.62028337,5.76042429,0.12257796,-0.06366263
1591242488.63257432,5.76073321,0.12258844,-0.06318266
1591242488.64409447,5.76107181,0.12260763,-0.06284233
1591242488.65645003,5.76116780,0.12266174,-0.06272364
1591242488.66825891,5.76099676,0.12282056,-0.06281265
1591242488.68057871,5.76070005,0.12313298,-0.06294704
1591242488.69209814,5.76037018,0.12349601,-0.06305176
1591242488.70464110,5.75996003,0.12387998,-0.06302733
1591242488.71620917,5.75950276,0.12426046,-0.06281265
1591242488.72861767,5.75900534,0.12468981,-0.06249151
1591242488.74021673,5.75852537,0.12497779,-0.06194523
1591242488.75254726,5.75820947,0.12521516,-0.06120172
1591242488.76421332,5.75805762,0.12531115,-0.06037792
1591242488.77646589,5.75793894,0.12537747,-0.05965884
1591242488.78829312,5.75783073,0.12540540,-0.05906892
1591242488.80061746,5.75772601,0.12538620,-0.05862386
1591242488.81217313,5.75757242,0.12546648,-0.05818055
1591242488.82448244,5.75747817,0.12570036,-0.05777738
1591242488.83629107,5.75751483,0.12594296,-0.05737072
1591242488.84862995,5.75774346,0.12621872,-0.05707925
1591242488.86024570,5.75804366,0.12649448,-0.05710717
1591242488.87262797,5.75812569,0.12686973,-0.05762903
1591242488.88429260,5.75794418,0.12719261,-0.05842664
1591242488.89662981,5.75758638,0.12750154,-0.05930280
1591242488.90822291,5.75714482,0.12766734,-0.06002711
1591242488.92054081,5.75671197,0.12776683,-0.06037792
1591242488.93229842,5.75645541,0.12772843,-0.06025400
1591242488.94460988,5.75650777,0.12757833,-0.05974960
1591242488.95615745,5.75682368,0.12741078,-0.05902704
1591242488.96845078,5.75742756,0.12725894,-0.05825211
1591242488.98025441,5.75825834,0.12702332,-0.05762728
1591242488.99257040,5.75896694,0.12663760,-0.05733058
1591242489.00410008,5.75954290,0.12601277,-0.05737770
1591242489.01665235,5.76009966,0.12510869,-0.05771978
1591242489.02829313,5.76061453,0.12401612,-0.05825909
1591242489.04065418,5.76107704,0.12287292,-0.05895373
1591242489.05219388,5.76145054,0.12170879,-0.05962917
1591242489.06462407,5.76172805,0.12074362,-0.06022957
1591242489.07616305,5.76194796,0.11998440,-0.06078458
1591242489.08845520,5.76192353,0.11944335,-0.06131865
1591242489.10030150,5.76161111,0.11905763,-0.06158394
1591242489.11263704,5.76125681,0.11892324,-0.06162059
1591242489.12416625,5.76089378,0.11913792,-0.06139545
1591242489.13653302,5.76033353,0.11953062,-0.06084916
1591242489.14805317,5.75972965,0.12011530,-0.06018593
1591242489.16065764,5.75918511,0.12063541,-0.05946860
1591242489.17218304,5.75872259,0.12099495,-0.05884552
1591242489.18447614,5.75835782,0.12109618,-0.05835334
1591242489.19628477,5.75807857,0.12108745,-0.05806885
1591242489.20867467,5.75794592,0.12108571,-0.05793795
1591242489.22022200,5.75795988,0.12112061,-0.05787337
1591242489.23252845,5.75798781,0.12114330,-0.05785068
1591242489.24430275,5.75800003,0.12119741,-0.05794842
1591242489.25660253,5.75815885,0.12114679,-0.05829574
1591242489.26818037,5.75842763,0.12098971,-0.05888217
1591242489.28048444,5.75876274,0.12057956,-0.05980196
1591242489.29228354,5.75911878,0.12005073,-0.06109525
1591242489.30459166,5.75959351,0.11948873,-0.06285454
1591242489.31610894,5.76011537,0.11885518,-0.06513569
1591242489.32847786,5.76052203,0.11808723,-0.06800675
1591242489.34031248,5.76088506,0.11660196,-0.07145552
1591242489.35246897,5.76109101,0.11442379,-0.07524987
1591242489.36407852,5.76094440,0.11170107,-0.07936885
1591242489.37668252,5.76052377,0.10817376,-0.08350877
1591242489.38824344,5.75974710,0.10425724,-0.08749859
1591242489.40060639,5.75856726,0.10038261,-0.09165771
1591242489.41219926,5.75729666,0.09631774,-0.09618684
1591242489.42455077,5.75587596,0.09262986,-0.10109122
1591242489.43610692,5.75391596,0.08995078,-0.10630277
1591242489.44846749,5.75119324,0.08840965,-0.11065038
1591242489.46029258,5.74784745,0.08777959,-0.11385481
1591242489.47244620,5.74398154,0.08786511,-0.11619355
1591242489.48429966,5.73977355,0.08822290,-0.11704527
1591242489.49670100,5.73539627,0.08888787,-0.11563679
1591242489.50823045,5.73103295,0.09040107,-0.11225260
1591242489.52049613,5.72698204,0.09243613,-0.10682113
1591242489.53208232,5.72323830,0.09513615,-0.09934938
1591242489.54445219,5.71990473,0.09874200,-0.09169785
1591242489.55629492,5.71743858,0.10233214,-0.08451408
1591242489.56869674,5.71620637,0.10548072,-0.07912625
1591242489.58030248,5.71642105,0.10710911,-0.07653443
1591242489.59265900,5.71768816,0.10644938,-0.07713483
1591242489.60421991,5.71979128,0.10346312,-0.08114734
1591242489.61661816,5.72243720,0.09827600,-0.08760157
1591242489.62819743,5.72526987,0.09178512,-0.09583777
1591242489.64053988,5.72814443,0.08532391,-0.10510198
1591242489.65209723,5.73092473,0.07966730,-0.11421958
1591242489.66447401,5.73366665,0.07540521,-0.12235107
1591242489.67617512,5.73621134,0.07323751,-0.12890129
1591242489.68854165,5.73856579,0.07330034,-0.13361368
1591242489.70011711,5.74086613,0.07500552,-0.13652140
1591242489.71246219,5.74304779,0.07758687,-0.13787927
1591242489.72429228,5.74521200,0.08013156,-0.13770473
1591242489.73662424,5.74702889,0.08242492,-0.13553878
1591242489.74818730,5.74832916,0.08467814,-0.13171825
1591242489.76054692,5.74931178,0.08691914,-0.12671963
1591242489.77216959,5.75034676,0.08904670,-0.12112236
1591242489.78455663,5.75172906,0.09101543,-0.11557396
1591242489.79613757,5.75338189,0.09263510,-0.11032575
1591242489.80847716,5.75541345,0.09388650,-0.10575648
1591242489.82023263,5.75771728,0.09492497,-0.10204067
1591242489.83260298,5.76005777,0.09578367,-0.09889559
1591242489.84409237,5.76248901,0.09656907,-0.09617113
1591242489.85646343,5.76524314,0.09740857,-0.09354616
1591242489.86827469,5.76842662,0.09845402,-0.09072571
1591242489.88044977,5.77218781,0.09983109,-0.08753524
1591242489.89227271,5.77693860,0.10167765,-0.08412138
1591242489.90459418,5.78299663,0.10421535,-0.08017694
1591242489.91618776,5.79000413,0.10836924,-0.07541568
1591242489.92853713,5.79766613,0.11432256,-0.07001912
1591242489.94006538,5.80529670,0.12094259,-0.06401693
1591242489.95261097,5.81178758,0.12863426,-0.05807059
1591242489.96412253,5.81681064,0.13607110,-0.05212077
1591242489.97647786,5.82071843,0.14290407,-0.04625821
1591242489.98827767,5.82421433,0.14891324,-0.04132591
1591242490.00056648,5.82801740,0.15377572,-0.03803422
1591242490.01209474,5.83270012,0.15713025,-0.03673394
1591242490.02466226,5.83871976,0.15898204,-0.03760835
1591242490.03617644,5.84579882,0.15988612,-0.03988077
1591242490.04847574,5.85359171,0.16049873,-0.04266632
1591242490.06032228,5.86172320,0.16160527,-0.04491954
1591242490.07245731,5.86989658,0.16354433,-0.04619712
1591242490.08410001,5.87829336,0.16620247,-0.04654095
1591242490.09644675,5.88723817,0.16934755,-0.04619188
1591242490.10823536,5.89651459,0.17264622,-0.04592834
1591242490.12057233,5.90600395,0.17542479,-0.04627566
1591242490.13210654,5.91548632,0.17756805,-0.04693888
1591242490.14445710,5.92440670,0.17950362,-0.04742758
1591242490.15629554,5.93263767,0.18165387,-0.04749914
1591242490.16852522,5.94073949,0.18437135,-0.04693714
1591242490.18007970,5.94890065,0.18771191,-0.04601037
1591242490.19269109,5.95717700,0.19134219,-0.04510803
1591242490.20423722,5.96567675,0.19490790,-0.04455302
1591242490.21653676,5.97434057,0.19838809,-0.04456175
1591242490.22807312,5.98289792,0.20199044,-0.04478689
1591242490.24064255,5.99132088,0.20602565,-0.04517087
1591242490.25217128,5.99966181,0.21031741,-0.04593532
1591242490.26457143,6.00807778,0.21469819,-0.04726177
1591242490.27618098,6.01656008,0.21926920,-0.04868247
1591242490.28867817,6.02517677,0.22456628,-0.04954815
1591242490.30022836,6.03361719,0.23082852,-0.04927239
1591242490.31252933,6.04117621,0.23812923,-0.04755848
1591242490.32429576,6.04724821,0.24648238,-0.04418476
1591242490.33659601,6.05207404,0.25511827,-0.03896797
1591242490.34811974,6.05599231,0.26382921,-0.03229906
1591242490.36069012,6.05929447,0.27197989,-0.02583436
1591242490.37230539,6.06256871,0.27876050,-0.02080432
1591242490.38463569,6.06602272,0.28381148,-0.01802227
1591242490.39616680,6.06961984,0.28663193,-0.01747424
1591242490.40846658,6.07325187,0.28725676,-0.01914975
1591242490.42024326,6.07668144,0.28615895,-0.02269801
1591242490.43254089,6.07958567,0.28377308,-0.02746799
1591242490.44415379,6.08191045,0.28061055,-0.03263766
1591242490.45670056,6.08388441,0.27725602,-0.03759265
1591242490.46822786,6.08541507,0.27441986,-0.04203800
1591242490.48052716,6.08663854,0.27238306,-0.04567003
1591242490.49210024,6.08763687,0.27114563,-0.04840147
1591242490.50461173,6.08844671,0.27050684,-0.04986929
1591242490.51633096,6.08899125,0.26961148,-0.04966509
1591242490.52869248,6.08925479,0.26799182,-0.04820425
1591242490.54023528,6.08898776,0.26585553,-0.04726003
1591242490.55257249,6.08767876,0.26320961,-0.04793896
1591242490.56409717,6.08535049,0.26011165,-0.05042954
1591242490.57646537,6.08223159,0.25639934,-0.05515764
1591242490.58829880,6.07840932,0.25190861,-0.06227160
1591242490.60063171,6.07361315,0.24708626,-0.07092494
1591242490.61217308,6.06774535,0.24221854,-0.07967777
1591242490.62446785,6.06104853,0.23771384,-0.08748463
1591242490.63624549,6.05415099,0.23395440,-0.09389871
1591242490.64856291,6.04725868,0.23141146,-0.09906838
1591242490.66009927,6.04044491,0.22995935,-0.10338981
1591242490.67268610,6.03357530,0.22932928,-0.10735171
1591242490.68422341,6.02633742,0.22903607,-0.11143578
1591242490.69661450,6.01850264,0.22835190,-0.11540815
1591242490.70816851,6.01013902,0.22711271,-0.11964057
1591242490.72047877,6.00134605,0.22550003,-0.12407197
1591242490.73227954,5.99226161,0.22371630,-0.12841260
1591242490.74446654,5.98312830,0.22176328,-0.13242511
1591242490.75626588,5.97408575,0.21966714,-0.13661390
1591242490.76857138,5.96492801,0.21740345,-0.14111162
1591242490.78009057,5.95564984,0.21512928,-0.14599854
1591242490.79268813,5.94593708,0.21305758,-0.15111759
1591242490.80423951,5.93551048,0.21126862,-0.15567988
1591242490.81656528,5.92428627,0.21006259,-0.15965050
1591242490.82819057,5.91232553,0.20936272,-0.16261233
1591242490.84054232,5.90013964,0.20892813,-0.16494060
1591242490.85233212,5.88803927,0.20899445,-0.16663880
1591242490.86467385,5.87600523,0.20943776,-0.16820262
1591242490.87621522,5.86388566,0.21027203,-0.16979959
1591242490.88852286,5.85142750,0.21145537,-0.17156587
1591242490.90024042,5.83868485,0.21249907,-0.17431476
1591242490.91258264,5.82577465,0.21304012,-0.17796599
1591242490.92412233,5.81302502,0.21265615,-0.18262253
1591242490.93648314,5.80042549,0.21160546,-0.18786375
1591242490.94827986,5.78822738,0.20984966,-0.19302294
1591242490.96057820,5.77635740,0.20781286,-0.19745084
1591242490.97208953,5.76469162,0.20606753,-0.19997459
1591242490.98464489,5.75343425,0.20536242,-0.19999204
1591242490.99624634,5.74323454,0.20607277,-0.19767425
1591242491.00857496,5.73445903,0.20798740,-0.19358494
1591242491.02008390,5.72685463,0.21041689,-0.18897727
1591242491.03265953,5.71948759,0.21237690,-0.18425092
1591242491.04418206,5.71128804,0.21348518,-0.17992425
1591242491.05656767,5.70126286,0.21388661,-0.17587508
1591242491.06811118,5.68932481,0.21346424,-0.17173516
1591242491.08045173,5.67584040,0.21264393,-0.16741024
1591242491.09227157,5.66158455,0.21206099,-0.16298408
1591242491.10460591,5.64755734,0.21193184,-0.15842179
1591242491.11619544,5.63454242,0.21239435,-0.15409163
1591242491.12851381,5.62287838,0.21327051,-0.14973703
1591242491.14030933,5.61268566,0.21438054,-0.14586589
1591242491.15262842,5.60376877,0.21543472,-0.14235604
1591242491.16437936,5.59581880,0.21605780,-0.13945181
1591242491.17650938,5.58833133,0.21613808,-0.13713925
1591242491.18817949,5.58119992,0.21559005,-0.13449507
1591242491.20066047,5.57455371,0.21458474,-0.13108644
1591242491.21228909,5.56874525,0.21345900,-0.12703204
1591242491.22462058,5.56397003,0.21234025,-0.12208927
1591242491.23616052,5.56023153,0.21146409,-0.11705574
1591242491.24858236,5.55742504,0.21083752,-0.11206061
1591242491.26015735,5.55541617,0.21057746,-0.10782121
1591242491.27245355,5.55374414,0.21106441,-0.10435673
1591242491.28423738,5.55230076,0.21223204,-0.10099173
1591242491.29656935,5.55121342,0.21416935,-0.09793042
1591242491.30818844,5.55067760,0.21646097,-0.09507856
1591242491.32052279,5.55097605,0.21867579,-0.09262462
1591242491.33231306,5.55229727,0.22086269,-0.09122836
1591242491.34461355,5.55500602,0.22299199,-0.09057561
1591242491.35612512,5.55925240,0.22420151,-0.09066811
1591242491.36868691,5.56452679,0.22432019,-0.09071698
1591242491.38021612,5.57037539,0.22314733,-0.09036093
1591242491.39253283,5.57622399,0.22044032,-0.08947954
1591242491.40410066,5.58172177,0.21697759,-0.08930675
1591242491.41669059,5.58640275,0.21282021,-0.08989318
1591242491.42822146,5.59028261,0.20758423,-0.09123360
1591242491.44052792,5.59385356,0.20117014,-0.09316393
1591242491.45230293,5.59723950,0.19398811,-0.09553234
1591242491.46461391,5.60055213,0.18670311,-0.09781523
1591242491.47612619,5.60414402,0.17903587,-0.09914168
1591242491.48870420,5.60793662,0.17150129,-0.09938603
1591242491.50036907,5.61190201,0.16411680,-0.09963212
1591242491.51257038,5.61589706,0.15705869,-0.09917310
1591242491.52417612,5.61982755,0.15023794,-0.09752900
1591242491.53649759,5.62407044,0.14361267,-0.09547475
1591242491.54829288,5.62884392,0.13713401,-0.09317964
1591242491.56060815,5.63425444,0.13074261,-0.09074316
1591242491.57219815,5.64034738,0.12432853,-0.08857546
1591242491.58453393,5.64671085,0.11792317,-0.08633097
1591242491.59632683,5.65319126,0.11151083,-0.08372693
1591242491.60870528,5.65979210,0.10506358,-0.08084365
1591242491.62023640,5.66645227,0.09852384,-0.07745597
1591242491.63253999,5.67342137,0.09186541,-0.07429692
1591242491.64412165,5.68057722,0.08506735,-0.07178539
1591242491.65667319,5.68750443,0.07797084,-0.06998945
1591242491.66818786,5.69390281,0.07071027,-0.06890909
1591242491.68049240,5.69970079,0.06372197,-0.06829299
1591242491.69227552,5.70469418,0.05744053,-0.06758613
1591242491.70469880,5.70903482,0.05219058,-0.06653893
1591242491.71631837,5.71309445,0.04779584,-0.06550570
1591242491.72871876,5.71717503,0.04415508,-0.06455275
1591242491.74030948,5.72133066,0.04141143,-0.06356838
1591242491.75265861,5.72548978,0.03987030,-0.06227858
1591242491.76422095,5.72972395,0.03956661,-0.06025575
1591242491.77656460,5.73423562,0.04037819,-0.05769360
1591242491.78812647,5.73909986,0.04198739,-0.05474574
1591242491.80046844,5.74431490,0.04375017,-0.05132315
1591242491.81229019,5.74958579,0.04554611,-0.04751659
1591242491.82466340,5.75475895,0.04746772,-0.04401022
1591242491.83635664,5.75988673,0.04930904,-0.04105713
1591242491.84864402,5.76478412,0.05157972,-0.03875678
1591242491.86029577,5.76920504,0.05430767,-0.03680027
1591242491.87248445,5.77335718,0.05760285,-0.03483328
1591242491.88430595,5.77766814,0.06126280,-0.03303734
1591242491.89668846,5.78231770,0.06522994,-0.03155206
1591242491.90821147,5.78754147,0.06916391,-0.03009995
1591242491.92053437,5.79365361,0.07298618,-0.02913827
1591242491.93230629,5.80069951,0.07674387,-0.02943847
1591242491.94468427,5.80842084,0.08019439,-0.03056421
1591242491.95621896,5.81630973,0.08343721,-0.03176848
1591242491.96852398,5.82406423,0.08671494,-0.03293960
1591242491.98031878,5.83159184,0.09011659,-0.03416133
1591242491.99262357,5.83905835,0.09351474,-0.03528707
1591242492.00414419,5.84656327,0.09673836,-0.03669031
1591242492.01664066,5.85413625,0.09956405,-0.03852291
1591242492.02817559,5.86163244,0.10173001,-0.04121944
1591242492.04046893,5.86863296,0.10312627,-0.04476071
1591242492.05232906,5.87475732,0.10392912,-0.04883606
1591242492.06463981,5.88013817,0.10415078,-0.05320811
1591242492.07616830,5.88471791,0.10425899,-0.05755398
1591242492.08871865,5.88830805,0.10467089,-0.06169564
1591242492.10023761,5.89125068,0.10516307,-0.06555806
1591242492.11257625,5.89401179,0.10558020,-0.06903301
1591242492.12410784,5.89661931,0.10611253,-0.07198087
1591242492.13668156,5.89912735,0.10671816,-0.07462679
1591242492.14822197,5.90156034,0.10723303,-0.07663566
1591242492.16070938,5.90392002,0.10759082,-0.07861836
1591242492.17214084,5.90608423,0.10773394,-0.08088728
1591242492.18459797,5.90801806,0.10761875,-0.08358033
1591242492.19616961,5.90972499,0.10731855,-0.08687376
1591242492.20855379,5.91134640,0.10674783,-0.09068731
1591242492.22031188,5.91268158,0.10593450,-0.09442580
1591242492.23267055,5.91363453,0.10491698,-0.09777858
1591242492.24420738,5.91434488,0.10389247,-0.10072295
1591242492.25658107,5.91497494,0.10314372,-0.10336712
1591242492.26810813,5.91561897,0.10236531,-0.10583328
1591242492.28066111,5.91620365,0.10129891,-0.10861358
1591242492.29217482,5.91653526,0.09966354,-0.11162079
1591242492.30447125,5.91676216,0.09756740,-0.11513064
1591242492.31631875,5.91675518,0.09515884,-0.11901051
1591242492.32867289,5.91616176,0.09297020,-0.12307538
1591242492.34019279,5.91494178,0.09083915,-0.12692558
1591242492.35256624,5.91318598,0.08918982,-0.13048780
1591242492.36410379,5.91115791,0.08794365,-0.13375854
1591242492.37665081,5.90895355,0.08717745,-0.13672909
1591242492.38817954,5.90664797,0.08677253,-0.13950766
1591242492.40050077,5.90438603,0.08630304,-0.14226353
1591242492.41230154,5.90209267,0.08546877,-0.14519045
1591242492.42467427,5.89933679,0.08456120,-0.14828143
1591242492.43620253,5.89598750,0.08332202,-0.15155043
1591242492.44851470,5.89205004,0.08149117,-0.15464490
1591242492.46029615,5.88778620,0.07913323,-0.15772191
1591242492.47259283,5.88314537,0.07648731,-0.16056855
1591242492.48411703,5.87821831,0.07386932,-0.16307833
1591242492.49661946,5.87319525,0.07149218,-0.16530711
1591242492.50824881,5.86814776,0.06937335,-0.16727410
