1591242445.19213462,-0.05446089,-0.15089534,1.06951594
1591242445.20362258,-0.05569776,-0.14387219,1.06446207
1591242445.21595454,-0.06332928,-0.13579901,1.05384874
1591242445.22775793,-0.07177674,-0.12749849,1.04828942
1591242445.24012303,-0.07771603,-0.11895698,1.04753137
1591242445.25168681,-0.07947098,-0.11431590,1.03565466
1591242445.26398587,-0.07767595,-0.10955207,1.02150357
1591242445.27578592,-0.07578769,-0.10258345,1.01746047
1591242445.28812027,-0.07053985,-0.10126536,1.00229859
1591242445.29972935,-0.06148793,-0.10342021,0.98663139
1591242445.31204700,-0.05453324,-0.10577057,0.96995342
1591242445.32357335,-0.04998171,-0.11093010,0.96363604
1591242445.33612895,-0.04193511,-0.12471737,0.96894264
1591242445.34767127,-0.03244717,-0.14745058,0.98713684
1591242445.36000824,-0.02120639,-0.16565175,0.99547577
1591242445.37154293,-0.01783241,-0.16681544,0.99850821
1591242445.38415647,-0.02053307,-0.16407430,1.00330949
1591242445.39574647,-0.01288238,-0.15975122,1.00659442
1591242445.40805864,-0.00573535,-0.14862330,0.99497044
1591242445.41962004,-0.00438087,-0.14666866,0.99117994
1591242445.43194103,0.00321734,-0.14045928,0.97803974
1591242445.44356728,0.01151154,-0.13671806,0.98284101
1591242445.45606971,0.01611891,-0.12846303,0.97349119
1591242445.46763086,0.02318875,-0.12956774,0.96616298
1591242445.47993231,0.03660534,-0.12272659,0.94594729
1591242445.49155021,0.05426271,-0.12364501,0.93053275
1591242445.50415397,0.06774019,-0.12981808,0.93836635
1591242445.51567769,0.07060343,-0.13901863,0.94670534
1591242445.52797890,0.07405654,-0.13440464,0.94923228
1591242445.53981924,0.07420987,-0.12816323,0.95403355
1591242445.55213451,0.06875454,-0.12477207,0.95605516
1591242445.56365943,0.06582908,-0.11999431,0.96944809
1591242445.57595134,0.06082030,-0.12582605,1.01265919
1591242445.58773899,0.06018928,-0.13430810,1.04475176
1591242445.60007715,0.04796672,-0.13335781,1.06420934
1591242445.61166906,0.03279208,-0.12514338,1.08341432
1591242445.62398028,0.01233842,-0.10298726,1.08518314
1591242445.63575649,0.01155584,-0.08435123,1.07911849
1591242445.64811897,0.00735120,-0.08100759,1.08442509
1591242445.65966702,0.00341642,-0.07864222,1.10337734
1591242445.67200017,-0.00642779,-0.07146075,1.11828649
1591242445.68359709,-0.01469103,-0.06369300,1.12232959
1591242445.69616938,-0.01646592,-0.06264663,1.12536204
1591242445.70768976,-0.01205599,-0.07457608,1.13117397
1591242445.72000098,-0.01064973,-0.07368648,1.12814164
1591242445.73180008,-0.01397312,-0.06751041,1.12131882
1591242445.74413586,-0.02540062,-0.05165447,1.11449599
1591242445.75566888,-0.03228925,-0.03989543,1.10287201
1591242445.76794577,-0.03521361,-0.03660969,1.09579647
1591242445.77973032,-0.03401715,-0.03317399,1.08594131
1591242445.79203439,-0.03332910,-0.03712432,1.08290899
1591242445.80355763,-0.03604451,-0.03659942,1.08215082
1591242445.81610942,-0.03970579,-0.03549509,1.07962382
1591242445.82762599,-0.04770924,-0.03367161,1.08619392
1591242445.83994222,-0.05774347,-0.02877713,1.08518314
1591242445.85179758,-0.06150971,-0.02824539,1.07532799
1591242445.86410117,-0.05381135,-0.03547798,1.05688119
1591242445.87561607,-0.05244524,-0.03729803,1.04576254
1591242445.88817859,-0.05709248,-0.03463264,1.04121399
1591242445.89971328,-0.05551056,-0.03014034,1.03868699
1591242445.91199565,-0.06266801,-0.02451645,1.03312767
1591242445.92377543,-0.07063778,-0.02281563,1.02403057
1591242445.93608022,-0.07472914,-0.02047062,1.01644969
1591242445.94763207,-0.07207400,-0.02752944,1.01720774
1591242445.95995474,-0.07149829,-0.04003827,1.00684726
1591242445.97176909,-0.07137977,-0.05076794,1.00836337
1591242445.98412323,-0.05871630,-0.05572717,1.00608909
1591242445.99565268,-0.05404681,-0.07121161,1.01948202
1591242446.00795317,-0.05724504,-0.07901348,1.02504134
1591242446.01973987,-0.06023075,-0.08008712,1.02251434
1591242446.03204584,-0.06691206,-0.07518244,1.02579951
1591242446.04356956,-0.07181697,-0.07586072,1.03388572
1591242446.05600810,-0.07695359,-0.07716615,1.03565466
1591242446.06763554,-0.08045608,-0.07763994,1.03995049
1591242446.07998896,-0.08517510,-0.07593569,1.02630484
1591242446.09154987,-0.08966544,-0.07205352,1.03060067
1591242446.10415363,-0.08777979,-0.07638563,1.03464389
1591242446.11570311,-0.09000222,-0.08694497,1.05991352
1591242446.12804580,-0.09830315,-0.09380035,1.07709694
1591242446.13956308,-0.10325857,-0.09161376,1.08290899
1591242446.15194297,-0.10770458,-0.08790958,1.07330644
1591242446.16373920,-0.10378266,-0.09136390,1.06901062
1591242446.17604089,-0.10567009,-0.09374136,1.06673634
1591242446.18756270,-0.10574745,-0.09587325,1.07381177
1591242446.20012093,-0.10037197,-0.10093273,1.07027400
1591242446.21164942,-0.09934528,-0.10754687,1.06774712
1591242446.22401214,-0.09249955,-0.11005624,1.05865002
1591242446.23580527,-0.09532696,-0.10426937,1.06724167
1591242446.24811316,-0.10108408,-0.09846443,1.06623089
1591242446.25970745,-0.10363472,-0.09828718,1.06294584
1591242446.27202606,-0.11148405,-0.09349135,1.06673634
1591242446.28361130,-0.11006466,-0.09606430,1.06345129
1591242446.29618311,-0.10597543,-0.10363759,1.06016624
1591242446.30771923,-0.10036338,-0.10521950,1.06168246
1591242446.32002544,-0.10148013,-0.10765611,1.05587041
1591242446.33155274,-0.10199517,-0.10619231,1.06117702
1591242446.34411526,-0.10521045,-0.10211021,1.05966079
1591242446.35567641,-0.10649700,-0.10047835,1.05258524
1591242446.36800551,-0.10340945,-0.09691454,1.04677331
1591242446.37957120,-0.10635938,-0.09761910,1.05056381
1591242446.39214063,-0.10772642,-0.09743725,1.05182719
1591242446.40366864,-0.10690878,-0.10244665,1.05662847
1591242446.41596031,-0.10593531,-0.10509679,1.05940819
1591242446.42774892,-0.10283890,-0.11466548,1.07456994
1591242446.44006610,-0.10504626,-0.11927027,1.08114004
1591242446.45158958,-0.10395394,-0.11878386,1.08139277
1591242446.46408701,-0.10369063,-0.11392905,1.07482266
1591242446.47568297,-0.10650688,-0.11098354,1.06193507
1591242446.48806071,-0.10352910,-0.11080629,1.05865002
1591242446.49960876,-0.10101795,-0.11311558,1.05511224
1591242446.51218390,-0.09938412,-0.11943419,1.05637574
1591242446.52371383,-0.09740588,-0.12773931,1.05738652
1591242446.53601813,-0.09532838,-0.13487171,1.05056381
1591242446.54780912,-0.09034848,-0.13892208,1.04222476
1591242446.55998206,-0.08664232,-0.14439981,1.03717077
1591242446.57177329,-0.09206471,-0.14055410,1.03540194
1591242446.58407235,-0.10660112,-0.12977591,1.04879487
1591242446.59558344,-0.12211265,-0.12552990,1.07204294
1591242446.60814786,-0.13228846,-0.13284382,1.09175336
1591242446.61966991,-0.13647223,-0.14696737,1.10792589
1591242446.63199472,-0.13794988,-0.14859922,1.11500144
1591242446.64379239,-0.13971220,-0.14920388,1.10767317
1591242446.65594554,-0.13234575,-0.14859954,1.08720481
1591242446.66781878,-0.12707862,-0.14753160,1.05814469
1591242446.68011928,-0.11817992,-0.14679550,1.03060067
1591242446.69164753,-0.11123837,-0.14565465,1.01872396
1591242446.70396304,-0.10989690,-0.15058222,1.02200902
1591242446.71579790,-0.11353018,-0.15326868,1.03009522
1591242446.72808838,-0.11778234,-0.15128201,1.04424632
1591242446.73961496,-0.12447564,-0.15009995,1.05940819
1591242446.75218654,-0.12878920,-0.14928617,1.06749439
1591242446.76374841,-0.12879749,-0.14679503,1.07229567
1591242446.77609539,-0.12748650,-0.14177661,1.06269312
1591242446.78763294,-0.12864935,-0.13702182,1.05334342
1591242446.80018258,-0.12386487,-0.13558546,1.04525709
1591242446.81180263,-0.11902691,-0.13844472,1.04727864
1591242446.82415986,-0.11589783,-0.14004026,1.04904747
1591242446.83567953,-0.11570050,-0.13432632,1.04045582
1591242446.84797931,-0.11500123,-0.12757142,1.03110611
1591242446.85981345,-0.11527966,-0.12644404,1.03338039
1591242446.87203741,-0.11356400,-0.12503478,1.03969777
1591242446.88358712,-0.11632851,-0.12323916,1.04348826
1591242446.89615536,-0.12062587,-0.11944798,1.04273009
1591242446.90768528,-0.11657798,-0.11602955,1.04424632
1591242446.91998792,-0.11927365,-0.11779331,1.04449904
1591242446.93175673,-0.12431495,-0.11726584,1.05789185
1591242446.94411325,-0.12667988,-0.11873408,1.06193507
1591242446.95563102,-0.12821102,-0.11607030,1.05890274
1591242446.96798372,-0.12721200,-0.11397471,1.05713379
1591242446.97980261,-0.12387473,-0.11560212,1.05485952
1591242446.99211240,-0.12744403,-0.11332026,1.04500437
1591242447.00362802,-0.12366429,-0.11239296,1.04171932
1591242447.01593566,-0.11664144,-0.10991101,1.03742349
1591242447.02772713,-0.11795103,-0.11011553,1.04121399
1591242447.04001546,-0.11560313,-0.11386579,1.04121399
1591242447.05180526,-0.11068016,-0.11349306,1.03893960
1591242447.06409431,-0.11027403,-0.11375228,1.02984262
1591242447.07567286,-0.11144317,-0.10763374,1.02301979
1591242447.08805704,-0.10978042,-0.10170609,1.01973474
1591242447.09959435,-0.11590150,-0.10439254,1.02782094
1591242447.11215520,-0.11739853,-0.09980583,1.03085339
1591242447.12368083,-0.12480966,-0.09456894,1.04500437
1591242447.13598442,-0.12767200,-0.09529616,1.05384874
1591242447.14775920,-0.13144465,-0.09534611,1.05940819
1591242447.16008186,-0.13044444,-0.09896907,1.06168246
1591242447.17161131,-0.12943009,-0.09467326,1.06547284
1591242447.18418217,-0.13268432,-0.08892526,1.06522012
1591242447.19568658,-0.13619350,-0.08317187,1.06623089
1591242447.20796609,-0.13184905,-0.08742217,1.06875789
1591242447.21974611,-0.12640765,-0.09417322,1.06547284
1591242447.23204637,-0.11850371,-0.10046917,1.06168246
1591242447.24356604,-0.11438522,-0.10610589,1.06420934
1591242447.25606799,-0.11618137,-0.10896516,1.06623089
1591242447.26776385,-0.11395010,-0.11114700,1.07886577
1591242447.27997780,-0.11875731,-0.11386532,1.08290899
1591242447.29180622,-0.12097378,-0.12057014,1.10059774
1591242447.30410981,-0.12309665,-0.12832972,1.10539901
1591242447.31564164,-0.11931347,-0.13222995,1.10817862
1591242447.32795787,-0.11640645,-0.13734399,1.10565162
1591242447.33974338,-0.11426076,-0.13828048,1.09983957
1591242447.35205245,-0.10636108,-0.14198999,1.08518314
1591242447.36357737,-0.10540947,-0.14749499,1.08063471
1591242447.37622070,-0.09837063,-0.15021805,1.06623089
1591242447.38775468,-0.09744807,-0.14947720,1.05713379
1591242447.40007496,-0.09929826,-0.14826357,1.04854214
1591242447.41159725,-0.09383778,-0.15009107,1.04070854
1591242447.42395616,-0.09552103,-0.14789560,1.02782094
1591242447.43576765,-0.09290189,-0.14367257,1.02832639
1591242447.44807363,-0.09374627,-0.13534035,1.01291192
1591242447.45959067,-0.09708127,-0.13047190,1.00608909
1591242447.47215915,-0.09770527,-0.12163949,1.00457299
1591242447.48372388,-0.10574941,-0.11729819,1.01215386
1591242447.49602580,-0.11032493,-0.11036126,1.01796579
1591242447.50782156,-0.11892449,-0.10511534,1.02731562
1591242447.52011847,-0.12132187,-0.10637431,1.04601514
1591242447.53163838,-0.12547936,-0.10118291,1.05637574
1591242447.54419208,-0.12865081,-0.10136920,1.06446207
1591242447.55570245,-0.12851089,-0.10378297,1.06749439
1591242447.56800961,-0.12656000,-0.10517399,1.06547284
1591242447.57978845,-0.11792347,-0.11354728,1.06774712
1591242447.59218168,-0.11267769,-0.11599752,1.06218779
1591242447.60372496,-0.10606030,-0.12066160,1.05132174
1591242447.61604929,-0.09815151,-0.12462114,1.03666532
1591242447.62757230,-0.09537163,-0.13038059,1.04146659
1591242447.64012933,-0.09215207,-0.13469905,1.04273009
1591242447.65164280,-0.08989437,-0.13370802,1.04753137
1591242447.66396046,-0.09703612,-0.13316248,1.05132174
1591242447.67574358,-0.09552637,-0.12848033,1.05258524
1591242447.68808579,-0.09616736,-0.12868041,1.04702604
1591242447.69963384,-0.09425144,-0.13042149,1.04222476
1591242447.71194768,-0.09813327,-0.13363525,1.05081642
1591242447.72372985,-0.09831584,-0.13737172,1.06446207
1591242447.73602533,-0.10712692,-0.13724442,1.06673634
1591242447.74781561,-0.11363452,-0.13535780,1.07810771
1591242447.76011944,-0.11943658,-0.12808001,1.07760227
1591242447.77164245,-0.12409768,-0.12224780,1.07608604
1591242447.78396845,-0.12919474,-0.11596566,1.06623089
1591242447.79577065,-0.12454873,-0.11346564,1.05233264
1591242447.80809045,-0.12136446,-0.11398850,1.04348826
1591242447.81962013,-0.11917839,-0.11201578,1.03009522
1591242447.83219576,-0.11449682,-0.11510700,1.02251434
1591242447.84372067,-0.11064482,-0.11640260,1.01872396
1591242447.85613394,-0.11125938,-0.11577985,1.01644969
1591242447.86773968,-0.10897575,-0.11565270,1.00482559
1591242447.88011408,-0.10309865,-0.11787559,1.00432026
1591242447.89181900,-0.10660275,-0.12720804,1.00583637
1591242447.90419102,-0.10312191,-0.12789436,1.01392269
1591242447.91574788,-0.10979299,-0.12946709,1.02453601
1591242447.92810750,-0.11376560,-0.12816229,1.03742349
1591242447.93969035,-0.11972971,-0.13039407,1.05561769
1591242447.95205355,-0.12571342,-0.13458967,1.06850517
1591242447.96361661,-0.12617922,-0.13864908,1.06496739
1591242447.97597027,-0.12723199,-0.14081743,1.06345129
1591242447.98783469,-0.12406308,-0.13972652,1.05713379
1591242447.99998450,-0.12542987,-0.13752630,1.06269312
1591242448.01182318,-0.12569013,-0.13073492,1.06193507
1591242448.02418351,-0.12625320,-0.13093041,1.06092429
1591242448.03573942,-0.12687743,-0.13028039,1.05814469
1591242448.04810119,-0.12533893,-0.12769841,1.05662847
1591242448.05968809,-0.12561618,-0.12993953,1.05182719
1591242448.07200956,-0.12159349,-0.13687643,1.04601514
1591242448.08364177,-0.11771105,-0.14195400,1.05207992
1591242448.09599328,-0.11897740,-0.14429960,1.05384874
1591242448.10759687,-0.11842765,-0.14978176,1.05814469
1591242448.11996365,-0.11519504,-0.15279101,1.06294584
1591242448.13177824,-0.11757957,-0.15857312,1.07280099
1591242448.14412594,-0.11609225,-0.15931857,1.07734954
1591242448.15568233,-0.11736769,-0.16141416,1.07911849
1591242448.16802335,-0.11792825,-0.15635023,1.07330644
1591242448.17958760,-0.11827604,-0.15570022,1.07052684
1591242448.19199800,-0.11636353,-0.15877779,1.06269312
1591242448.20358014,-0.11444534,-0.15962788,1.05991352
1591242448.21594858,-0.11345541,-0.15728229,1.05814469
1591242448.22773075,-0.11792140,-0.15514120,1.06016624
1591242448.24011111,-0.11682822,-0.15622768,1.05713379
1591242448.25164509,-0.11890937,-0.15245014,1.05662847
1591242448.26395607,-0.11901829,-0.15124555,1.05283797
1591242448.27576923,-0.11884796,-0.14657719,1.04045582
1591242448.28809714,-0.11345602,-0.14664093,1.03236961
1591242448.29960704,-0.10628979,-0.14905025,1.02605212
1591242448.31217504,-0.09964170,-0.15312789,1.01821852
1591242448.32377195,-0.10009276,-0.14904581,1.01670229
1591242448.33608365,-0.09930108,-0.14467725,1.02377784
1591242448.34761810,-0.10272340,-0.14011779,1.02731562
1591242448.36019731,-0.10933283,-0.13614921,1.03717077
1591242448.37177849,-0.11610606,-0.13384436,1.05005836
1591242448.38408995,-0.12350432,-0.13548066,1.06648362
1591242448.39565468,-0.13172081,-0.13468035,1.08872092
1591242448.40796518,-0.14072782,-0.13780311,1.10489357
1591242448.41974354,-0.14864540,-0.13773923,1.12687814
1591242448.43205094,-0.15782958,-0.13968927,1.13521719
1591242448.44358897,-0.16193444,-0.13017052,1.12561464
1591242448.45596218,-0.16382444,-0.12929332,1.11399055
1591242448.46778107,-0.16542013,-0.12477049,1.09503829
1591242448.48010683,-0.15207332,-0.12982109,1.07280099
1591242448.49169827,-0.14550909,-0.13198517,1.04803681
1591242448.50400305,-0.13570836,-0.12943521,1.02857912
1591242448.51577616,-0.12997575,-0.12486228,1.01796579
1591242448.52809501,-0.12991747,-0.12065749,1.01417542
1591242448.53972411,-0.13723731,-0.11355236,1.02150357
1591242448.55206394,-0.14151168,-0.10411082,1.01796579
1591242448.56360006,-0.14040804,-0.09681942,1.01720774
1591242448.57616377,-0.13377392,-0.09211934,0.99497044
1591242448.58769608,-0.12730248,-0.09098752,0.98789489
1591242448.60007977,-0.11981833,-0.09239218,0.98612607
1591242448.61169147,-0.11258268,-0.10048819,0.98789489
1591242448.62400889,-0.10536869,-0.10795669,1.00583637
1591242448.63579416,-0.10789629,-0.11299318,1.02504134
1591242448.64810419,-0.11126087,-0.11531579,1.04955292
1591242448.65966916,-0.11723892,-0.11728391,1.06749439
1591242448.67205024,-0.12156443,-0.11968391,1.08417249
1591242448.68382406,-0.12532823,-0.12435226,1.09655452
1591242448.69618440,-0.12530093,-0.12510231,1.09655452
1591242448.70770597,-0.12420888,-0.12663428,1.09251142
1591242448.71999002,-0.12868762,-0.12759806,1.08720481
1591242448.73179173,-0.12475230,-0.12632990,1.07760227
1591242448.74421358,-0.12166415,-0.12870735,1.07532799
1591242448.75561094,-0.11921163,-0.12491176,1.06522012
1591242448.76820755,-0.11273874,-0.12513006,1.05536497
1591242448.77974081,-0.11163872,-0.12735754,1.05031097
1591242448.79205990,-0.11275437,-0.12318461,1.04247737
1591242448.80375910,-0.11808125,-0.11389306,1.04171932
1591242448.81610179,-0.12449447,-0.10465604,1.04197204
1591242448.82762551,-0.12939872,-0.09914203,1.04171932
1591242448.84020281,-0.13611506,-0.09509625,1.04550982
1591242448.85174751,-0.14311522,-0.09013220,1.05081642
1591242448.86403894,-0.14420640,-0.09017310,1.05157447
1591242448.87583137,-0.13915029,-0.09723717,1.05738652
1591242448.88814187,-0.12926331,-0.10568783,1.05182719
1591242448.89968324,-0.12234050,-0.11278376,1.05359614
1591242448.91204929,-0.12056246,-0.11940248,1.04652059
1591242448.92383456,-0.11723487,-0.12100263,1.04374087
1591242448.93614173,-0.11836755,-0.12204820,1.03995049
1591242448.94766998,-0.11417258,-0.12398016,1.03868699
1591242448.95997596,-0.10832135,-0.12680313,1.03540194
1591242448.97175527,-0.10981891,-0.12860319,1.04096127
1591242448.98412466,-0.11042010,-0.13081689,1.04955292
1591242448.99564910,-0.11374626,-0.13056687,1.04955292
1591242449.00801134,-0.10972476,-0.13413529,1.05081642
1591242449.01959705,-0.11099795,-0.13533987,1.05460691
1591242449.03217483,-0.11223786,-0.13686265,1.05966079
1591242449.04370284,-0.11585725,-0.13364872,1.06496739
1591242449.05630684,-0.11864450,-0.13313507,1.06471479
1591242449.06760788,-0.12398671,-0.12839375,1.06951594
1591242449.08018279,-0.12460214,-0.12619814,1.07052684
1591242449.09170866,-0.12166728,-0.12567544,1.06547284
1591242449.10406446,-0.11880268,-0.12405722,1.05865002
1591242449.11559176,-0.11362602,-0.12496644,1.05233264
1591242449.12814999,-0.11258771,-0.12657118,1.04500437
1591242449.13967323,-0.11145358,-0.12687574,1.04601514
1591242449.15202832,-0.11561527,-0.12526196,1.04854214
1591242449.16382480,-0.12131068,-0.12007977,1.04980564
1591242449.17611146,-0.12713574,-0.11845236,1.05207992
1591242449.18762755,-0.13136315,-0.11396109,1.05688119
1591242449.20017862,-0.13238208,-0.11622487,1.05713379
1591242449.21176434,-0.12599847,-0.11943880,1.05182719
1591242449.22409058,-0.11915213,-0.12788944,1.04626787
1591242449.23560381,-0.11757578,-0.12765767,1.04197204
1591242449.24816751,-0.11559732,-0.12543033,1.03312767
1591242449.25969529,-0.11476122,-0.12657134,1.03110611
1591242449.27206397,-0.11881543,-0.12246199,1.02908444
1591242449.28358603,-0.12231968,-0.11565238,1.03262222
1591242449.29612803,-0.12921461,-0.11143379,1.04247737
1591242449.30768228,-0.13700821,-0.10769257,1.04727864
1591242449.31998014,-0.13809714,-0.10919251,1.06117702
1591242449.33176684,-0.13886751,-0.11092900,1.06092429
1591242449.34411860,-0.13440177,-0.11508846,1.05460691
1591242449.35564756,-0.12787536,-0.12341641,1.04677331
1591242449.36819911,-0.12379729,-0.12344827,1.04273009
1591242449.37973738,-0.12427422,-0.12231629,1.04955292
1591242449.39202690,-0.12729727,-0.11922508,1.05713379
1591242449.40383291,-0.12864611,-0.11954327,1.05839729
1591242449.41622639,-0.12918928,-0.11957054,1.05890274
1591242449.42766690,-0.13193786,-0.11916594,1.06067157
1591242449.44014692,-0.12864013,-0.11676137,1.04854214
1591242449.45178127,-0.12044644,-0.11737967,1.04146659
1591242449.46400285,-0.11621106,-0.12256646,1.03565466
1591242449.47584581,-0.11803138,-0.12535757,1.03641272
1591242449.48817039,-0.12133166,-0.12450747,1.03919232
1591242449.49971199,-0.12303797,-0.12649842,1.04828942
1591242449.51209998,-0.12131912,-0.13193507,1.05637574
1591242449.52363658,-0.12381715,-0.13448060,1.06648362
1591242449.53620195,-0.13109967,-0.13611244,1.07355917
1591242449.54772639,-0.13360029,-0.13158929,1.08240354
1591242449.56006050,-0.13378832,-0.12702081,1.08114004
1591242449.57171106,-0.13153118,-0.12390248,1.07431722
1591242449.58413148,-0.13235216,-0.12639362,1.06951594
1591242449.59567952,-0.12723583,-0.12421623,1.06623089
1591242449.60803747,-0.12895580,-0.12157512,1.06825256
1591242449.61971903,-0.13878098,-0.12372524,1.07103217
1591242449.63198233,-0.12611362,-0.12303448,1.05359614
1591242449.64383531,-0.11859445,-0.12790309,1.04652059
1591242449.65609837,-0.11965746,-0.13026690,1.04399359
1591242449.66785026,-0.11912508,-0.13300791,1.05309069
1591242449.68022251,-0.11813516,-0.13066231,1.05132174
1591242449.69176912,-0.11651105,-0.13313965,1.06016624
1591242449.70422220,-0.12640879,-0.13127126,1.06724167
1591242449.71579337,-0.12790102,-0.11818410,1.05637574
1591242449.72814345,-0.12422650,-0.11416131,1.03742349
1591242449.73967838,-0.12212004,-0.11756152,1.04020309
1591242449.75201678,-0.11864793,-0.12595747,1.04753137
1591242449.76363826,-0.11567725,-0.12900764,1.05309069
1591242449.77609968,-0.11128747,-0.13283511,1.05915534
1591242449.78770852,-0.11895250,-0.13214862,1.06496739
1591242449.80006623,-0.11992174,-0.12357081,1.05890274
1591242449.81162405,-0.12145828,-0.12111615,1.05511224
1591242449.82403493,-0.12256766,-0.12065701,1.05587041
1591242449.83585835,-0.12126744,-0.12457089,1.05890274
1591242449.84812903,-0.11970102,-0.12868024,1.06092429
1591242449.85986543,-0.11963704,-0.12841199,1.06522012
1591242449.87221599,-0.12016401,-0.12781192,1.06799984
1591242449.88372183,-0.12549968,-0.12241602,1.07456994
1591242449.89623260,-0.12934288,-0.11722478,1.07103217
1591242449.90779305,-0.12771507,-0.11781123,1.06799984
1591242449.92020631,-0.11929782,-0.12007517,1.05435419
1591242449.93176436,-0.11625997,-0.12735295,1.05485952
1591242449.94409537,-0.11206017,-0.12929855,1.05384874
1591242449.95563316,-0.10914522,-0.13129409,1.05839729
1591242449.96819854,-0.10948762,-0.13043496,1.05637574
1591242449.97968435,-0.11173175,-0.12372999,1.05258524
1591242449.99221635,-0.11056635,-0.12087531,1.04601514
1591242450.00359368,-0.11193992,-0.12134808,1.04550982
1591242450.01631641,-0.11090335,-0.11980708,1.04475176
1591242450.02763152,-0.11150114,-0.12068428,1.05637574
1591242450.04021311,-0.11014120,-0.12409352,1.06395662
1591242450.05175734,-0.11240436,-0.12147968,1.06648362
1591242450.06411219,-0.11137402,-0.12238890,1.06016624
1591242450.07576132,-0.10877791,-0.11765221,1.06041896
1591242450.08812547,-0.10824668,-0.11848865,1.05738652
1591242450.09968233,-0.10858481,-0.11786592,1.05511224
1591242450.11208963,-0.10458948,-0.11788875,1.04626787
1591242450.12371588,-0.10069824,-0.11907066,1.04500437
1591242450.13616705,-0.09811881,-0.12516208,1.03742349
1591242450.14777112,-0.09460437,-0.12796222,1.04298282
1591242450.16011786,-0.08921213,-0.13217162,1.04222476
1591242450.17180085,-0.08845107,-0.14071755,1.05233264
1591242450.18410468,-0.08915095,-0.14388122,1.06926334
1591242450.19571567,-0.09724605,-0.13468495,1.08417249
1591242450.20813060,-0.10081740,-0.12511167,1.07355917
1591242450.21976566,-0.10001631,-0.11808866,1.05460691
1591242450.23220944,-0.09330851,-0.11696160,1.02908444
1591242450.24373770,-0.08415838,-0.12309852,1.01771307
1591242450.25607586,-0.07951291,-0.12933533,1.01746047
1591242450.26785135,-0.07201359,-0.13978598,1.02579951
1591242450.28008485,-0.07765183,-0.14480884,1.04475176
1591242450.29169226,-0.08231432,-0.14614058,1.06016624
1591242450.30402589,-0.08599712,-0.14297216,1.06168246
1591242450.31561017,-0.09460974,-0.13903545,1.06749439
1591242450.32806349,-0.09814982,-0.12865297,1.06041896
1591242450.33976054,-0.10130513,-0.11969785,1.05662847
1591242450.35207558,-0.10098664,-0.11612040,1.05056381
1591242450.36361384,-0.09409657,-0.11651134,1.04854214
1591242450.37621093,-0.09231380,-0.11316568,1.04677331
1591242450.38775015,-0.09089672,-0.11281562,1.04955292
1591242450.40005708,-0.08977257,-0.11129728,1.05384874
1591242450.41165161,-0.09473000,-0.10798332,1.06193507
1591242450.42422271,-0.09403809,-0.10647419,1.05713379
1591242450.43576837,-0.09215092,-0.10611509,1.05511224
1591242450.44811177,-0.08647145,-0.10755622,1.04475176
1591242450.45966053,-0.07910015,-0.11782961,1.04980564
1591242450.47205114,-0.07360716,-0.13073048,1.05258524
1591242450.48360777,-0.06900033,-0.13976282,1.06244051
1591242450.49616003,-0.07336763,-0.14228123,1.05814469
1591242450.50770998,-0.08021592,-0.13416715,1.04677331
1591242450.52006197,-0.08344740,-0.12836237,1.03186417
1591242450.53165460,-0.08731163,-0.12613489,1.03691816
1591242450.54398727,-0.09069581,-0.12807129,1.04500437
1591242450.55580902,-0.09835631,-0.12560283,1.05485952
1591242450.56811070,-0.09777955,-0.13003941,1.06294584
1591242450.57971787,-0.10174500,-0.13167126,1.07002139
1591242450.59203339,-0.10242240,-0.13322131,1.07558072
1591242450.60383153,-0.10491734,-0.12793463,1.07027400
1591242450.61611795,-0.10296479,-0.12014334,1.05561769
1591242450.62767792,-0.09939831,-0.11883888,1.04070854
1591242450.64001989,-0.09412152,-0.12014826,1.02327251
1591242450.65180707,-0.08375029,-0.12067112,1.01442814
1591242450.66410661,-0.08329666,-0.12565784,1.01417542
1591242450.67562532,-0.08628674,-0.12108919,1.02681029
1591242450.68816352,-0.09195258,-0.11811610,1.04121399
1591242450.69966745,-0.09455787,-0.11262473,1.04601514
1591242450.71212554,-0.09228135,-0.11572500,1.04323554
1591242450.72378635,-0.08753894,-0.11786608,1.04121399
1591242450.73619413,-0.08564579,-0.11472508,1.02933717
1591242450.74781680,-0.08173013,-0.11395679,1.03363299
1591242450.76012182,-0.08063807,-0.11783880,1.04070854
1591242450.77165890,-0.08190216,-0.12164345,1.05561769
1591242450.78422809,-0.08031218,-0.12222973,1.06648362
1591242450.79576421,-0.08093981,-0.12526625,1.07179034
1591242450.80806279,-0.08003716,-0.12704363,1.07229567
1591242450.81984067,-0.07527851,-0.13472141,1.07558072
1591242450.83204246,-0.07384405,-0.13711251,1.07355917
1591242450.84371066,-0.07827337,-0.13395312,1.07987654
1591242450.85615873,-0.07950762,-0.13089839,1.07886577
1591242450.86772370,-0.08355473,-0.12591167,1.07911849
1591242450.88008070,-0.08402256,-0.12267967,1.07482266
1591242450.89162683,-0.08093214,-0.12416615,1.07456994
1591242450.90420556,-0.07556799,-0.13368060,1.06092429
1591242450.91575003,-0.07551621,-0.14099453,1.08063471
1591242450.92810678,-0.08900002,-0.14474447,1.10843134
1591242450.93966293,-0.10382065,-0.11892433,1.12106609
1591242450.95203900,-0.12465601,-0.09374058,1.13622797
1591242450.96384645,-0.13727729,-0.08170313,1.15113699
1591242450.97616625,-0.13771388,-0.08441964,1.15214789
1591242450.98767805,-0.12178026,-0.10436386,1.15240049
1591242450.99998903,-0.10228870,-0.12404707,1.15113699
1591242451.01177788,-0.07524952,-0.14655341,1.13269019
1591242451.02408886,-0.06942834,-0.15795910,1.10312462
1591242451.03568006,-0.05854301,-0.16410996,1.06420934
1591242451.04800200,-0.05248161,-0.16601482,1.04854214
1591242451.05985093,-0.08296874,-0.14674033,1.08518314
1591242451.07216024,-0.11688562,-0.11131458,1.13294291
1591242451.08373666,-0.14345333,-0.08451512,1.17185807
1591242451.09605360,-0.14541337,-0.07488985,1.19081056
1591242451.10784197,-0.14442150,-0.08980843,1.18474567
1591242451.12022281,-0.13052718,-0.12862444,1.17110002
1591242451.13179398,-0.10034214,-0.14717616,1.13496447
1591242451.14412189,-0.07099938,-0.17085110,1.08720481
1591242451.15565538,-0.05349005,-0.18992090,1.06067157
1591242451.16822052,-0.06914960,-0.17417012,1.03287494
1591242451.17970014,-0.08601552,-0.13890432,1.00482559
1591242451.19203711,-0.08021426,-0.12028477,1.01190114
1591242451.20385194,-0.09131095,-0.07491317,1.02529407
1591242451.21616673,-0.16393390,-0.07707095,1.10565162
1591242451.22770262,-0.21292943,-0.08177142,1.18828356
1591242451.24013996,-0.21679592,-0.08147493,1.20521414
1591242451.25168967,-0.19310689,-0.07738130,1.16073954
1591242451.26399684,-0.17178720,-0.09693642,1.12131882
1591242451.27585196,-0.13052082,-0.09212594,1.12005532
1591242451.28815174,-0.13241607,-0.08407529,1.12334037
1591242451.29966950,-0.15427387,-0.08609992,1.13395369
1591242451.31208444,-0.20325333,-0.06028810,1.15341127
1591242451.32362914,-0.20675346,-0.02078455,1.12991047
1591242451.33622074,-0.19187090,-0.00147243,1.10388267
1591242451.34775019,-0.17185526,0.01622074,1.06749439
1591242451.36006856,-0.15203127,-0.01551823,1.02782094
1591242451.37184811,-0.13005754,-0.05645995,0.99724472
1591242451.38415003,-0.09098063,-0.06964695,0.95908749
1591242451.39567900,-0.07784793,-0.07664776,0.93634480
1591242451.40806603,-0.05564940,-0.05629615,0.94038790
1591242451.41985917,-0.05271755,-0.03444158,0.98385179
1591242451.43216443,-0.07204857,-0.02974494,1.03135872
1591242451.44374084,-0.09616920,-0.04198126,1.06976867
1591242451.45604396,-0.09732816,-0.02116272,1.07861304
1591242451.46784139,-0.07251479,-0.01187140,1.07684422
1591242451.48022270,-0.02056742,-0.01988793,1.06395662
1591242451.49177337,0.00488342,-0.01957092,1.05359614
1591242451.50414395,0.01262940,0.00229405,1.04753137
1591242451.51565599,-0.00344916,0.02107095,1.05384874
1591242451.52808452,-0.03325871,0.04920393,1.06168246
1591242451.53969502,-0.03281144,0.06455205,1.05081642
1591242451.55202818,-0.02682835,0.06965110,1.02807379
1591242451.56382251,-0.00400294,0.05506657,1.00684726
1591242451.57611609,0.00443617,0.06322294,0.99471772
1591242451.58767581,0.00407333,0.05434057,1.00684726
1591242451.60004258,0.00274551,0.04370293,1.01114297
1591242451.61186481,0.01074895,0.03452409,1.00634181
1591242451.62416458,0.00294130,0.02906382,1.00886869
1591242451.63572788,0.00805914,0.01204221,1.01038492
1591242451.64815927,0.01305649,-0.01804723,1.01190114
1591242451.65971851,0.03722997,-0.03779217,1.02352512
1591242451.67202091,0.05089368,-0.03460873,1.02731562
1591242451.68366838,0.06860472,-0.02026610,1.01265919
1591242451.69599366,0.06647232,0.00146601,0.98663139
1591242451.70778108,0.04651088,0.01114251,0.97323859
1591242451.72007871,0.03304452,0.00718533,0.97930324
1591242451.73185349,0.00799116,0.00357575,1.00583637
1591242451.74419641,-0.01306760,0.00155789,1.02529407
1591242451.75571990,-0.02828010,0.01566526,1.03742349
1591242451.76801515,-0.04748672,0.01604698,1.04828942
1591242451.77985764,-0.06092157,-0.00574982,1.05309069
1591242451.79216599,-0.06396458,-0.00771991,1.06269312
1591242451.80375600,-0.06839064,0.00751228,1.06294584
1591242451.81606936,-0.07972727,0.00613537,1.03464389
1591242451.82785463,-0.07427533,0.00264865,1.00507832
1591242451.84006834,-0.06631601,-0.00901147,0.99244344
1591242451.85188270,-0.06648369,-0.02778158,0.99497044
1591242451.86425018,-0.07183938,-0.03489505,1.03262222
1591242451.87580323,-0.06502668,-0.03384538,1.06698906
1591242451.88813639,-0.06618543,-0.01923012,1.06522012
1591242451.89967990,-0.05905297,-0.00535100,1.04121399
1591242451.91198826,-0.04229030,-0.02901878,0.97753429
1591242451.92376208,-0.01316243,-0.06627594,0.92800575
1591242451.93607426,0.02014081,-0.10863063,0.90248340
1591242451.94763470,0.03432976,-0.13946919,0.89945102
1591242451.96001029,0.01565598,-0.12670863,0.95024312
1591242451.97181797,-0.03040480,-0.10357907,1.00811064
1591242451.98413014,-0.07961792,-0.07419066,1.04778409
1591242451.99566436,-0.11909610,-0.03551215,1.08442509
1591242452.00822902,-0.14419749,-0.00835058,1.09680724
1591242452.01975274,-0.16462606,-0.00113157,1.09756529
1591242452.03204823,-0.16835767,0.00155773,1.07911849
1591242452.04384589,-0.16050255,-0.00450235,1.05688119
1591242452.05618382,-0.13780576,-0.03776154,1.03641272
1591242452.06776786,-0.11637948,-0.06634104,1.03236961
1591242452.08018637,-0.09988116,-0.08788905,1.04601514
1591242452.09177876,-0.08465824,-0.11034256,1.06395662
1591242452.10415745,-0.08086669,-0.09240947,1.06522012
1591242452.11572480,-0.09127665,-0.06688648,1.06041896
1591242452.12807035,-0.10531911,-0.03630614,1.03186417
1591242452.13987875,-0.10763066,-0.01509893,1.00659442
1591242452.15203977,-0.09951135,-0.02177592,0.98233557
1591242452.16375899,-0.08272861,-0.04265579,0.96565759
1591242452.17615247,-0.06839284,-0.06405718,0.96313059
1591242452.18786716,-0.06079777,-0.08372711,0.96439409
1591242452.20024586,-0.05957685,-0.10028842,0.96565759
1591242452.21188736,-0.06178602,-0.10723422,0.97854519
1591242452.22402477,-0.06772562,-0.10191552,0.99117994
1591242452.23585534,-0.07219862,-0.10034265,0.99446511
1591242452.24825215,-0.07519992,-0.09136929,0.99497044
1591242452.25972056,-0.07577573,-0.08067665,0.98410439
1591242452.27209568,-0.07429057,-0.07960296,0.96868998
1591242452.28364897,-0.06348738,-0.08947854,0.96919537
1591242452.29601884,-0.06334328,-0.10659784,0.97601819
1591242452.30787086,-0.05722521,-0.11595297,0.98258829
1591242452.32022929,-0.05032094,-0.12236717,0.97172225
1591242452.33179736,-0.04699416,-0.12294902,0.97323859
1591242452.34416223,-0.04275617,-0.11353920,0.97955596
1591242452.35576034,-0.05002320,-0.11294356,0.99168539
1591242452.36810780,-0.04902625,-0.11429797,1.01215386
1591242452.37973166,-0.04840927,-0.12103021,1.01644969
1591242452.39206219,-0.04775503,-0.13947697,1.01543880
1591242452.40385675,-0.04481293,-0.14491822,1.01897657
1591242452.41613817,-0.04781203,-0.14038146,1.02756834
1591242452.42766762,-0.05079936,-0.14563610,1.05081642
1591242452.44022846,-0.05809313,-0.14406766,1.06345129
1591242452.45176053,-0.05680146,-0.15590014,1.07886577
1591242452.46412325,-0.04178806,-0.17448324,1.08038199
1591242452.47565794,-0.03508128,-0.17961089,1.07810771
1591242452.48822856,-0.03438400,-0.18393397,1.07482266
1591242452.49993634,-0.02352908,-0.18052013,1.07179034
1591242452.51225567,-0.01633783,-0.18174294,1.07128489
1591242452.52369380,-0.01464008,-0.18457034,1.07734954
1591242452.53605151,0.01097994,-0.20504007,1.06749439
1591242452.54786134,0.02161264,-0.21344982,1.06117702
1591242452.56018949,0.03042752,-0.21263620,1.05536497
1591242452.57179904,0.03069060,-0.20535827,1.06875789
1591242452.58412409,0.03332421,-0.21250859,1.08543587
1591242452.59564543,0.04527938,-0.21769522,1.09352219
1591242452.60820508,0.05829385,-0.21829988,1.08619392
1591242452.61973143,0.07607363,-0.19729856,1.07229567
1591242452.63206816,0.08656125,-0.16542378,1.05612302
1591242452.64386272,0.07902139,-0.15430047,1.03995049
1591242452.65615487,0.07300347,-0.16065110,1.02327251
1591242452.66773176,0.07896620,-0.18426181,1.02529407
1591242452.68005943,0.07592201,-0.20186293,1.03641272
1591242452.69185209,0.06199963,-0.21524101,1.04803681
1591242452.70421886,0.05294563,-0.21728633,1.07204294
1591242452.71576262,0.04026395,-0.21453600,1.08594131
1591242452.72806883,0.01802173,-0.20331708,1.08189809
1591242452.73985863,-0.00243682,-0.17733331,1.09150052
1591242452.75216150,-0.03100616,-0.15280449,1.07709694
1591242452.76376867,-0.04831206,-0.14037210,1.05056381
1591242452.77607918,-0.06271850,-0.13483112,1.02200902
1591242452.78786993,-0.06605484,-0.14184999,1.00381482
1591242452.80017924,-0.06401282,-0.14951873,1.00229859
1591242452.81172371,-0.06930333,-0.14788197,1.02756834
1591242452.82402873,-0.07765836,-0.14781348,1.05410147
1591242452.83578777,-0.08780186,-0.13919462,1.06117702
1591242452.84802818,-0.10028806,-0.13244875,1.05662847
1591242452.85985184,-0.10415091,-0.12305731,1.04475176
1591242452.87215948,-0.09922157,-0.13637641,1.04601514
1591242452.88372517,-0.09198275,-0.15601841,1.07179034
1591242452.89603782,-0.08866849,-0.16799626,1.09453297
1591242452.90783024,-0.08741069,-0.16987798,1.11550677
1591242452.92020631,-0.08728901,-0.16562767,1.11550677
1591242452.93175387,-0.09368964,-0.16293217,1.10261929
1591242452.94413996,-0.09674568,-0.15280433,1.09099519
1591242452.95568395,-0.10244884,-0.13639417,1.08341432
1591242452.96807480,-0.10029526,-0.12569812,1.07052684
1591242452.97986555,-0.09509386,-0.12645276,1.06597829
1591242452.99216819,-0.08890980,-0.14008561,1.05915534
1591242453.00374913,-0.07828203,-0.15164080,1.07406449
1591242453.01604676,-0.07004144,-0.15398639,1.07583344
1591242453.02783298,-0.06009100,-0.15407725,1.08215082
1591242453.04014587,-0.04334390,-0.16224141,1.08518314
1591242453.05167532,-0.02646197,-0.18396568,1.08467782
1591242453.06403995,-0.01191844,-0.20498094,1.07103217
1591242453.07582903,0.00352610,-0.21620002,1.06117702
1591242453.08812618,0.00573982,-0.22042780,1.04222476
1591242453.09966516,0.00484940,-0.22268257,1.03767622
1591242453.11223030,-0.00255892,-0.21299545,1.04348826
1591242453.12376022,-0.01239785,-0.21602263,1.07179034
1591242453.13606787,-0.02893634,-0.21153118,1.09048986
1591242453.14785266,-0.03737254,-0.19496170,1.10312462
1591242453.16022253,-0.03659830,-0.17992893,1.09326947
1591242453.17176270,-0.04264494,-0.17503782,1.08139277
1591242453.18425870,-0.03137909,-0.17558810,1.05915534
1591242453.19580960,-0.02039301,-0.18908921,1.04525709
1591242453.20816565,-0.02050168,-0.20796339,1.03363299
1591242453.21971941,-0.01896987,-0.21963225,1.04601514
1591242453.23203182,-0.03314207,-0.22019111,1.07027400
1591242453.24383736,-0.04412567,-0.22307257,1.11904454
1591242453.25614357,-0.03676233,-0.22848165,1.15442216
1591242453.26774216,-0.01711740,-0.24902827,1.17842829
1591242453.28009748,-0.00171892,-0.27318439,1.19055772
1591242453.29188538,0.01429025,-0.28874460,1.18702006
1591242453.30419636,0.02926857,-0.29904097,1.16933119
1591242453.31572294,0.02431828,-0.28501764,1.13648069
1591242453.32802510,0.01873616,-0.24946995,1.11247444
1591242453.33980131,-0.00532562,-0.21573153,1.08493042
1591242453.35214305,-0.03295809,-0.16434619,1.07785499
1591242453.36371613,-0.05535587,-0.12902094,1.08114004
1591242453.37604690,-0.06543053,-0.09868702,1.07962382
1591242453.38783145,-0.06319504,-0.08197901,1.08897364
1591242453.40014482,-0.04798823,-0.07546899,1.10287201
1591242453.41166997,-0.03608701,-0.09141353,1.10236657
1591242453.42424488,-0.03590291,-0.10135525,1.09200597
1591242453.43574810,-0.03134173,-0.11568362,1.08417249
1591242453.44803691,-0.02635317,-0.13133040,1.06370389
1591242453.45983315,-0.02557346,-0.14300846,1.06698906
1591242453.47219324,-0.03098129,-0.12903918,1.07684422
1591242453.48372436,-0.03825292,-0.11345597,1.10312462
1591242453.49602699,-0.04805641,-0.09813197,1.12030804
1591242453.50778723,-0.04687899,-0.07800151,1.12738359
1591242453.52025318,-0.03567754,-0.06227850,1.11853921
1591242453.53179121,-0.01533648,-0.04412181,1.09150052
1591242453.54412651,-0.00458649,-0.03494280,1.04247737
1591242453.55566645,0.00493181,-0.03558687,1.00507832
1591242453.56802177,-0.00591239,-0.03893735,1.00886869
1591242453.57983375,-0.03411043,-0.03815015,1.05258524
1591242453.59214258,-0.06610236,-0.02785011,1.10388267
1591242453.60367084,-0.09915134,-0.00709650,1.16326654
1591242453.61624789,-0.12787399,0.02479245,1.20016026
1591242453.62778354,-0.13959421,0.04173562,1.21355319
1591242453.64009023,-0.14160493,0.03556310,1.17994452
1591242453.65189290,-0.12993944,0.01282234,1.13496447
1591242453.66407990,-0.09858969,0.00324155,1.05688119
1591242453.67588139,-0.07121296,-0.01750185,1.00179327
1591242453.68819356,-0.04959643,-0.02881084,0.96919537
1591242453.69972754,-0.02592983,-0.03347354,0.96591032
1591242453.71202755,-0.01711957,-0.04625853,0.98309362
1591242453.72381973,-0.01333078,-0.05830733,1.00457299
1591242453.73621774,-0.01251773,-0.06279968,1.02504134
1591242453.74768114,0.00467683,-0.07137186,1.03590727
1591242453.76001954,0.02090241,-0.08022341,1.00709987
1591242453.77181149,0.00454260,-0.08710535,0.99471772
1591242453.78414392,0.02260824,-0.10555243,0.96591032
1591242453.79567790,0.01771764,-0.11413039,0.95807666
1591242453.80825353,0.00524628,-0.11337574,0.96262527
1591242453.81989360,-0.01923154,-0.10078385,0.97020614
1591242453.83216834,-0.01953845,-0.07800099,0.96591032
1591242453.84388614,-0.03391718,-0.07542083,0.96742648
