1590396459.98212242,0.31469727,-0.09521484,0.91503906
1590396459.99374342,0.31860352,-0.08325195,0.95776367
1590396460.00597787,0.32055664,-0.08935547,0.98144531
1590396460.01756835,0.31811523,-0.09350586,0.98559570
1590396460.02990413,0.30957031,-0.10766602,0.97436523
1590396460.04157138,0.29663086,-0.11450195,0.98046875
1590396460.05404544,0.25830078,-0.01855469,0.97558594
1590396460.06569815,0.26171875,-0.02099609,0.98657227
1590396460.07791495,0.34887695,-0.13305664,0.98754883
1590396460.08966041,0.35229492,-0.08569336,1.02758789
1590396460.10214329,0.34863281,-0.01074219,1.02880859
1590396460.11358476,0.34570312,0.03027344,1.01953125
1590396460.12608790,0.35913086,-0.01782227,1.03222656
1590396460.13752317,0.38305664,-0.06884766,1.06591797
1590396460.14996099,0.35986328,-0.09985352,1.10375977
1590396460.16167569,0.35327148,-0.07080078,1.08129883
1590396460.17389846,0.34521484,-0.01611328,1.04711914
1590396460.18564558,0.34497070,0.10278320,0.99975586
1590396460.19806933,0.36938477,0.15258789,0.96777344
1590396460.20972610,0.38818359,0.11791992,0.94335938
1590396460.22196889,0.39331055,0.03857422,0.94482422
1590396460.23370171,0.38208008,0.11865234,0.94848633
1590396460.24592018,0.39208984,0.09594727,0.93823242
1590396460.25765920,0.41381836,0.03686523,0.92944336
1590396460.27014995,0.42919922,0.05102539,0.93261719
1590396460.28157544,0.40844727,0.12060547,0.92895508
1590396460.29396081,0.38818359,0.19433594,0.93798828
1590396460.30566335,0.36914062,0.24682617,0.96923828
1590396460.31789780,0.35302734,0.25219727,0.99438477
1590396460.32957506,0.37426758,0.21533203,1.00952148
1590396460.34206510,0.39697266,0.15966797,0.98925781
1590396460.35356426,0.39331055,0.12670898,0.97241211
1590396460.36608553,0.36279297,0.10449219,0.95629883
1590396460.37750983,0.33374023,0.08325195,0.96240234
1590396460.38994551,0.30102539,0.08569336,0.99877930
1590396460.40165854,0.26293945,0.11059570,1.04077148
1590396460.41392326,0.22314453,0.14526367,1.06030273
1590396460.42562485,0.19433594,0.17651367,1.05737305
1590396460.43784118,0.19042969,0.18481445,1.03344727
1590396460.44966292,0.19116211,0.17163086,0.98437500
1590396460.46198940,0.19116211,0.15820312,0.95092773
1590396460.47366071,0.21215820,0.13037109,0.91870117
1590396460.48584318,0.23242188,0.10107422,0.88281250
1590396460.49753308,0.28784180,-0.04565430,0.84887695
1590396460.50998831,0.25976562,0.03002930,0.83764648
1590396460.52165604,0.24145508,0.09326172,0.84277344
1590396460.53394818,0.24926758,0.10424805,0.83862305
1590396460.54570723,0.25610352,0.10546875,0.87133789
1590396460.55791354,0.27001953,0.06811523,0.89526367
1590396460.56948662,0.27563477,0.04443359,0.92919922
1590396460.58200145,0.26928711,0.04028320,0.93750000
1590396460.59358859,0.28955078,0.01806641,0.92431641
1590396460.60591316,0.28735352,0.02734375,0.94116211
1590396460.61765170,0.29418945,0.09326172,0.96777344
1590396460.62982178,0.35498047,-0.07958984,0.98242188
1590396460.64148617,0.29736328,0.01562500,0.97607422
1590396460.65391493,0.23657227,0.09667969,0.94262695
1590396460.66565871,0.17333984,0.22949219,0.91210938
1590396460.67786384,0.19506836,0.17993164,0.91357422
1590396460.68966246,0.24414062,0.05688477,0.93115234
1590396460.70179772,0.23437500,0.06250000,0.97802734
1590396460.71353769,0.20532227,0.11254883,1.02319336
1590396460.72598624,0.20678711,0.15112305,1.04809570
1590396460.73743868,0.22119141,0.16406250,1.06396484
1590396460.74990821,0.22485352,0.16210938,1.05859375
1590396460.76166201,0.22412109,0.13012695,1.05029297
1590396460.77392578,0.20263672,0.18188477,1.03027344
1590396460.78558779,0.19775391,0.17260742,1.01220703
1590396460.79806566,0.19970703,0.15649414,0.99414062
1590396460.80952525,0.20092773,0.14306641,0.98242188
1590396460.82195497,0.20483398,0.13403320,0.97729492
1590396460.83368063,0.19653320,0.12915039,0.97094727
1590396460.84593081,0.19189453,0.12109375,0.96533203
1590396460.85763836,0.19604492,0.11914062,0.97192383
1590396460.86983895,0.20361328,0.11889648,0.98535156
1590396460.88152933,0.21215820,0.11108398,1.00366211
1590396460.89397788,0.21069336,0.10253906,1.01879883
1590396460.90542197,0.20703125,0.08935547,1.02001953
1590396460.91790271,0.20996094,0.07470703,0.99755859
1590396460.92957544,0.21362305,0.07153320,0.98730469
1590396460.94201684,0.21264648,0.07324219,0.97412109
1590396460.95343828,0.21313477,0.08642578,0.96801758
1590396460.96593642,0.21606445,0.10668945,0.96875000
1590396460.97765636,0.21069336,0.13403320,0.97412109
1590396460.98994279,0.21191406,0.14648438,0.97290039
1590396461.00165677,0.21020508,0.15063477,0.97900391
1590396461.01392913,0.20849609,0.14965820,0.98046875
1590396461.02561593,0.20336914,0.14721680,0.98217773
1590396461.03785038,0.20458984,0.12817383,0.97631836
1590396461.04966021,0.20141602,0.10375977,0.97192383
1590396461.06194830,0.20214844,0.08105469,0.97070312
1590396461.07339120,0.19824219,0.05883789,0.97070312
1590396461.08584499,0.20361328,0.04101562,0.97021484
1590396461.09752226,0.20019531,0.04345703,0.98608398
1590396461.10996675,0.18310547,0.05590820,0.99218750
1590396461.12166452,0.16210938,0.06689453,0.99291992
1590396461.13389468,0.16430664,0.05468750,0.99511719
1590396461.14556265,0.17309570,0.03564453,0.99951172
1590396461.15779543,0.18359375,0.02539062,1.01147461
1590396461.16952348,0.18188477,0.02294922,1.01586914
1590396461.18245959,0.18286133,0.02026367,1.01220703
1590396461.19387674,0.18579102,0.02490234,1.01049805
1590396461.20583963,0.19482422,0.02954102,1.00390625
1590396461.21766257,0.20141602,0.03637695,0.99829102
1590396461.22990370,0.20336914,0.04492188,0.98291016
1590396461.24164677,0.19750977,0.05932617,0.96801758
1590396461.25386763,0.19384766,0.06201172,0.96411133
1590396461.26556492,0.20605469,0.05004883,0.97021484
1590396461.27785134,0.21655273,0.03344727,0.98999023
1590396461.28955340,0.22338867,0.02075195,1.03076172
1590396461.30198956,0.22558594,0.00903320,1.05786133
1590396461.31343555,0.22143555,0.01928711,1.05468750
1590396461.32588625,0.22680664,0.03466797,1.02856445
1590396461.33761287,0.23315430,0.04858398,0.99340820
1590396461.34977555,0.22705078,0.05395508,0.97192383
1590396461.36149883,0.23071289,0.04321289,0.97607422
1590396461.37400484,0.24487305,0.03051758,1.00292969
1590396461.38552356,0.25146484,0.01831055,1.02709961
1590396461.39795017,0.25732422,0.00976562,1.03051758
1590396461.40938210,0.26025391,0.00805664,1.01586914
1590396461.42177510,0.25024414,0.01489258,0.99267578
1590396461.43352747,0.24267578,0.01123047,0.97875977
1590396461.44584012,0.24096680,0.00488281,0.97778320
1590396461.45755982,0.25537109,-0.00097656,0.98144531
1590396461.46981907,0.26196289,-0.00341797,0.98730469
1590396461.48150730,0.27563477,-0.00781250,0.99316406
1590396461.49390721,0.29565430,-0.00439453,0.99609375
1590396461.50556636,0.31152344,-0.00463867,0.98901367
1590396461.51798081,0.32055664,0.00024414,0.97924805
1590396461.52938819,0.33593750,0.00024414,0.97265625
1590396461.54177618,0.33764648,-0.00268555,0.95166016
1590396461.55343723,0.35156250,0.00048828,0.93408203
1590396461.56581402,0.38378906,0.00488281,0.93383789
1590396461.57751775,0.39892578,-0.00292969,0.92602539
1590396461.58990169,0.39819336,-0.00585938,0.92944336
1590396461.60147643,0.38452148,0.00732422,0.95556641
1590396461.61389947,0.37158203,0.03320312,0.98217773
1590396461.62551951,0.35717773,0.03662109,0.98852539
1590396461.63789868,0.34008789,0.04003906,0.97753906
1590396461.64951658,0.32788086,0.04296875,0.95629883
1590396461.66193891,0.31811523,0.03759766,0.92260742
1590396461.67338729,0.31176758,0.02783203,0.89086914
1590396461.68579745,0.30419922,0.01611328,0.86450195
1590396461.69740701,0.29614258,0.01074219,0.84106445
1590396461.70980835,0.28515625,0.01098633,0.81518555
1590396461.72144485,0.27661133,-0.00097656,0.79687500
1590396461.73382092,0.27197266,-0.00341797,0.80078125
1590396461.74543571,0.26708984,0.00463867,0.80712891
1590396461.75796127,0.25122070,0.01074219,0.80517578
1590396461.76933479,0.24243164,0.01416016,0.79614258
1590396461.78176641,0.24023438,0.01538086,0.77807617
1590396461.79343724,0.24951172,0.00585938,0.76147461
1590396461.80581045,0.26367188,-0.00292969,0.75292969
1590396461.81743741,0.27539062,0.00195312,0.76123047
1590396461.82992315,0.28686523,0.01123047,0.77368164
1590396461.84158516,0.30737305,0.01318359,0.79125977
1590396461.85377240,0.32617188,0.01342773,0.80468750
1590396461.86539078,0.34082031,0.01025391,0.82202148
1590396461.87791634,0.35278320,-0.00146484,0.82958984
1590396461.88936043,0.36743164,-0.01635742,0.83618164
1590396461.90177631,0.37744141,-0.02783203,0.83325195
1590396461.91351867,0.38110352,-0.02832031,0.85058594
1590396461.92577744,0.37792969,-0.02758789,0.88281250
1590396461.93744254,0.37402344,-0.02050781,0.90795898
1590396461.94990897,0.37182617,-0.00610352,0.92602539
1590396461.96158552,0.37207031,0.00610352,0.93750000
1590396461.97381639,0.36596680,0.01757812,0.93823242
1590396461.98558211,0.36743164,0.01904297,0.94042969
1590396461.99794745,0.36840820,0.01220703,0.94970703
1590396462.00940228,0.36547852,0.00561523,0.95629883
1590396462.02194452,0.34887695,0.01245117,0.96508789
1590396462.03332233,0.34399414,0.01831055,0.97045898
1590396462.04570103,0.33642578,0.02441406,0.97900391
1590396462.05737948,0.32739258,0.02880859,0.98925781
1590396462.06989264,0.31982422,0.03027344,0.99047852
1590396462.08156729,0.32128906,0.01782227,0.98852539
1590396462.09375048,0.32958984,0.00463867,0.97851562
1590396462.10551977,0.33422852,0.01391602,0.97705078
1590396462.11790061,0.33007812,0.02490234,0.96508789
1590396462.12931108,0.33203125,0.02685547,0.95092773
1590396462.14195299,0.34082031,0.01806641,0.93750000
1590396462.15335631,0.34423828,0.01245117,0.93408203
1590396462.16577172,0.34692383,0.00854492,0.93090820
1590396462.17738676,0.34277344,0.00195312,0.93041992
1590396462.18979621,0.34204102,-0.00146484,0.93139648
1590396462.20144081,0.34301758,-0.00292969,0.93261719
1590396462.21383691,0.33447266,-0.00268555,0.92724609
1590396462.22551012,0.33374023,-0.00463867,0.92407227
1590396462.23792362,0.33520508,-0.00927734,0.91650391
1590396462.24929142,0.33471680,-0.01074219,0.91552734
1590396462.26167679,0.32983398,-0.00903320,0.92211914
1590396462.27330136,0.32495117,-0.00415039,0.92407227
1590396462.28576946,0.32617188,0.00537109,0.93530273
1590396462.29741240,0.32250977,0.01000977,0.93701172
1590396462.30986667,0.32177734,0.01171875,0.93652344
1590396462.32151222,0.32421875,0.00903320,0.93188477
1590396462.33389759,0.33007812,0.00683594,0.93725586
1590396462.34530473,0.33398438,0.00317383,0.93920898
1590396462.35767221,0.33349609,0.00585938,0.93505859
1590396462.36940384,0.33447266,0.01074219,0.93554688
1590396462.38180614,0.33813477,0.01513672,0.93310547
1590396462.39329386,0.34082031,0.00854492,0.93115234
1590396462.40584803,0.34106445,0.00488281,0.93457031
1590396462.41734242,0.33837891,0.00341797,0.93041992
1590396462.42987990,0.33544922,0.00048828,0.93359375
1590396462.44129181,0.33691406,0.00146484,0.94091797
1590396462.45369339,0.33911133,0.00024414,0.94384766
1590396462.46542692,0.33276367,-0.00146484,0.93969727
1590396462.47767687,0.32763672,-0.00439453,0.93701172
1590396462.48951793,0.33081055,-0.00463867,0.93823242
1590396462.50178885,0.32666016,-0.00390625,0.93823242
1590396462.51352239,0.32177734,-0.00366211,0.93359375
1590396462.52577972,0.32470703,-0.01123047,0.93115234
1590396462.53751373,0.33081055,-0.01660156,0.93334961
1590396462.54984069,0.32348633,-0.01171875,0.93383789
1590396462.56151247,0.32836914,-0.00927734,0.93725586
1590396462.57376170,0.32495117,-0.00415039,0.93383789
1590396462.58551049,0.32812500,-0.00219727,0.92797852
1590396462.59788704,0.33300781,0.00000000,0.92382812
1590396462.60931587,0.33593750,0.00000000,0.92358398
1590396462.62176895,0.33422852,-0.00268555,0.91088867
1590396462.63351965,0.33666992,-0.00366211,0.90820312
1590396462.64568639,0.33642578,-0.00292969,0.90527344
1590396462.65738106,0.33569336,0.00024414,0.91357422
1590396462.66984105,0.33300781,0.00317383,0.91406250
1590396462.68151355,0.33520508,0.00390625,0.92041016
1590396462.69383359,0.33032227,0.00073242,0.92041016
1590396462.70551634,0.32690430,-0.00170898,0.92211914
1590396462.71768618,0.33129883,-0.00170898,0.92358398
1590396462.72937131,0.33105469,-0.00537109,0.92578125
1590396462.74181986,0.33398438,-0.00268555,0.92822266
1590396462.75339985,0.33740234,-0.00195312,0.93139648
1590396462.76587987,0.33227539,-0.00415039,0.93188477
1590396462.77736449,0.33032227,-0.00512695,0.93359375
1590396462.78964782,0.32763672,-0.00634766,0.93212891
1590396462.80137157,0.32714844,-0.00708008,0.92968750
1590396462.81382608,0.32763672,-0.00170898,0.93261719
1590396462.82551074,0.32812500,0.00146484,0.93359375
1590396462.83767915,0.32812500,0.00073242,0.93066406
1590396462.84937167,0.32836914,-0.00195312,0.92944336
1590396462.86190891,0.33178711,-0.00756836,0.93554688
1590396462.87336826,0.33471680,-0.00854492,0.94067383
1590396462.88564563,0.33227539,-0.01000977,0.93896484
1590396462.89735556,0.32958984,-0.00537109,0.94091797
1590396462.90965939,0.32910156,-0.00561523,0.93798828
1590396462.92131042,0.32592773,-0.00219727,0.93481445
1590396462.93376684,0.32470703,-0.00048828,0.93139648
1590396462.94542217,0.32519531,-0.00512695,0.93188477
1590396462.95764351,0.32373047,-0.00219727,0.93359375
1590396462.96931767,0.32128906,0.00146484,0.93334961
1590396462.98177028,0.32153320,0.00756836,0.93310547
1590396462.99328828,0.32519531,0.01098633,0.93212891
1590396463.00567341,0.32958984,0.00952148,0.92626953
1590396463.01741886,0.32861328,0.00610352,0.92260742
1590396463.02963734,0.33251953,0.00048828,0.92382812
1590396463.04129863,0.32910156,-0.00634766,0.91894531
1590396463.05375648,0.32885742,-0.00976562,0.92163086
1590396463.06539750,0.33154297,-0.01269531,0.91992188
1590396463.07765198,0.32788086,-0.01513672,0.92407227
1590396463.08936834,0.33032227,-0.01391602,0.92407227
1590396463.10160160,0.33227539,-0.00439453,0.92358398
1590396463.11345506,0.32836914,0.00292969,0.92333984
1590396463.12564325,0.32495117,0.00463867,0.92480469
1590396463.13737464,0.32690430,0.00000000,0.93041992
1590396463.14984226,0.32812500,-0.00781250,0.93066406
1590396463.16125989,0.32348633,-0.00781250,0.93041992
1590396463.17375636,0.32617188,-0.00048828,0.92675781
1590396463.18541503,0.32812500,0.00244141,0.92993164
1590396463.19764137,0.32641602,0.00195312,0.92309570
1590396463.20936942,0.32519531,-0.00756836,0.91894531
1590396463.22164297,0.32812500,-0.01586914,0.93554688
1590396463.23336840,0.33154297,-0.02075195,0.93701172
1590396463.24583077,0.33105469,-0.01806641,0.93579102
1590396463.25750279,0.33618164,-0.01831055,0.93383789
1590396463.27021337,0.33471680,-0.01513672,0.93090820
1590396463.28151059,0.33203125,-0.00854492,0.92578125
1590396463.29383707,0.33325195,-0.01049805,0.92163086
1590396463.30531788,0.33666992,-0.01074219,0.92675781
1590396463.31783247,0.33081055,-0.00537109,0.93090820
1590396463.32948899,0.32666016,0.00000000,0.93823242
1590396463.34170699,0.32495117,0.00463867,0.94384766
1590396463.35346937,0.32739258,0.01293945,0.93994141
1590396463.36564064,0.32592773,0.01757812,0.93310547
1590396463.37731528,0.32861328,0.02001953,0.92456055
1590396463.38979244,0.32910156,0.01806641,0.90820312
1590396463.40126371,0.33178711,0.01220703,0.90429688
1590396463.41377401,0.33276367,0.00976562,0.90673828
1590396463.42542577,0.33398438,0.00854492,0.91625977
1590396463.43762922,0.32788086,0.00976562,0.92138672
1590396463.44930124,0.32397461,0.01074219,0.92993164
1590396463.46176314,0.32348633,0.00903320,0.93554688
1590396463.47326279,0.32763672,0.00463867,0.93994141
1590396463.48570299,0.33227539,0.00292969,0.93554688
1590396463.49736881,0.33300781,0.00268555,0.92944336
1590396463.50964117,0.33691406,0.00805664,0.92260742
1590396463.52139235,0.33154297,0.01538086,0.91650391
1590396463.53363991,0.32299805,0.02270508,0.91748047
1590396463.54531789,0.32275391,0.02075195,0.92358398
1590396463.55779099,0.32348633,0.01562500,0.93334961
1590396463.56923413,0.32250977,0.00659180,0.93994141
1590396463.58170056,0.32250977,0.00170898,0.94360352
1590396463.59339929,0.32446289,0.00170898,0.94726562
1590396463.60574031,0.32250977,0.00195312,0.93945312
1590396463.61725903,0.32128906,0.00708008,0.93188477
1590396463.62966990,0.32055664,0.00854492,0.92529297
1590396463.64127922,0.32275391,0.01025391,0.92651367
1590396463.65364766,0.32250977,0.00976562,0.93237305
1590396463.66524982,0.32299805,0.00732422,0.94213867
1590396463.67782283,0.32568359,0.00024414,0.94824219
1590396463.68930197,0.32934570,-0.00683594,0.94921875
1590396463.70181942,0.32861328,-0.00854492,0.94506836
1590396463.71330357,0.32543945,-0.00317383,0.93701172
1590396463.72576785,0.31982422,0.00878906,0.93334961
1590396463.73723388,0.31982422,0.02001953,0.93066406
1590396463.74982619,0.32250977,0.02294922,0.92895508
1590396463.76125741,0.32373047,0.02441406,0.93139648
1590396463.77377415,0.32788086,0.01782227,0.92993164
1590396463.78525162,0.32958984,0.00903320,0.93237305
1590396463.79767203,0.32568359,0.00463867,0.92822266
1590396463.80936480,0.33056641,0.00927734,0.92724609
1590396463.82163858,0.32885742,0.01269531,0.92236328
1590396463.83336806,0.32861328,0.01318359,0.91772461
1590396463.84556985,0.32641602,0.01245117,0.91772461
1590396463.85723495,0.32812500,0.01074219,0.92285156
1590396463.86967039,0.32788086,0.00488281,0.91699219
1590396463.88137436,0.32983398,0.00195312,0.92382812
1590396463.89354920,0.33300781,0.00756836,0.92260742
1590396463.90528846,0.32373047,0.01367188,0.92456055
1590396463.91754341,0.31640625,0.02001953,0.92358398
1590396463.92925692,0.31567383,0.01977539,0.92724609
1590396463.94168949,0.31616211,0.01196289,0.92822266
1590396463.95337391,0.31445312,0.00732422,0.93310547
1590396463.96555352,0.31420898,0.00610352,0.92919922
1590396463.97725558,0.31518555,0.00415039,0.92822266
1590396463.98969698,0.31494141,0.00122070,0.93066406
1590396464.00134754,0.31396484,-0.00024414,0.93872070
1590396464.01356602,0.31103516,0.00292969,0.94238281
1590396464.02528000,0.31152344,0.00366211,0.94506836
1590396464.03776598,0.31591797,-0.00292969,0.94262695
1590396464.04920101,0.31713867,-0.00122070,0.94409180
1590396464.06178808,0.32275391,0.00024414,0.93652344
1590396464.07326794,0.32617188,0.00439453,0.93334961
1590396464.08576608,0.32519531,0.00488281,0.93408203
1590396464.09717846,0.32275391,0.00537109,0.94067383
1590396464.10962844,0.32324219,0.00170898,0.94506836
1590396464.12135816,0.32470703,-0.00366211,0.94970703
1590396464.13380384,0.32519531,-0.00366211,0.94555664
1590396464.14519787,0.32080078,0.00268555,0.94238281
1590396464.15756011,0.31811523,0.01293945,0.93945312
1590396464.16919422,0.31884766,0.01782227,0.94213867
1590396464.18162894,0.31884766,0.01440430,0.94262695
1590396464.19329619,0.32421875,0.01123047,0.94824219
1590396464.20567918,0.32104492,0.01000977,0.94140625
1590396464.21732044,0.31909180,0.01098633,0.93872070
1590396464.22976160,0.31689453,0.01977539,0.92944336
1590396464.24118805,0.31469727,0.02612305,0.93164062
1590396464.25363231,0.31420898,0.02539062,0.92895508
1590396464.26525426,0.31860352,0.01733398,0.92871094
1590396464.27768111,0.32128906,0.00903320,0.92968750
1590396464.28915668,0.32348633,0.00854492,0.93041992
1590396464.30163789,0.32568359,0.00683594,0.92700195
1590396464.31337023,0.32470703,0.00488281,0.92163086
1590396464.32555985,0.32324219,0.00708008,0.91845703
1590396464.33723426,0.32373047,0.01464844,0.92553711
1590396464.34967351,0.32153320,0.01708984,0.92578125
1590396464.36134338,0.31811523,0.01733398,0.93041992
1590396464.37357306,0.31909180,0.01245117,0.93212891
1590396464.38523102,0.32299805,0.00537109,0.93652344
1590396464.39769745,0.32348633,0.00048828,0.92724609
1590396464.40938425,0.32275391,0.00024414,0.91967773
1590396464.42154694,0.32031250,0.00634766,0.92138672
1590396464.43324971,0.31640625,0.01562500,0.92749023
1590396464.44556117,0.31005859,0.02221680,0.93847656
1590396464.45725441,0.30761719,0.02368164,0.94970703
1590396464.46950126,0.30346680,0.02124023,0.95581055
1590396464.48114991,0.30395508,0.01806641,0.95410156
1590396464.49363708,0.30493164,0.01025391,0.94262695
1590396464.50529790,0.31347656,0.00634766,0.94360352
1590396464.51753283,0.31958008,0.00122070,0.94189453
1590396464.52928686,0.32153320,0.00415039,0.93798828
1590396464.54151869,0.32177734,0.01293945,0.93017578
1590396464.55319071,0.32470703,0.02026367,0.93383789
1590396464.56570768,0.33081055,0.02661133,0.93725586
1590396464.57738113,0.33471680,0.02490234,0.94165039
1590396464.58962560,0.33911133,0.02441406,0.94262695
1590396464.60130095,0.33837891,0.01953125,0.94091797
1590396464.61350369,0.34179688,0.02026367,0.93530273
1590396464.62524819,0.35131836,0.02197266,0.92871094
1590396464.63751340,0.35278320,0.02905273,0.92456055
1590396464.64925671,0.34741211,0.03149414,0.92163086
1590396464.66150069,0.34155273,0.02954102,0.91894531
1590396464.67328882,0.33422852,0.02221680,0.92187500
1590396464.68552399,0.33203125,0.01977539,0.93286133
1590396464.69722342,0.32446289,0.02685547,0.93579102
1590396464.70969057,0.31445312,0.03540039,0.93969727
1590396464.72136140,0.30810547,0.03979492,0.92846680
1590396464.73362327,0.30590820,0.03173828,0.91943359
1590396464.74531555,0.30566406,0.01831055,0.91821289
1590396464.75750232,0.32373047,-0.00415039,0.91357422
1590396464.76917148,0.33056641,-0.01391602,0.91015625
1590396464.78163767,0.33374023,-0.01049805,0.90283203
1590396464.79336619,0.33227539,-0.00219727,0.90014648
1590396464.80554986,0.32641602,0.01318359,0.90258789
1590396464.81722975,0.33081055,0.02343750,0.90942383
1590396464.82955289,0.33276367,0.01416016,0.91064453
1590396464.84127331,0.33837891,0.01098633,0.91357422
1590396464.85348797,0.34106445,0.00952148,0.91308594
1590396464.86519265,0.34399414,0.01367188,0.90673828
1590396464.87770224,0.33422852,0.02783203,0.90551758
1590396464.88914347,0.33837891,0.02490234,0.90234375
1590396464.90169430,0.32983398,0.03149414,0.90332031
1590396464.91319537,0.32958984,0.03466797,0.91406250
1590396464.92567492,0.33032227,0.03784180,0.92822266
1590396464.93708658,0.33227539,0.03784180,0.93066406
1590396464.94958854,0.32666016,0.03955078,0.93188477
1590396464.96122193,0.32495117,0.04882812,0.92700195
1590396464.97375488,0.32568359,0.04980469,0.92675781
1590396464.98532295,0.31616211,0.04736328,0.93286133
1590396464.99772549,0.31567383,0.04199219,0.93408203
1590396465.00929618,0.32128906,0.03930664,0.94116211
1590396465.02152371,0.32495117,0.03881836,0.94311523
1590396465.03325605,0.32690430,0.03808594,0.94653320
1590396465.04570699,0.32885742,0.04199219,0.94653320
1590396465.05732250,0.33374023,0.04223633,0.95678711
1590396465.06950116,0.34008789,0.03393555,0.96093750
1590396465.08117867,0.33764648,0.02563477,0.96044922
1590396465.09361625,0.33398438,0.02197266,0.95361328
1590396465.10525036,0.33178711,0.02465820,0.94482422
1590396465.11766958,0.33300781,0.02612305,0.93579102
1590396465.12912202,0.33740234,0.02978516,0.93725586
1590396465.14163160,0.33935547,0.02636719,0.94189453
1590396465.15312552,0.34252930,0.01806641,0.94555664
1590396465.16563320,0.34497070,0.01855469,0.94946289
1590396465.17728162,0.34057617,0.02246094,0.94897461
1590396465.18949866,0.34399414,0.02612305,0.94360352
1590396465.20120120,0.34619141,0.02539062,0.92919922
1590396465.21363354,0.34716797,0.02416992,0.92700195
1590396465.22511077,0.34155273,0.02343750,0.92504883
1590396465.23764873,0.33642578,0.02392578,0.92211914
1590396465.24928236,0.33129883,0.01733398,0.91748047
1590396465.26150346,0.32397461,0.01538086,0.90747070
1590396465.27314091,0.31909180,0.00781250,0.89160156
1590396465.28564429,0.31323242,-0.00317383,0.87207031
1590396465.29729772,0.30541992,-0.01391602,0.85449219
1590396465.30965948,0.29565430,-0.02978516,0.84106445
1590396465.32126975,0.29223633,-0.04125977,0.83569336
1590396465.33349371,0.30371094,-0.05249023,0.83422852
1590396465.34552240,0.31030273,-0.05712891,0.84008789
1590396465.35762644,0.30859375,-0.06005859,0.85156250
1590396465.36906147,0.30517578,-0.05859375,0.86621094
1590396465.38149858,0.30297852,-0.06005859,0.88134766
1590396465.39312530,0.29638672,-0.04736328,0.91967773
1590396465.40561032,0.27978516,-0.03344727,0.94531250
1590396465.41727090,0.27416992,-0.03027344,0.98315430
1590396465.42966747,0.25537109,-0.02343750,0.99584961
1590396465.44117546,0.26611328,-0.02539062,1.00170898
1590396465.45362401,0.26684570,-0.01391602,0.99877930
1590396465.46524143,0.28173828,-0.02075195,0.96508789
1590396465.47769451,0.29101562,-0.01025391,0.93920898
1590396465.48906565,0.31201172,0.00732422,0.93481445
1590396465.50149298,0.31591797,0.02416992,0.91967773
1590396465.51315308,0.31201172,0.03271484,0.90649414
1590396465.52555084,0.31494141,0.05126953,0.90966797
1590396465.53724289,0.32299805,0.06958008,0.90576172
1590396465.54939961,0.33593750,0.07592773,0.90356445
1590396465.56105566,0.34106445,0.07275391,0.89624023
1590396465.57349396,0.35107422,0.07666016,0.90209961
1590396465.58507919,0.35717773,0.07934570,0.90869141
1590396465.59750581,0.35449219,0.07739258,0.89770508
1590396465.60915041,0.34277344,0.08642578,0.89965820
1590396465.62155509,0.34716797,0.08935547,0.89550781
1590396465.63321400,0.34790039,0.09936523,0.89501953
1590396465.64538836,0.36889648,0.09228516,0.88476562
1590396465.65700459,0.37670898,0.08862305,0.88085938
1590396465.66956401,0.36962891,0.09960938,0.88720703
1590396465.68121052,0.36645508,0.10620117,0.90234375
1590396465.69363403,0.36328125,0.11669922,0.90039062
1590396465.70523667,0.36230469,0.14257812,0.89575195
1590396465.71741652,0.36083984,0.16137695,0.89086914
1590396465.72900152,0.36230469,0.16748047,0.89111328
1590396465.74141002,0.36938477,0.15869141,0.88916016
1590396465.75321841,0.38842773,0.12939453,0.89111328
1590396465.76561904,0.39843750,0.11181641,0.87646484
1590396465.77699995,0.39599609,0.11669922,0.86303711
1590396465.78938699,0.39672852,0.13354492,0.86450195
1590396465.80101156,0.38647461,0.16503906,0.86889648
1590396465.81340146,0.37719727,0.17553711,0.86010742
1590396465.82513690,0.39355469,0.17358398,0.86669922
1590396465.83753848,0.41552734,0.16674805,0.87744141
1590396465.84914851,0.41918945,0.18090820,0.87915039
1590396465.86153936,0.42480469,0.19555664,0.88305664
1590396465.87318325,0.41796875,0.23315430,0.90893555
1590396465.88554883,0.41870117,0.26464844,0.93627930
1590396465.89718342,0.43530273,0.27246094,0.95678711
1590396465.90961504,0.45288086,0.26220703,0.95605469
1590396465.92124724,0.48217773,0.24804688,0.94921875
1590396465.93339872,0.51367188,0.25390625,0.94018555
1590396465.94505882,0.54418945,0.26245117,0.94213867
1590396465.95747757,0.55810547,0.28393555,0.94189453
1590396465.96907187,0.57250977,0.31616211,0.93945312
1590396465.98137355,0.59716797,0.34863281,0.93505859
1590396465.99305558,0.60546875,0.37207031,0.94824219
1590396466.00549269,0.59887695,0.38232422,0.96142578
1590396466.01710939,0.59277344,0.40087891,0.97534180
1590396466.02953601,0.59204102,0.43310547,0.97021484
1590396466.04114008,0.60815430,0.44897461,0.95214844
1590396466.05367017,0.62426758,0.44873047,0.93920898
1590396466.06504035,0.62866211,0.44848633,0.92675781
1590396466.07762027,0.62084961,0.42797852,0.92480469
1590396466.08899856,0.60571289,0.39892578,0.94702148
1590396466.10142756,0.59155273,0.38403320,0.97656250
1590396466.11305594,0.59667969,0.37353516,1.00927734
1590396466.12549305,0.58325195,0.37646484,1.03295898
1590396466.13713121,0.56591797,0.36645508,1.03295898
1590396466.14954209,0.55761719,0.34814453,1.03784180
1590396466.16117620,0.54199219,0.31787109,1.05200195
1590396466.17362523,0.52758789,0.28808594,1.05151367
1590396466.18496132,0.52270508,0.28198242,1.04516602
1590396466.19735646,0.52270508,0.28784180,1.02587891
1590396466.20912766,0.50122070,0.29077148,1.00610352
1590396466.22153735,0.47436523,0.27197266,0.98535156
1590396466.23321199,0.45239258,0.24609375,0.98535156
1590396466.24539709,0.42333984,0.22534180,1.00146484
1590396466.25710487,0.39208984,0.23950195,1.01342773
1590396466.26953959,0.38305664,0.26074219,0.99462891
1590396466.28117561,0.39233398,0.26342773,0.95678711
1590396466.29361200,0.40429688,0.24975586,0.90527344
1590396466.30505204,0.40893555,0.25000000,0.86816406
1590396466.31748199,0.39477539,0.25195312,0.85498047
1590396466.32912111,0.36230469,0.25292969,0.88281250
1590396466.34155512,0.32885742,0.25952148,0.93481445
1590396466.35295820,0.33129883,0.23022461,0.97607422
1590396466.36553431,0.35034180,0.17944336,0.97900391
1590396466.37719655,0.36938477,0.15063477,0.96557617
1590396466.38961196,0.40356445,0.14355469,0.93579102
1590396466.40123057,0.44921875,0.14721680,0.90161133
1590396466.41336274,0.51879883,0.15429688,0.86865234
1590396466.42523384,0.56469727,0.17895508,0.85742188
1590396466.43741870,0.54125977,0.20483398,0.84741211
1590396466.44926786,0.45263672,0.21752930,0.84887695
1590396466.46139932,0.40991211,0.17285156,0.85937500
1590396466.47298360,0.40869141,0.09863281,0.86718750
1590396466.48538828,0.42138672,0.03491211,0.87036133
1590396466.49700689,0.42797852,0.00659180,0.88037109
1590396466.50943017,0.44531250,0.01538086,0.89648438
1590396466.52105880,0.42333984,0.07153320,0.87792969
1590396466.53349471,0.37524414,0.14672852,0.83691406
1590396466.54517770,0.35131836,0.17749023,0.83886719
1590396466.55761433,0.31835938,0.14819336,0.85595703
1590396466.56896424,0.30566406,0.08544922,0.88012695
1590396466.58142948,0.29174805,0.04956055,0.89184570
1590396466.59318829,0.27661133,0.06372070,0.90893555
1590396466.60534620,0.28271484,0.10815430,0.92309570
1590396466.61712837,0.32202148,0.18554688,0.95556641
1590396466.62953115,0.34448242,0.26879883,0.99633789
1590396466.64116526,0.36718750,0.32617188,0.96752930
1590396466.65361691,0.38476562,0.36303711,0.90112305
1590396466.66493797,0.33837891,0.35424805,0.81787109
1590396466.67761827,0.26025391,0.25781250,0.77124023
1590396466.68897557,0.23022461,0.14282227,0.79370117
1590396466.70142674,0.18212891,0.08544922,0.85522461
1590396466.71311474,0.11694336,0.09472656,0.93090820
1590396466.72537422,0.07519531,0.13037109,0.95532227
1590396466.73704863,0.01879883,0.19506836,0.98046875
1590396466.74942064,-0.01000977,0.24682617,0.98217773
1590396466.76113081,-0.02294922,0.27075195,0.96630859
1590396466.77335954,-0.02294922,0.22387695,0.94311523
1590396466.78512335,0.01293945,0.11254883,0.91455078
1590396466.79735184,0.04199219,0.00292969,0.87817383
1590396466.80904031,0.04443359,-0.02758789,0.82031250
1590396466.82160616,0.02392578,0.01147461,0.74487305
1590396466.83306980,0.01391602,0.05981445,0.67919922
1590396466.84535933,0.02539062,0.09252930,0.62597656
1590396466.85705447,0.02929688,0.13720703,0.58178711
1590396466.86952186,0.04785156,0.16064453,0.58081055
1590396466.88095474,0.06518555,0.14526367,0.59033203
1590396466.89351320,0.08471680,0.11840820,0.61328125
1590396466.90492058,0.10131836,0.09375000,0.62377930
1590396466.91742730,0.12817383,0.08886719,0.61547852
1590396466.92905927,0.15771484,0.09472656,0.59790039
1590396466.94147301,0.18261719,0.10400391,0.59375000
1590396466.95299792,0.19946289,0.12084961,0.59130859
1590396466.96550655,0.24096680,0.12500000,0.61157227
1590396466.97711158,0.26489258,0.12182617,0.64086914
1590396466.98937273,0.27172852,0.11718750,0.65747070
1590396467.00106621,0.29077148,0.11499023,0.66821289
1590396467.01334167,0.31201172,0.10717773,0.66650391
1590396467.02500367,0.32885742,0.12084961,0.68383789
1590396467.03733611,0.32763672,0.14819336,0.73046875
1590396467.04903579,0.30493164,0.17993164,0.77856445
1590396467.06133413,0.30151367,0.20336914,0.81298828
1590396467.07305288,0.30151367,0.21215820,0.83447266
1590396467.08553123,0.29907227,0.20654297,0.84936523
1590396467.09695172,0.28662109,0.19897461,0.85693359
1590396467.10949445,0.27709961,0.18920898,0.87622070
1590396467.12091851,0.27636719,0.17749023,0.90698242
1590396467.13334560,0.26953125,0.17797852,0.92578125
1590396467.14509487,0.25976562,0.17822266,0.92431641
1590396467.15736938,0.27368164,0.18188477,0.92163086
1590396467.16907978,0.27734375,0.18872070,0.92749023
1590396467.18127084,0.25146484,0.19311523,0.94897461
1590396467.19317317,0.21508789,0.19824219,0.99731445
1590396467.20533514,0.21118164,0.17602539,1.04394531
1590396467.21700406,0.23535156,0.13159180,1.06103516
1590396467.22942114,0.28198242,0.07128906,1.06542969
1590396467.24099779,0.30859375,0.02197266,1.03466797
1590396467.25348306,0.30175781,0.02783203,0.99096680
1590396467.26511359,0.26977539,0.07910156,0.96875000
1590396467.27742505,0.25512695,0.11035156,0.96337891
1590396467.28910470,0.25439453,0.10180664,0.96337891
1590396467.30126309,0.27416992,0.07958984,0.97509766
1590396467.31287789,0.29174805,0.05419922,0.97436523
1590396467.32528949,0.29882812,0.05371094,0.93969727
1590396467.33690214,0.28417969,0.05590820,0.91772461
1590396467.34932876,0.27636719,0.03051758,0.90234375
1590396467.36104321,0.29101562,0.01611328,0.94750977
1590396467.37348747,0.30712891,0.02026367,1.00366211
1590396467.38510275,0.32592773,0.01831055,1.00781250
1590396467.39725828,0.35107422,0.03125000,1.00073242
1590396467.40885615,0.37255859,0.05126953,0.99658203
1590396467.42128468,0.38110352,0.04370117,1.00048828
1590396467.43332219,0.37988281,-0.00268555,1.01489258
1590396467.44529963,0.37719727,-0.06958008,1.01855469
1590396467.45710611,0.37182617,-0.08740234,1.02392578
1590396467.46949553,0.38427734,-0.04150391,1.03588867
1590396467.48091578,0.42602539,0.01879883,1.02319336
1590396467.49334311,0.46215820,0.05834961,0.97265625
1590396467.50495529,0.49780273,0.05444336,0.92285156
1590396467.51727414,0.53271484,0.01245117,0.90258789
1590396467.52892542,0.55322266,-0.02294922,0.88525391
1590396467.54138875,0.54321289,-0.05175781,0.86840820
1590396467.55306554,0.52685547,-0.03002930,0.87451172
1590396467.56525660,0.55786133,0.01708984,0.91650391
1590396467.57691813,0.62060547,0.02099609,0.94677734
1590396467.58933830,0.67138672,0.03051758,0.97729492
1590396467.60099649,0.69555664,0.08081055,0.97680664
1590396467.61340928,0.70043945,0.13940430,0.94555664
1590396467.62506199,0.69873047,0.15893555,0.88354492
1590396467.63733459,0.71069336,0.12036133,0.83056641
1590396467.64906836,0.72119141,0.05175781,0.80395508
1590396467.66148138,0.71728516,0.02197266,0.81689453
1590396467.67287493,0.70190430,0.03149414,0.83544922
1590396467.68537450,0.69091797,0.07788086,0.87500000
1590396467.69703269,0.68432617,0.14038086,0.92163086
1590396467.70948148,0.68774414,0.18188477,0.94824219
1590396467.72109246,0.68823242,0.19897461,0.95458984
1590396467.73328733,0.70410156,0.15722656,0.92553711
1590396467.74505591,0.71557617,0.08642578,0.89746094
1590396467.75728202,0.72094727,0.04760742,0.90063477
1590396467.76886916,0.70117188,0.04980469,0.90771484
1590396467.78132415,0.66381836,0.07568359,0.91894531
1590396467.79293561,0.64184570,0.11962891,0.93408203
1590396467.80533648,0.63549805,0.16186523,0.93701172
1590396467.81696367,0.62426758,0.18383789,0.91943359
1590396467.82937622,0.61572266,0.19042969,0.88208008
1590396467.84099865,0.61767578,0.16967773,0.82348633
1590396467.85347772,0.61645508,0.13574219,0.75317383
1590396467.86486006,0.59838867,0.10400391,0.69726562
1590396467.87735724,0.58374023,0.08276367,0.66845703
1590396467.88901949,0.57348633,0.08325195,0.66406250
1590396467.90132642,0.57446289,0.07324219,0.67016602
1590396467.91294837,0.58276367,0.04028320,0.68139648
1590396467.92540336,0.58129883,0.00805664,0.70361328
1590396467.93699789,0.56689453,-0.03369141,0.71655273
1590396467.94939637,0.54956055,-0.07055664,0.71752930
1590396467.96111727,0.54467773,-0.08764648,0.70190430
1590396467.97363687,0.53710938,-0.09082031,0.68261719
1590396467.98484325,0.54296875,-0.08056641,0.68847656
1590396467.99732018,0.54394531,-0.09716797,0.71899414
1590396468.00889802,0.54003906,-0.10961914,0.77709961
1590396468.02133751,0.53149414,-0.13012695,0.80737305
1590396468.03294086,0.50952148,-0.13354492,0.80786133
1590396468.04547906,0.51782227,-0.13110352,0.78222656
1590396468.05690694,0.55590820,-0.15161133,0.74804688
1590396468.06933212,0.59057617,-0.18603516,0.72680664
1590396468.08099842,0.60083008,-0.20654297,0.77099609
1590396468.09348965,0.58325195,-0.24365234,0.83325195
1590396468.10487032,0.53686523,-0.27954102,0.90454102
1590396468.11734557,0.49609375,-0.31713867,0.95898438
1590396468.12888432,0.46655273,-0.35449219,1.00463867
1590396468.14139438,0.45922852,-0.37963867,1.06713867
1590396468.15306282,0.46630859,-0.38256836,1.13232422
1590396468.16549039,0.46240234,-0.37670898,1.18261719
1590396468.17683363,0.42797852,-0.36376953,1.20092773
1590396468.18928695,0.39746094,-0.36206055,1.17236328
1590396468.20086956,0.37817383,-0.35278320,1.11865234
1590396468.21331525,0.37353516,-0.33374023,1.05981445
1590396468.22492075,0.37670898,-0.32934570,1.00830078
1590396468.23734641,0.35229492,-0.32543945,0.98681641
1590396468.24897313,0.32177734,-0.32641602,0.99096680
1590396468.26141071,0.31591797,-0.35351562,1.00195312
1590396468.27304816,0.30688477,-0.38110352,0.99267578
1590396468.28526855,0.31445312,-0.39892578,0.96313477
1590396468.29689980,0.31958008,-0.38720703,0.92016602
1590396468.30934477,0.33081055,-0.37036133,0.87109375
1590396468.32092047,0.32934570,-0.34716797,0.83789062
1590396468.33335614,0.31713867,-0.31225586,0.83447266
1590396468.34490967,0.29711914,-0.29418945,0.83862305
1590396468.35733724,0.28686523,-0.28393555,0.83984375
1590396468.36904621,0.28149414,-0.28369141,0.83740234
1590396468.38141656,0.29931641,-0.30859375,0.82983398
1590396468.39299726,0.32641602,-0.34179688,0.81372070
1590396468.40547204,0.35229492,-0.36669922,0.80004883
1590396468.41682768,0.36547852,-0.37500000,0.78906250
1590396468.42926216,0.35864258,-0.37500000,0.79028320
1590396468.44086838,0.34472656,-0.38476562,0.79223633
1590396468.45330119,0.33715820,-0.40576172,0.80297852
1590396468.46488714,0.32568359,-0.41162109,0.81005859
1590396468.47744083,0.30126953,-0.39282227,0.79980469
1590396468.48893547,0.27539062,-0.36596680,0.78540039
1590396468.50141025,0.26928711,-0.34838867,0.76049805
1590396468.51295853,0.27587891,-0.34741211,0.73779297
1590396468.52524066,0.28613281,-0.34765625,0.71850586
1590396468.53691030,0.28027344,-0.33984375,0.70166016
1590396468.54939008,0.28247070,-0.32641602,0.68896484
1590396468.56077409,0.27441406,-0.32543945,0.66943359
1590396468.57335329,0.25732422,-0.33251953,0.65576172
1590396468.58480787,0.23657227,-0.34667969,0.64331055
1590396468.59732556,0.21289062,-0.34082031,0.62329102
1590396468.60898590,0.20458984,-0.33666992,0.60253906
1590396468.62126231,0.20996094,-0.33691406,0.58715820
1590396468.63294816,0.21459961,-0.34741211,0.58398438
1590396468.64523029,0.20874023,-0.35888672,0.58789062
1590396468.65701938,0.20947266,-0.36157227,0.61279297
1590396468.66939211,0.22583008,-0.37280273,0.62500000
1590396468.68076968,0.24804688,-0.38305664,0.63232422
1590396468.69333220,0.27221680,-0.40356445,0.61889648
1590396468.70498276,0.29687500,-0.41088867,0.61694336
1590396468.71723247,0.31616211,-0.40795898,0.61181641
1590396468.72894526,0.33471680,-0.42456055,0.63037109
1590396468.74124980,0.35278320,-0.44482422,0.64550781
1590396468.75293279,0.36059570,-0.45190430,0.66748047
1590396468.76523304,0.37377930,-0.44873047,0.67993164
1590396468.77693033,0.38696289,-0.43188477,0.68554688
1590396468.78925920,0.39355469,-0.39160156,0.70361328
1590396468.80094671,0.40014648,-0.36352539,0.71923828
1590396468.81325412,0.41430664,-0.37304688,0.72290039
1590396468.82491469,0.43774414,-0.40209961,0.72583008
1590396468.83723593,0.45068359,-0.42041016,0.74243164
1590396468.84892678,0.44970703,-0.42138672,0.76489258
1590396468.86115074,0.44335938,-0.38842773,0.79541016
1590396468.87278676,0.44018555,-0.34375000,0.81738281
1590396468.88526559,0.44555664,-0.29589844,0.83203125
1590396468.89678025,0.45849609,-0.26757812,0.84570312
1590396468.90931749,0.47924805,-0.27807617,0.85595703
1590396468.92095423,0.48193359,-0.30883789,0.88256836
1590396468.93322277,0.47338867,-0.34472656,0.90112305
1590396468.94490337,0.44677734,-0.37841797,0.91015625
1590396468.95730209,0.42919922,-0.42675781,0.90747070
1590396468.96886587,0.40429688,-0.47241211,0.91040039
1590396468.98112941,0.40234375,-0.48876953,0.93579102
1590396468.99278450,0.40869141,-0.47900391,0.96264648
1590396469.00526309,0.39721680,-0.45776367,0.97607422
1590396469.01673293,0.38330078,-0.42187500,0.98168945
1590396469.02916503,0.37304688,-0.40942383,0.97094727
1590396469.04075837,0.36376953,-0.42260742,0.93872070
1590396469.05333400,0.37573242,-0.44897461,0.90771484
1590396469.06493354,0.39990234,-0.46655273,0.89013672
1590396469.07733226,0.42553711,-0.47412109,0.87060547
1590396469.08877230,0.43994141,-0.46557617,0.85791016
1590396469.10131836,0.43725586,-0.44531250,0.85327148
1590396469.11273146,0.41625977,-0.42431641,0.84375000
1590396469.12524819,0.41552734,-0.42138672,0.83642578
1590396469.13693810,0.43823242,-0.42651367,0.83471680
1590396469.14919615,0.47778320,-0.44824219,0.83154297
1590396469.16085553,0.51367188,-0.46704102,0.82202148
1590396469.17335176,0.53735352,-0.45581055,0.80639648
1590396469.18480945,0.54663086,-0.43359375,0.79882812
1590396469.19726634,0.53735352,-0.41064453,0.80175781
1590396469.20892644,0.52612305,-0.38110352,0.82177734
1590396469.22124934,0.54492188,-0.37060547,0.85815430
1590396469.23293948,0.58105469,-0.35668945,0.89746094
1590396469.24525404,0.59863281,-0.32446289,0.92895508
1590396469.25674200,0.59130859,-0.28100586,0.94067383
1590396469.26916480,0.57788086,-0.25927734,0.93505859
1590396469.28089833,0.57421875,-0.27514648,0.92333984
1590396469.29334164,0.56127930,-0.29467773,0.93017578
1590396469.30473161,0.51977539,-0.31420898,0.94555664
1590396469.31722927,0.48510742,-0.33862305,0.95092773
1590396469.32883716,0.45898438,-0.34423828,0.93603516
1590396469.34125566,0.44091797,-0.33984375,0.89453125
1590396469.35285807,0.42382812,-0.31616211,0.86254883
1590396469.36531711,0.40771484,-0.28881836,0.85693359
1590396469.37694860,0.37695312,-0.26562500,0.86352539
1590396469.38911128,0.35009766,-0.26342773,0.84350586
1590396469.40077257,0.32958984,-0.27392578,0.77832031
1590396469.41324878,0.31982422,-0.29589844,0.71679688
1590396469.42490435,0.35107422,-0.31542969,0.67041016
1590396469.43711638,0.38330078,-0.31933594,0.62426758
1590396469.44893765,0.41674805,-0.32128906,0.57788086
1590396469.46118975,0.45874023,-0.32104492,0.53906250
1590396469.47295904,0.49780273,-0.31567383,0.52270508
1590396469.48521590,0.51660156,-0.28979492,0.55029297
1590396469.49682570,0.53686523,-0.26098633,0.59228516
1590396469.50934076,0.56152344,-0.22338867,0.62255859
1590396469.52077723,0.57885742,-0.17895508,0.62377930
1590396469.53324032,0.59936523,-0.13745117,0.59448242
1590396469.54488683,0.63378906,-0.12597656,0.56420898
1590396469.55733752,0.66015625,-0.13647461,0.55273438
1590396469.56874490,0.67065430,-0.14160156,0.55688477
1590396469.58114815,0.67968750,-0.15649414,0.58081055
1590396469.59276319,0.68798828,-0.16503906,0.59838867
1590396469.60533738,0.68798828,-0.16308594,0.60668945
1590396469.61673045,0.69628906,-0.15039062,0.61425781
1590396469.62916374,0.71362305,-0.14453125,0.61865234
1590396469.64073277,0.74365234,-0.15893555,0.62402344
1590396469.65322351,0.78710938,-0.16406250,0.64770508
1590396469.66487741,0.81616211,-0.17456055,0.65991211
1590396469.67735839,0.82519531,-0.16430664,0.66748047
1590396469.68876576,0.83764648,-0.16674805,0.69750977
1590396469.70122719,0.84667969,-0.18554688,0.73242188
1590396469.71288109,0.83984375,-0.19970703,0.75146484
1590396469.72531533,0.84350586,-0.21630859,0.75219727
1590396469.73692799,0.85278320,-0.21093750,0.76733398
1590396469.74910498,0.85546875,-0.20776367,0.77856445
1590396469.76072598,0.85034180,-0.21704102,0.80493164
1590396469.77323389,0.84692383,-0.23608398,0.85449219
1590396469.78487682,0.84545898,-0.25952148,0.90136719
1590396469.79730558,0.83642578,-0.29101562,0.90844727
1590396469.80867505,0.82006836,-0.30566406,0.90502930
1590396469.82111835,0.80151367,-0.33203125,0.91308594
1590396469.83273244,0.78442383,-0.36279297,0.93408203
1590396469.84522080,0.77490234,-0.37695312,0.95068359
1590396469.85682821,0.75415039,-0.35644531,0.94848633
1590396469.86925554,0.73120117,-0.32568359,0.93676758
1590396469.88086843,0.71215820,-0.28247070,0.91821289
1590396469.89331508,0.70214844,-0.24829102,0.88134766
1590396469.90489435,0.68530273,-0.24291992,0.85424805
1590396469.91715026,0.66601562,-0.26318359,0.82666016
1590396469.92876220,0.65869141,-0.27978516,0.81616211
1590396469.94116259,0.63623047,-0.24438477,0.83691406
1590396469.95303917,0.61181641,-0.21142578,0.85864258
1590396469.96515727,0.58593750,-0.16406250,0.83422852
1590396469.97676396,0.57934570,-0.12280273,0.80786133
1590396469.98924613,0.59252930,-0.10839844,0.76293945
1590396470.00088596,0.58349609,-0.10742188,0.72753906
1590396470.01308441,0.57055664,-0.11694336,0.71191406
1590396470.02477407,0.55126953,-0.12622070,0.69873047
1590396470.03721547,0.53808594,-0.09936523,0.72558594
1590396470.04888797,0.54418945,-0.07763672,0.75830078
1590396470.06110191,0.52954102,-0.04589844,0.74780273
1590396470.07272840,0.52026367,0.00756836,0.77050781
1590396470.08514833,0.49658203,0.03002930,0.79296875
1590396470.09676647,0.47290039,0.03662109,0.78344727
1590396470.10921240,0.47021484,0.03051758,0.74902344
1590396470.12087107,0.45605469,0.04125977,0.75952148
1590396470.13305521,0.40625000,0.08496094,0.83544922
1590396470.14472938,0.33764648,0.11645508,0.88110352
1590396470.15714550,0.31884766,0.11230469,0.89941406
1590396470.16872454,0.33349609,0.09790039,0.91113281
1590396470.18122315,0.32690430,0.09057617,0.90478516
1590396470.19285250,0.33544922,0.07666016,0.88916016
1590396470.20516968,0.34741211,0.05859375,0.88110352
1590396470.21679044,0.34326172,0.05004883,0.91113281
1590396470.22924471,0.30590820,0.03515625,0.94555664
1590396470.24081874,0.27441406,0.03491211,0.96948242
1590396470.25324416,0.25024414,0.06591797,0.98828125
1590396470.26486063,0.23315430,0.09887695,0.98144531
1590396470.27716827,0.23876953,0.11938477,0.95361328
1590396470.28881693,0.25366211,0.11938477,0.92260742
1590396470.30126739,0.25537109,0.12329102,0.89331055
1590396470.31262803,0.26440430,0.15527344,0.90356445
1590396470.32504773,0.23706055,0.18383789,0.92871094
1590396470.33666325,0.19042969,0.18554688,0.94824219
1590396470.34910583,0.16479492,0.17211914,0.97631836
1590396470.36075068,0.19042969,0.14697266,0.99780273
1590396470.37322116,0.23876953,0.11621094,0.97998047
1590396470.38481641,0.22241211,0.13305664,0.89916992
1590396470.39726233,0.18383789,0.20947266,0.80810547
1590396470.40862560,0.12451172,0.35327148,0.76416016
1590396470.42110848,0.07055664,0.47460938,0.76733398
1590396470.43278122,0.06420898,0.50146484,0.82519531
1590396470.44522834,0.08447266,0.42163086,0.88256836
1590396470.45697689,0.10302734,0.29907227,0.93945312
1590396470.46920776,0.11645508,0.21313477,0.99243164
