1591242396.86721969,5.84634161,0.10476688,-0.06753028
1591242396.87933064,5.84591052,0.10449112,-0.07080103
1591242396.89114165,5.84579009,0.10447192,-0.07375587
1591242396.90343595,5.84596288,0.10472848,-0.07638957
1591242396.91500068,5.84635732,0.10508278,-0.07843859
1591242396.92730570,5.84710258,0.10534284,-0.07994132
1591242396.93900204,5.84826147,0.10534807,-0.08099026
1591242396.95132828,5.84968566,0.10558544,-0.08177042
1591242396.96312904,5.85148859,0.10598337,-0.08206713
1591242396.97551060,5.85384653,0.10640923,-0.08205840
1591242396.98704672,5.85653957,0.10685080,-0.08201477
1591242396.99954224,5.85933733,0.10743200,-0.08217883
1591242397.01111197,5.86182094,0.10789276,-0.08255058
1591242397.02343154,5.86359245,0.10827325,-0.08317716
1591242397.03495717,5.86457332,0.10854726,-0.08396081
1591242397.04755020,5.86490319,0.10882826,-0.08493645
1591242397.05908823,5.86459950,0.10921747,-0.08587544
1591242397.07140112,5.86359419,0.10977248,-0.08654913
1591242397.08317852,5.86220142,0.11042524,-0.08708669
1591242397.09548068,5.86066029,0.11116177,-0.08743052
1591242397.10706401,5.85911917,0.11184943,-0.08758411
1591242397.11945915,5.85773163,0.11248647,-0.08767312
1591242397.13098741,5.85642787,0.11311828,-0.08785289
1591242397.14333987,5.85500543,0.11366980,-0.08796110
1591242397.15512466,5.85343638,0.11425449,-0.08814087
1591242397.16750288,5.85190921,0.11483219,-0.08825432
1591242397.17904663,5.85038380,0.11534881,-0.08815833
1591242397.19135165,5.84857738,0.11596317,-0.08782148
1591242397.20318103,5.84666973,0.11651120,-0.08726472
1591242397.21549344,5.84476209,0.11722329,-0.08626988
1591242397.22702384,5.84315290,0.11785859,-0.08528726
1591242397.23933315,5.84210919,0.11858116,-0.08432558
1591242397.25112009,5.84159781,0.11940146,-0.08354018
1591242397.26340556,5.84128016,0.12023224,-0.08277748
1591242397.27517962,5.84126096,0.12087976,-0.08214218
1591242397.28754878,5.84175314,0.12150110,-0.08171457
1591242397.29912329,5.84265897,0.12189030,-0.08148942
1591242397.31150079,5.84368173,0.12201422,-0.08167443
1591242397.32304287,5.84457359,0.12172101,-0.08262563
1591242397.33534765,5.84492091,0.12156393,-0.08374962
1591242397.34711814,5.84493488,0.12160756,-0.08545830
1591242397.35945010,5.84476907,0.12161978,-0.08764520
1591242397.37098932,5.84445840,0.12184842,-0.09032602
1591242397.38334394,5.84374282,0.12226904,-0.09299463
1591242397.39497757,5.84258217,0.12263556,-0.09506808
1591242397.40733457,5.84120685,0.12293750,-0.09624967
1591242397.41893816,5.83979663,0.12298463,-0.09662317
1591242397.43152547,5.83856792,0.12268268,-0.09623047
1591242397.44304943,5.83751897,0.12248721,-0.09583254
1591242397.45535302,5.83673008,0.12201248,-0.09511870
1591242397.46714163,5.83620300,0.12145223,-0.09461430
1591242397.47946453,5.83575619,0.12089721,-0.09458114
1591242397.49100423,5.83535826,0.12030205,-0.09497035
1591242397.50333810,5.83506679,0.11970690,-0.09568593
1591242397.51498246,5.83468805,0.11911349,-0.09633170
1591242397.52731371,5.83410162,0.11867715,-0.09679247
1591242397.53918242,5.83326212,0.11822162,-0.09678200
1591242397.55146980,5.83229346,0.11787954,-0.09639279
1591242397.56300139,5.83134574,0.11779227,-0.09580985
1591242397.57531548,5.83052893,0.11780274,-0.09510997
1591242397.58709502,5.82989538,0.11802615,-0.09428792
1591242397.59942532,5.82953409,0.11855323,-0.09331926
1591242397.61101174,5.82949046,0.11932816,-0.09223192
1591242397.62333655,5.82979938,0.12013625,-0.09096132
1591242397.63511682,5.83044864,0.12079598,-0.08995427
1591242397.64739728,5.83121484,0.12108920,-0.08934864
1591242397.65909076,5.83192868,0.12090943,-0.08913047
1591242397.67143989,5.83249068,0.12031078,-0.08919680
1591242397.68297505,5.83281182,0.11940670,-0.08938006
1591242397.69553661,5.83284149,0.11853927,-0.08939053
1591242397.70705271,5.83264252,0.11798426,-0.08914793
1591242397.71940970,5.83242610,0.11790048,-0.08885646
1591242397.73100209,5.83220794,0.11842757,-0.08854579
1591242397.74332666,5.83202119,0.11936307,-0.08807630
1591242397.75511694,5.83188505,0.12024969,-0.08741132
1591242397.76743221,5.83157264,0.12125326,-0.08664862
1591242397.77904534,5.83107522,0.12236503,-0.08585973
1591242397.79133916,5.83041723,0.12344190,-0.08491899
1591242397.80312181,5.82958820,0.12433202,-0.08376010
1591242397.81546283,5.82843628,0.12495161,-0.08236209
1591242397.82698727,5.82714474,0.12515407,-0.08090299
1591242397.83954787,5.82614466,0.12494289,-0.07929554
1591242397.85107088,5.82548493,0.12426395,-0.07766715
1591242397.86335754,5.82508525,0.12329006,-0.07610159
1591242397.87512445,5.82501369,0.12211720,-0.07473151
1591242397.88743305,5.82538544,0.12081169,-0.07351676
1591242397.89905238,5.82601202,0.11964581,-0.07248876
1591242397.91135120,5.82669444,0.11861781,-0.07161784
1591242397.92293692,5.82722502,0.11784114,-0.07086735
1591242397.93551111,5.82736639,0.11724947,-0.07009591
1591242397.94702125,5.82717441,0.11674333,-0.06932099
1591242397.95933414,5.82674157,0.11616388,-0.06851290
1591242397.97112298,5.82614466,0.11548495,-0.06763674
1591242397.98343658,5.82561757,0.11468035,-0.06679899
1591242397.99506044,5.82527898,0.11368202,-0.06611831
1591242398.00751925,5.82525804,0.11259643,-0.06581288
1591242398.01909065,5.82543606,0.11139564,-0.06592981
1591242398.03143597,5.82553380,0.11013726,-0.06636964
1591242398.04300785,5.82547271,0.10910053,-0.06698225
1591242398.05534935,5.82535577,0.10819645,-0.06775543
1591242398.06718993,5.82521964,0.10753323,-0.06869965
1591242398.07936239,5.82493515,0.10709689,-0.06956010
1591242398.09119558,5.82450929,0.10689094,-0.07017620
1591242398.10354495,5.82403456,0.10680193,-0.07056715
1591242398.11511278,5.82357728,0.10678972,-0.07087084
1591242398.12756491,5.82318982,0.10659249,-0.07147472
1591242398.13915348,5.82282330,0.10605668,-0.07240498
1591242398.15151334,5.82221593,0.10563256,-0.07472802
1591242398.16306710,5.82130836,0.10455220,-0.07825533
1591242398.17548394,5.81994176,0.10284353,-0.08245634
1591242398.18706560,5.81780548,0.10059903,-0.08654390
1591242398.19941998,5.81482271,0.09810147,-0.09031381
1591242398.21103716,5.81124304,0.09580112,-0.09343969
1591242398.22337770,5.80768955,0.09369451,-0.09559168
1591242398.23520231,5.80452003,0.09197711,-0.09696875
1591242398.24754858,5.80181477,0.09084788,-0.09765990
1591242398.25915813,5.79956504,0.09035395,-0.09749409
1591242398.27152348,5.79799599,0.09048834,-0.09666506
1591242398.28310037,5.79698370,0.09133657,-0.09535606
1591242398.29544020,5.79609009,0.09273632,-0.09391791
1591242398.30696917,5.79513889,0.09446944,-0.09253736
1591242398.31955671,5.79426797,0.09634043,-0.09115855
1591242398.33112168,5.79340752,0.09815557,-0.08975530
1591242398.34348059,5.79246155,0.09976477,-0.08843060
1591242398.35500646,5.79161332,0.10109122,-0.08729962
1591242398.36757040,5.79084189,0.10208605,-0.08633969
1591242398.37909102,5.79023102,0.10286098,-0.08547750
1591242398.39140797,5.79010536,0.10343519,-0.08455422
1591242398.40318727,5.79041254,0.10389247,-0.08351924
1591242398.41547346,5.79120666,0.10424153,-0.08244412
1591242398.42703676,5.79241443,0.10456442,-0.08158193
1591242398.43936181,5.79370423,0.10496759,-0.08099200
1591242398.45115590,5.79508478,0.10536727,-0.08078606
1591242398.46346307,5.79652643,0.10580360,-0.08093266
1591242398.47498155,5.79792618,0.10628008,-0.08138819
1591242398.48757887,5.79910777,0.10669721,-0.08187863
1591242398.49919462,5.80005024,0.10706024,-0.08228180
1591242398.51149464,5.80079201,0.10734124,-0.08252615
1591242398.52309060,5.80143953,0.10755592,-0.08259945
1591242398.53546858,5.80227729,0.10781771,-0.08260294
1591242398.54701090,5.80334892,0.10803763,-0.08260643
1591242398.55934072,5.80467886,0.10811791,-0.08265356
1591242398.57112551,5.80622871,0.10800446,-0.08268497
1591242398.58348942,5.80777507,0.10775139,-0.08274955
1591242398.59515738,5.80925511,0.10737440,-0.08294503
1591242398.60754728,5.81057633,0.10680193,-0.08331504
1591242398.61920524,5.81169159,0.10611602,-0.08385260
1591242398.63152289,5.81274926,0.10537076,-0.08456120
1591242398.64306116,5.81367429,0.10468485,-0.08540245
1591242398.65553141,5.81428690,0.10407573,-0.08636762
1591242398.66707182,5.81469007,0.10370746,-0.08751430
1591242398.67945480,5.81511244,0.10352420,-0.08867669
1591242398.69098878,5.81553306,0.10353642,-0.08956506
1591242398.70361137,5.81596765,0.10369699,-0.09012182
1591242398.71513104,5.81647554,0.10388200,-0.09012706
1591242398.72757912,5.81721556,0.10405828,-0.08969072
1591242398.73920751,5.81817723,0.10400592,-0.08911477
1591242398.75151825,5.81910750,0.10394832,-0.08858244
1591242398.76305246,5.82001158,0.10366558,-0.08808677
1591242398.77543354,5.82076730,0.10329208,-0.08773596
1591242398.78698015,5.82138340,0.10291858,-0.08756666
1591242398.79955935,5.82160506,0.10261838,-0.08736071
1591242398.81108189,5.82157190,0.10231993,-0.08720363
1591242398.82339764,5.82153525,0.10215238,-0.08703084
1591242398.83495736,5.82148987,0.10210525,-0.08673065
1591242398.84758019,5.82145496,0.10226408,-0.08626813
1591242398.85921097,5.82148289,0.10257824,-0.08575326
1591242398.87153006,5.82147765,0.10299537,-0.08508655
1591242398.88305521,5.82152478,0.10345614,-0.08454898
1591242398.89539123,5.82160506,0.10398846,-0.08402015
1591242398.90719604,5.82168360,0.10452777,-0.08343197
1591242398.91958523,5.82184068,0.10507580,-0.08288394
1591242398.93111205,5.82209899,0.10563780,-0.08238303
1591242398.94347501,5.82258245,0.10617012,-0.08182802
1591242398.95505333,5.82328407,0.10657853,-0.08133932
1591242398.96734381,5.82439933,0.10676528,-0.08094837
1591242398.97895241,5.82580083,0.10680717,-0.08076686
1591242398.99151850,5.82709761,0.10679495,-0.08078431
1591242399.00303102,5.82822510,0.10687524,-0.08097804
1591242399.01534319,5.82923390,0.10691538,-0.08143357
1591242399.02711272,5.83016067,0.10702359,-0.08215963
1591242399.03945851,5.83113456,0.10727492,-0.08297819
1591242399.05098557,5.83209798,0.10769903,-0.08370774
1591242399.06336021,5.83293923,0.10829070,-0.08421737
1591242399.07515359,5.83366180,0.10906388,-0.08442158
1591242399.08752036,5.83435644,0.10985277,-0.08431162
1591242399.09905481,5.83513311,0.11055265,-0.08399921
1591242399.11136436,5.83598308,0.11098025,-0.08374613
1591242399.12314963,5.83690811,0.11102738,-0.08361174
1591242399.13544297,5.83799196,0.11074638,-0.08372693
1591242399.14695811,5.83912119,0.11036240,-0.08402190
1591242399.15953398,5.84009682,0.10980739,-0.08439540
1591242399.17103791,5.84079496,0.10924190,-0.08475319
1591242399.18358707,5.84125223,0.10874274,-0.08488583
1591242399.19506335,5.84157163,0.10840065,-0.08473574
1591242399.20736861,5.84191895,0.10813536,-0.08427322
1591242399.21897936,5.84232386,0.10780550,-0.08358033
1591242399.23154140,5.84268515,0.10760478,-0.08262040
1591242399.24309182,5.84305516,0.10740756,-0.08180184
1591242399.25540543,5.84356305,0.10696774,-0.08099375
1591242399.26720071,5.84407618,0.10670769,-0.08051553
1591242399.27958393,5.84438510,0.10643541,-0.08013505
1591242399.29113913,5.84457185,0.10615965,-0.07952942
1591242399.30349016,5.84489997,0.10591356,-0.07883827
1591242399.31501842,5.84532409,0.10574252,-0.07812617
1591242399.32758474,5.84594368,0.10562384,-0.07740186
1591242399.33914971,5.84674653,0.10546850,-0.07678052
1591242399.35149741,5.84744641,0.10537600,-0.07640353
1591242399.36303282,5.84796477,0.10544930,-0.07622027
1591242399.37533212,5.84807123,0.10552959,-0.07610857
1591242399.38711572,5.84782340,0.10564303,-0.07594102
1591242399.39942217,5.84771344,0.10579837,-0.07584154
1591242399.41101313,5.84773788,0.10593101,-0.07564432
1591242399.42342329,5.84775009,0.10613522,-0.07539997
1591242399.43514538,5.84783911,0.10628532,-0.07505614
1591242399.44759107,5.84814803,0.10639702,-0.07467740
1591242399.45913649,5.84862101,0.10637258,-0.07420093
1591242399.47151589,5.84915334,0.10629230,-0.07361624
1591242399.48310184,5.84967694,0.10610380,-0.07299491
1591242399.49546814,5.85001728,0.10578790,-0.07237357
1591242399.50700068,5.85012898,0.10551213,-0.07177492
1591242399.51947331,5.85013596,0.10540392,-0.07116580
1591242399.53114748,5.85006615,0.10547199,-0.07060729
1591242399.54358268,5.85007138,0.10579313,-0.07005752
1591242399.55519748,5.85018483,0.10624168,-0.06961071
1591242399.56736898,5.85033493,0.10664136,-0.06933495
1591242399.57904267,5.85057055,0.10696076,-0.06925117
1591242399.59137368,5.85090390,0.10710213,-0.06930004
1591242399.60297346,5.85129137,0.10708817,-0.06945014
1591242399.61553836,5.85183067,0.10687698,-0.06973114
1591242399.62708449,5.85243979,0.10648428,-0.07017445
1591242399.63938856,5.85308382,0.10598163,-0.07071376
1591242399.65100145,5.85376624,0.10527652,-0.07132288
1591242399.66358376,5.85447485,0.10432007,-0.07188488
1591242399.67515206,5.85507349,0.10324146,-0.07225140
1591242399.68760467,5.85555346,0.10218205,-0.07247305
1591242399.69917345,5.85588682,0.10122386,-0.07261966
1591242399.71149755,5.85606310,0.10040007,-0.07274009
1591242399.72309947,5.85604739,0.09970193,-0.07260744
1591242399.73542714,5.85591998,0.09896191,-0.07221474
1591242399.74698687,5.85584144,0.09810147,-0.07153756
1591242399.75955486,5.85594790,0.09696700,-0.07062649
1591242399.77115846,5.85616782,0.09565626,-0.06944665
1591242399.78348303,5.85622018,0.09428967,-0.06800675
1591242399.79513192,5.85621669,0.09286199,-0.06664714
1591242399.80753732,5.85624287,0.09145874,-0.06554409
1591242399.81910372,5.85618702,0.09011309,-0.06487912
1591242399.83145118,5.85607706,0.08891754,-0.06460860
1591242399.84300661,5.85586238,0.08800125,-0.06450562
1591242399.85546350,5.85549761,0.08728392,-0.06428222
1591242399.86704922,5.85509618,0.08677079,-0.06378829
1591242399.87945342,5.85478552,0.08641823,-0.06289818
1591242399.89102006,5.85469650,0.08604473,-0.06179164
1591242399.90339327,5.85494260,0.08581958,-0.06074095
1591242399.91522622,5.85550634,0.08556826,-0.06004107
1591242399.92757821,5.85631966,0.08538849,-0.05967455
1591242399.93922663,5.85724294,0.08530995,-0.05959950
1591242399.95136118,5.85807197,0.08534136,-0.05970771
1591242399.96300244,5.85882421,0.08540245,-0.05984210
1591242399.97537541,5.85970560,0.08541816,-0.05997999
1591242399.98721313,5.86067426,0.08554906,-0.06007249
1591242399.99945307,5.86174065,0.08567647,-0.05993461
1591242400.01103473,5.86294318,0.08575152,-0.05970073
1591242400.02338028,5.86412652,0.08594350,-0.05949478
1591242400.03519869,5.86528018,0.08621927,-0.05934294
1591242400.04753017,5.86637625,0.08663640,-0.05923473
1591242400.05915451,5.86742868,0.08716872,-0.05925218
1591242400.07152486,5.86835196,0.08768883,-0.05930978
1591242400.08308768,5.86920543,0.08796285,-0.05954016
1591242400.09543848,5.87011823,0.08804662,-0.05989097
1591242400.10705423,5.87102231,0.08803790,-0.06035523
1591242400.11940074,5.87188800,0.08799776,-0.06092246
1591242400.13096976,5.87274495,0.08806757,-0.06150715
1591242400.14341164,5.87357224,0.08818276,-0.06207962
1591242400.15501165,5.87432273,0.08839395,-0.06241472
1591242400.16738939,5.87504530,0.08860164,-0.06244439
1591242400.17909336,5.87579579,0.08866622,-0.06220877
1591242400.19143844,5.87636826,0.08868018,-0.06197315
1591242400.20298481,5.87683775,0.08871509,-0.06190857
1591242400.21559262,5.87721649,0.08866971,-0.06199060
1591242400.22714472,5.87752541,0.08850739,-0.06233443
1591242400.23950458,5.87807344,0.08831017,-0.06287723
1591242400.25108337,5.87865115,0.08816007,-0.06340607
1591242400.26348162,5.87889898,0.08825781,-0.06379702
1591242400.27505660,5.87900021,0.08840442,-0.06397679
1591242400.28740573,5.87910319,0.08856499,-0.06400122
1591242400.29908085,5.87921140,0.08866098,-0.06402915
1591242400.31141233,5.87911366,0.08875872,-0.06409896
1591242400.32298613,5.87878903,0.08888264,-0.06418623
1591242400.33559251,5.87847312,0.08897514,-0.06428222
1591242400.34715438,5.87811708,0.08922821,-0.06446025
1591242400.35960841,5.87749574,0.08960695,-0.06452308
1591242400.37108922,5.87675397,0.09014102,-0.06448992
1591242400.38349128,5.87606457,0.09075538,-0.06433109
1591242400.39497948,5.87557413,0.09129992,-0.06409722
1591242400.40753055,5.87545196,0.09160535,-0.06385985
1591242400.41906571,5.87563871,0.09172403,-0.06368532
1591242400.43137360,5.87605933,0.09149190,-0.06367485
1591242400.44298077,5.87666496,0.09111317,-0.06393490
1591242400.45554161,5.87740847,0.09080250,-0.06443057
1591242400.46711326,5.87824972,0.09045518,-0.06507635
1591242400.47942209,5.87901767,0.08996649,-0.06578844
1591242400.49102020,5.87957268,0.08940100,-0.06658431
1591242400.50359583,5.87982401,0.08879363,-0.06721088
1591242400.51512122,5.87986590,0.08817578,-0.06785840
1591242400.52741456,5.87968438,0.08760331,-0.06843960
1591242400.53902006,5.87929168,0.08716698,-0.06894923
1591242400.55136180,5.87882917,0.08687551,-0.06932273
1591242400.56320238,5.87829685,0.08667305,-0.06949028
1591242400.57551074,5.87764235,0.08655437,-0.06951472
1591242400.58706164,5.87695469,0.08653342,-0.06939953
1591242400.59946036,5.87621816,0.08669923,-0.06917263
1591242400.61101079,5.87551828,0.08695579,-0.06888815
1591242400.62357497,5.87481840,0.08720887,-0.06859842
1591242400.63512516,5.87414122,0.08730835,-0.06845879
1591242400.64742494,5.87361936,0.08718792,-0.06847101
1591242400.65914178,5.87321968,0.08686329,-0.06874503
1591242400.67154908,5.87288283,0.08645139,-0.06919881
1591242400.68308759,5.87259311,0.08603950,-0.06972590
1591242400.69538975,5.87224230,0.08575850,-0.07010639
1591242400.70718527,5.87188102,0.08557175,-0.07044498
1591242400.71959233,5.87153195,0.08547052,-0.07055843
1591242400.73111296,5.87118463,0.08545307,-0.07047290
1591242400.74350858,5.87089316,0.08542165,-0.07024950
1591242400.75502586,5.87064009,0.08536056,-0.06992313
1591242400.76736403,5.87044636,0.08518254,-0.06953741
1591242400.77902603,5.87033814,0.08490852,-0.06916740
1591242400.79135728,5.87017932,0.08456644,-0.06888465
1591242400.80313921,5.86989832,0.08430289,-0.06858620
1591242400.81545925,5.86963827,0.08406029,-0.06827728
1591242400.82698274,5.86939567,0.08382991,-0.06781128
1591242400.83953929,5.86914608,0.08372519,-0.06718645
1591242400.85106039,5.86916005,0.08347910,-0.06666634
1591242400.86335468,5.86964350,0.08279667,-0.06649355
1591242400.87517691,5.87034164,0.08205665,-0.06695956
1591242400.88752413,5.87110085,0.08174424,-0.06797359
1591242400.89905214,5.87195257,0.08138470,-0.06920580
1591242400.91142821,5.87269085,0.08121541,-0.07047814
1591242400.92322731,5.87315511,0.08138994,-0.07147472
1591242400.93552017,5.87334884,0.08158193,-0.07192327
1591242400.94703150,5.87340643,0.08155225,-0.07198261
1591242400.95957899,5.87357049,0.08128522,-0.07196342
1591242400.97115445,5.87381310,0.08094488,-0.07220253
1591242400.98347545,5.87392305,0.08053298,-0.07276278
1591242400.99519873,5.87387418,0.08024151,-0.07361624
1591242401.00752950,5.87366474,0.08010887,-0.07448542
1591242401.01908088,5.87329299,0.08021010,-0.07510850
1591242401.03138208,5.87285491,0.08048062,-0.07525162
1591242401.04298925,5.87245697,0.08080351,-0.07503869
1591242401.05555367,5.87220914,0.08112639,-0.07451509
1591242401.06705046,5.87211838,0.08139168,-0.07386408
1591242401.07939982,5.87195781,0.08152607,-0.07336142
1591242401.09101152,5.87172219,0.08155924,-0.07313802
1591242401.10357714,5.87150053,0.08149291,-0.07311359
1591242401.11510253,5.87127015,0.08138645,-0.07315722
1591242401.12751365,5.87108165,0.08113338,-0.07314151
1591242401.13905716,5.87087571,0.08106182,-0.07305599
1591242401.15136743,5.87073433,0.08129744,-0.07298094
1591242401.16314435,5.87071339,0.08138819,-0.07277848
1591242401.17548227,5.87077273,0.08131489,-0.07227234
1591242401.18699622,5.87090887,0.08130093,-0.07167195
1591242401.19954967,5.87090363,0.08130442,-0.07118500
1591242401.21106768,5.87072386,0.08137423,-0.07094938
1591242401.22336888,5.87071339,0.08140216,-0.07088829
1591242401.23514819,5.87085127,0.08132362,-0.07098254
1591242401.24751925,5.87076924,0.08124159,-0.07123910
1591242401.25905514,5.87055980,0.08114385,-0.07167195
1591242401.27136636,5.87061216,0.08103913,-0.07236135
1591242401.28314567,5.87078320,0.08099200,-0.07307694
1591242401.29544759,5.87066103,0.08100422,-0.07367907
1591242401.30724287,5.87038178,0.08091172,-0.07416951
1591242401.31943035,5.87020375,0.08073719,-0.07449240
1591242401.33123541,5.87011649,0.08044921,-0.07469660
1591242401.34359932,5.87003097,0.08011410,-0.07492349
1591242401.35512638,5.86998733,0.07989245,-0.07520624
1591242401.36742496,5.87003446,0.07969522,-0.07547153
1591242401.37907600,5.87011125,0.07960796,-0.07563384
1591242401.39141345,5.87008333,0.07967603,-0.07578918
1591242401.40320992,5.86991054,0.07977551,-0.07578743
1591242401.41551590,5.86975870,0.07990990,-0.07559894
1591242401.42705607,5.86962780,0.08001287,-0.07521671
1591242401.43944168,5.86954227,0.08004953,-0.07482227
1591242401.45100355,5.86959114,0.07995702,-0.07443829
1591242401.46358061,5.86985643,0.07984707,-0.07414508
1591242401.47518277,5.87029277,0.07974933,-0.07401767
1591242401.48758864,5.87073259,0.07992561,-0.07385186
1591242401.49918365,5.87113751,0.08042303,-0.07350629
1591242401.51149154,5.87143770,0.08108102,-0.07273485
1591242401.52302051,5.87161398,0.08184198,-0.07144854
1591242401.53559613,5.87191941,0.08248775,-0.06965260
1591242401.54712105,5.87236622,0.08271813,-0.06738891
1591242401.55944514,5.87272052,0.08257327,-0.06499432
1591242401.57099795,5.87308355,0.08219279,-0.06278822
1591242401.58362389,5.87354431,0.08145975,-0.06081774
1591242401.59512591,5.87401032,0.08063596,-0.05927487
1591242401.60742903,5.87434717,0.07997448,-0.05807409
1591242401.61907482,5.87449203,0.07952767,-0.05695882
1591242401.63140845,5.87443269,0.07945960,-0.05564808
1591242401.64321733,5.87425117,0.07979645,-0.05415059
1591242401.65553641,5.87419881,0.08033925,-0.05268974
1591242401.66706872,5.87409933,0.08098153,-0.05117829
1591242401.67943740,5.87396319,0.08165872,-0.04972618
1591242401.69104195,5.87377470,0.08236907,-0.04843987
1591242401.70337009,5.87351639,0.08300088,-0.04747819
1591242401.71515369,5.87322666,0.08346164,-0.04686209
1591242401.72761297,5.87277288,0.08362222,-0.04659855
1591242401.73909640,5.87223881,0.08340230,-0.04671897
1591242401.75143170,5.87173790,0.08283507,-0.04715531
1591242401.76299858,5.87129633,0.08196764,-0.04773999
1591242401.77556491,5.87099264,0.08114559,-0.04837005
1591242401.78715825,5.87080415,0.08053996,-0.04888667
1591242401.79958129,5.87079368,0.08011585,-0.04909088
1591242401.81112695,5.87098741,0.07978249,-0.04891983
1591242401.82353354,5.87105024,0.07940550,-0.04843987
1591242401.83507037,5.87103279,0.07885398,-0.04795816
1591242401.84738898,5.87121779,0.07808254,-0.04762654
1591242401.85924745,5.87150402,0.07710341,-0.04757768
1591242401.87162328,5.87162620,0.07593055,-0.04775221
1591242401.88314486,5.87150053,0.07471405,-0.04800528
1591242401.89560294,5.87124223,0.07350105,-0.04830548
1591242401.90717101,5.87086698,0.07241895,-0.04862487
1591242401.91955256,5.87019154,0.07150788,-0.04875403
1591242401.93116879,5.86929967,0.07086560,-0.04874879
1591242401.94349432,5.86822281,0.07067362,-0.04846430
1591242401.95501089,5.86704820,0.07080626,-0.04789009
1591242401.96737885,5.86588406,0.07111344,-0.04703488
1591242401.97908425,5.86472691,0.07155326,-0.04601386
1591242401.99154663,5.86353311,0.07203497,-0.04492128
1591242402.00310087,5.86226949,0.07255334,-0.04386361
1591242402.01546621,5.86109663,0.07302109,-0.04296302
1591242402.02704811,5.86003721,0.07344345,-0.04229282
1591242402.03940678,5.85886260,0.07386757,-0.04187394
1591242402.05102730,5.85769847,0.07425503,-0.04154058
1591242402.06340575,5.85678043,0.07470882,-0.04125260
1591242402.07520318,5.85609975,0.07526907,-0.04086165
1591242402.08757544,5.85575068,0.07591135,-0.04035550
1591242402.09912491,5.85555695,0.07680147,-0.03971671
1591242402.11142230,5.85537020,0.07799527,-0.03899764
1591242402.12321734,5.85514156,0.07959225,-0.03830823
1591242402.13553643,5.85476806,0.08137772,-0.03768515
1591242402.14704585,5.85433348,0.08326617,-0.03707603
1591242402.15961361,5.85401233,0.08500801,-0.03651752
1591242402.17113161,5.85381337,0.08631700,-0.03592237
1591242402.18352246,5.85340671,0.08734500,-0.03535863
1591242402.19515061,5.85290580,0.08808677,-0.03490659
1591242402.20758390,5.85255324,0.08864178,-0.03455752
1591242402.21918178,5.85231587,0.08920552,-0.03441091
1591242402.23151493,5.85229144,0.08971865,-0.03426605
1591242402.24309564,5.85245899,0.09017593,-0.03424511
1591242402.25544739,5.85285344,0.09053372,-0.03438124
1591242402.26701212,5.85337529,0.09090547,-0.03461512
1591242402.27962899,5.85380464,0.09125629,-0.03495196
1591242402.29126215,5.85414847,0.09169436,-0.03540051
1591242402.30362010,5.85447310,0.09223367,-0.03613181
1591242402.31518030,5.85473665,0.09286199,-0.03710046
1591242402.32754397,5.85498797,0.09352347,-0.03828554
1591242402.33913040,5.85518869,0.09420415,-0.03958930
1591242402.35150146,5.85532308,0.09489879,-0.04063650
1591242402.36306000,5.85548888,0.09553234,-0.04161738
1591242402.37548089,5.85585191,0.09618859,-0.04281293
1591242402.38704014,5.85632141,0.09696700,-0.04416381
1591242402.39944911,5.85668269,0.09792519,-0.04572414
1591242402.41103339,5.85688166,0.09893050,-0.04726701
1591242402.42341828,5.85691482,0.09999864,-0.04879242
1591242402.43526316,5.85674727,0.10119594,-0.05027595
1591242402.44761610,5.85624985,0.10263932,-0.05164429
1591242402.45906949,5.85550983,0.10422757,-0.05279970
1591242402.47141242,5.85446612,0.10588738,-0.05377708
1591242402.48320937,5.85314142,0.10740756,-0.05438097
1591242402.49555683,5.85161949,0.10887887,-0.05485744
1591242402.50723505,5.84988987,0.11040953,-0.05533566
1591242402.51962280,5.84802236,0.11193844,-0.05600762
1591242402.53119636,5.84586514,0.11380419,-0.05699198
1591242402.54353070,5.84330998,0.11605741,-0.05825735
1591242402.55507112,5.84048429,0.11843281,-0.05940752
1591242402.56738472,5.83761148,0.12072093,-0.06026971
1591242402.57900190,5.83479801,0.12281358,-0.06089105
1591242402.59161973,5.83209449,0.12461651,-0.06135181
1591242402.60301208,5.82948348,0.12574574,-0.06159965
1591242402.61562514,5.82696846,0.12609480,-0.06194174
1591242402.62716508,5.82436443,0.12600579,-0.06246184
1591242402.63961697,5.82136421,0.12579112,-0.06324724
1591242402.65118575,5.81776359,0.12559913,-0.06407627
1591242402.66349936,5.81352942,0.12535129,-0.06465223
1591242402.67507887,5.80887114,0.12479104,-0.06513394
1591242402.68740463,5.80396851,0.12381366,-0.06590538
1591242402.69906831,5.79871681,0.12264778,-0.06708871
1591242402.71140814,5.79319285,0.12105604,-0.06862984
1591242402.72319794,5.78765317,0.11901924,-0.07069107
1591242402.73549366,5.78217982,0.11692310,-0.07358483
1591242402.74704671,5.77658778,0.11432779,-0.07719766
1591242402.75963759,5.77047739,0.11181277,-0.08172155
1591242402.77117229,5.76382943,0.10984404,-0.08645314
1591242402.78358769,5.75673117,0.10831513,-0.09139068
1591242402.79514003,5.74922102,0.10726270,-0.09578891
1591242402.80753756,5.74150318,0.10718416,-0.09932320
1591242402.81912208,5.73375740,0.10845301,-0.10198831
1591242402.83145142,5.72610588,0.11057883,-0.10407224
1591242402.84311414,5.71853464,0.11325092,-0.10569539
1591242402.85560155,5.71114666,0.11601029,-0.10681415
1591242402.86714911,5.70413917,0.11828969,-0.10705326
1591242402.87956715,5.69777046,0.11998790,-0.10633593
1591242402.89113903,5.69234772,0.12087452,-0.10480702
1591242402.90353680,5.68814497,0.12066159,-0.10285225
1591242402.91508770,5.68487597,0.11897037,-0.10076833
1591242402.92738581,5.68168900,0.11579736,-0.09920975
1591242402.93926501,5.67760667,0.11228227,-0.09874200
1591242402.95162797,5.67136014,0.10924539,-0.09914866
1591242402.96315908,5.66169974,0.10880383,-0.09892875
1591242402.97546244,5.64880350,0.11184768,-0.09697224
1591242402.98701239,5.63427887,0.11720235,-0.09333148
1591242402.99961472,5.61940518,0.12369323,-0.08833111
1591242403.01113725,5.60529244,0.13028708,-0.08237256
1591242403.02344847,5.59226356,0.13633465,-0.07600036
1591242403.03522944,5.58064490,0.14120063,-0.07026172
1591242403.04755139,5.57045044,0.14457260,-0.06513918
1591242403.05909514,5.56132935,0.14674030,-0.06183702
1591242403.07140040,5.55290988,0.14859559,-0.05998697
1591242403.08320117,5.54492674,0.15078947,-0.05904449
1591242403.09551048,5.53700469,0.15387521,-0.05884029
1591242403.10708213,5.52924147,0.15819839,-0.05868321
1591242403.11946607,5.52222175,0.16287064,-0.05821197
1591242403.13124681,5.51616372,0.16719731,-0.05754001
1591242403.14361596,5.51139199,0.17050994,-0.05630781
1591242403.15514588,5.50819629,0.17240188,-0.05460263
1591242403.16765881,5.50637591,0.17282076,-0.05277527
1591242403.17927122,5.50576679,0.17193064,-0.05116956
1591242403.19149780,5.50595703,0.17009455,-0.05002288
1591242403.20312977,5.50643001,0.16768425,-0.04912404
1591242403.21545649,5.50685413,0.16534900,-0.04841194
1591242403.22723937,5.50729744,0.16327032,-0.04767192
1591242403.23941183,5.50789609,0.16169777,-0.04709422
1591242403.25121880,5.50866404,0.16049001,-0.04635420
1591242403.26352954,5.50950354,0.15971333,-0.04554088
1591242403.27504516,5.51055423,0.15923162,-0.04484100
1591242403.28741765,5.51200809,0.15875515,-0.04401371
1591242403.29906178,5.51386861,0.15814428,-0.04326148
1591242403.31146574,5.51596824,0.15745488,-0.04256684
1591242403.32301259,5.51828604,0.15669042,-0.04203975
1591242403.33557630,5.52065794,0.15604640,-0.04166974
1591242403.34712243,5.52296875,0.15572177,-0.04128227
1591242403.35944152,5.52524292,0.15573049,-0.04048466
1591242403.37124872,5.52778935,0.15581950,-0.03936765
1591242403.38359618,5.53084368,0.15578809,-0.03801153
1591242403.39512539,5.53440241,0.15510392,-0.03636219
1591242403.40758538,5.53855804,0.15378794,-0.03433586
1591242403.41918683,5.54332278,0.15167784,-0.03183830
1591242403.43150234,5.54862858,0.14899876,-0.02874732
1591242403.44306588,5.55438643,0.14614689,-0.02528284
1591242403.45543504,5.56029087,0.14382386,-0.02158972
1591242403.46723557,5.56617089,0.14128440,-0.01750740
1591242403.47959709,5.57150287,0.13910972,-0.01287355
1591242403.49112749,5.57635838,0.13722477,-0.00793252
1591242403.50362992,5.58080547,0.13546198,-0.00308225
1591242403.51510358,5.58497332,0.13372887,0.00173660
1591242403.52752638,5.58939773,0.13156466,0.00629889
1591242403.53908563,5.59404554,0.12876341,0.01080882
1591242403.55141473,5.59885742,0.12542460,0.01529781
1591242403.56320667,5.60402010,0.12167388,0.01982345
1591242403.57551432,5.60966275,0.11785510,0.02376789
1591242403.58708167,5.61568064,0.11403109,0.02692170
1591242403.59939528,5.62170727,0.11051250,0.02945069
1591242403.61120033,5.62741973,0.10756115,0.03207915
1591242403.62354016,5.63278487,0.10491698,0.03514744
1591242403.63507390,5.63796152,0.10268645,0.03867999
1591242403.64761066,5.64308057,0.10089050,0.04235041
1591242403.65922761,5.64816297,0.09951344,0.04578173
1591242403.67155361,5.65318777,0.09868790,0.04902455
1591242403.68307734,5.65820210,0.09826727,0.05204572
1591242403.69543886,5.66340842,0.09815034,0.05475796
1591242403.70709586,5.66866011,0.09833534,0.05726251
1591242403.71946645,5.67405144,0.09841214,0.05960648
1591242403.73104286,5.67979531,0.09830916,0.06179338
1591242403.74363613,5.68617449,0.09792693,0.06335545
1591242403.75518823,5.69312090,0.09732480,0.06417925
1591242403.76756692,5.70041289,0.09661270,0.06422986
1591242403.77909422,5.70786894,0.09583428,0.06383193
1591242403.79140663,5.71556933,0.09503841,0.06356838
1591242403.80317640,5.72365544,0.09406277,0.06346715
1591242403.81561875,5.73249902,0.09280439,0.06291563
1591242403.82716131,5.74221003,0.09116204,0.06139719
1591242403.83955288,5.75266281,0.08912000,0.05864830
1591242403.85129309,5.76345244,0.08642521,0.05476843
1591242403.86361051,5.77416352,0.08314050,0.04998623
1591242403.87519312,5.78429865,0.07952418,0.04465948
1591242403.88754392,5.79339356,0.07627612,0.03917566
1591242403.89907956,5.80126499,0.07362846,0.03411246
1591242403.91144109,5.80814683,0.07176619,0.03003014
1591242403.92313004,5.81451902,0.07082721,0.02673321
1591242403.93545508,5.82080046,0.07071551,0.02408903
1591242403.94723511,5.82697893,0.07131241,0.02190737
1591242403.95941949,5.83295494,0.07246433,0.02020219
1591242403.97124434,5.83868136,0.07432310,0.01886701
1591242403.98359489,5.84423151,0.07673515,0.01779887
1591242403.99513483,5.84957047,0.07963588,0.01685115
1591242404.00762653,5.85464589,0.08278795,0.01591566
1591242404.01908278,5.85966720,0.08605171,0.01473407
1591242404.03153515,5.86498522,0.08919505,0.01314058
1591242404.04310560,5.87071688,0.09209230,0.01104444
1591242404.05549359,5.87667194,0.09459859,0.00859749
1591242404.06707025,5.88250309,0.09667728,0.00615403
1591242404.07941413,5.88812480,0.09849242,0.00370708
1591242404.09103656,5.89363131,0.10030756,0.00124267
1591242404.10363626,5.89925650,0.10208431,-0.00152018
1591242404.11518168,5.90525695,0.10376681,-0.00490787
1591242404.12753987,5.91148603,0.10546327,-0.00867080
1591242404.13910937,5.91756850,0.10721907,-0.01265887
1591242404.15153337,5.92328271,0.10922620,-0.01662077
1591242404.16310453,5.92835638,0.11180928,-0.02026327
1591242404.17546487,5.93286107,0.11483045,-0.02343628
1591242404.18723440,5.93728374,0.11804011,-0.02653773
1591242404.19947791,5.94199787,0.12119741,-0.02975088
1591242404.21105528,5.94690399,0.12413480,-0.03311588
1591242404.22348809,5.95167572,0.12673359,-0.03634648
1591242404.23506999,5.95595527,0.12904790,-0.03909538
1591242404.24751711,5.95987703,0.13137268,-0.04141492
1591242404.25916576,5.96358934,0.13385977,-0.04342903
1591242404.27153492,5.96741336,0.13638526,-0.04553913
1591242404.28309679,5.97149917,0.13888981,-0.04786391
1591242404.29546189,5.97574032,0.14129487,-0.05043129
1591242404.30703259,5.97994308,0.14338578,-0.05291315
1591242404.31946182,5.98394337,0.14522012,-0.05517858
1591242404.33104444,5.98763125,0.14712253,-0.05721015
1591242404.34365273,5.99097705,0.14912442,-0.05897293
1591242404.35522270,5.99397378,0.15125372,-0.06041806
1591242404.36760044,5.99679598,0.15337953,-0.06181084
1591242404.37917089,5.99942095,0.15527322,-0.06321408
1591242404.39149165,6.00179460,0.15698189,-0.06458416
1591242404.40312910,6.00391517,0.15846717,-0.06569768
1591242404.41548324,6.00581933,0.15981631,-0.06670474
1591242404.42711473,6.00747914,0.16089492,-0.06754424
1591242404.43947792,6.00871657,0.16169777,-0.06853559
1591242404.45105171,6.00941820,0.16213411,-0.07008719
1591242404.46344686,6.00936235,0.16231737,-0.07204719
1591242404.47519827,6.00829420,0.16218996,-0.07393564
1591242404.48758841,6.00621552,0.16219519,-0.07561639
1591242404.49938941,6.00344917,0.16251110,-0.07717671
1591242404.51157355,6.00037565,0.16317956,-0.07867072
1591242404.52319384,5.99716075,0.16405048,-0.08011934
1591242404.53540778,5.99395982,0.16510815,-0.08162730
1591242404.54722118,5.99084266,0.16615185,-0.08329235
1591242404.55944490,5.98758064,0.16696867,-0.08497485
1591242404.57127047,5.98410918,0.16762666,-0.08690518
1591242404.58356810,5.98033054,0.16827941,-0.08885820
1591242404.59510136,5.97605099,0.16884315,-0.09033824
1591242404.60759091,5.97106808,0.16946798,-0.09140813
1591242404.61916614,5.96558949,0.17009106,-0.09230523
1591242404.63158441,5.95974089,0.17075080,-0.09311681
1591242404.64312243,5.95369158,0.17136341,-0.09400343
1591242404.65542650,5.94758118,0.17175436,-0.09512393
1591242404.66723466,5.94147427,0.17182068,-0.09624269
1591242404.67945123,5.93532897,0.17152921,-0.09720786
1591242404.69122863,5.92918890,0.17070716,-0.09790599
1591242404.70352840,5.92301916,0.16934930,-0.09801245
1591242404.71505785,5.91685641,0.16795303,-0.09724451
1591242404.72766852,5.91063256,0.16711353,-0.09586046
1591242404.73920560,5.90473858,0.16706990,-0.09437868
1591242404.75151086,5.89972949,0.16745736,-0.09351125
1591242404.76308346,5.89570127,0.16833177,-0.09368229
1591242404.77566361,5.89266614,0.16970884,-0.09543635
1591242404.78718901,5.89057698,0.17133897,-0.09930225
1591242404.79959393,5.88869552,0.17294293,-0.10481575
1591242404.81113195,5.88628871,0.17429905,-0.11099945
1591242404.82349515,5.88323962,0.17518044,-0.11702607
1591242404.83530378,5.87936324,0.17566739,-0.12206833
1591242404.84760547,5.87462816,0.17606009,-0.12560611
1591242404.85931897,5.86951609,0.17644930,-0.12790994
1591242404.87166524,5.86432898,0.17677218,-0.12917531
1591242404.88321686,5.85939318,0.17697813,-0.12986471
1591242404.89553332,5.85490943,0.17725564,-0.13027487
1591242404.90705752,5.85095103,0.17745286,-0.13082639
1591242404.91942072,5.84753367,0.17737432,-0.13150881
1591242404.93123007,5.84435019,0.17687690,-0.13239195
1591242404.94362569,5.84080543,0.17584192,-0.13345835
1591242404.95521379,5.83666376,0.17426764,-0.13434148
1591242404.96753693,5.83199850,0.17219069,-0.13506230
1591242404.97907186,5.82707667,0.16971058,-0.13573600
1591242404.99162364,5.82207979,0.16688838,-0.13651965
1591242405.00317979,5.81698692,0.16401208,-0.13712528
1591242405.01549172,5.81181551,0.16121257,-0.13741326
1591242405.02704668,5.80674358,0.15857363,-0.13713052
1591242405.03946710,5.80175892,0.15621919,-0.13622469
1591242405.05128002,5.79684058,0.15418239,-0.13498900
1591242405.06358647,5.79183847,0.15274249,-0.13369222
1591242405.07512712,5.78669149,0.15168831,-0.13248271
1591242405.08752084,5.78119196,0.15086452,-0.13121734
1591242405.09907532,5.77537129,0.15006166,-0.12967971
1591242405.11163855,5.76923297,0.14911220,-0.12779475
1591242405.12325597,5.76300912,0.14811737,-0.12510346
1591242405.13566208,5.75700868,0.14701781,-0.12066508
1591242405.14721251,5.75113390,0.14595839,-0.11434176
1591242405.15962219,5.74548253,0.14509969,-0.10527652
1591242405.17113352,5.74059735,0.14483789,-0.09436472
1591242405.18362665,5.73642601,0.14618878,-0.08445474
1591242405.19518280,5.73279573,0.14793934,-0.07554658
1591242405.20764112,5.72894728,0.15029554,-0.06867871
1591242405.21921706,5.72471660,0.15269711,-0.06502922
1591242405.23152828,5.72002515,0.15430805,-0.06447246
1591242405.24320674,5.71501780,0.15432376,-0.06614623
1591242405.25554872,5.71004885,0.15253829,-0.06938556
1591242405.26706338,5.70535566,0.14910173,-0.07374191
1591242405.27944350,5.70092776,0.14453944,-0.07884001
1591242405.29125285,5.69686638,0.13995272,-0.08383689
1591242405.30362415,5.69340365,0.13597511,-0.08757888
1591242405.31517482,5.69055352,0.13348976,-0.08966978
1591242405.32754731,5.68819733,0.13330999,-0.08946558
1591242405.33918691,5.68629317,0.13484414,-0.08632224
1591242405.35151052,5.68472238,0.13853725,-0.08094837
1591242405.36304092,5.68355475,0.14354809,-0.07425678
1591242405.37560129,5.68261926,0.14920820,-0.06735575
1591242405.38713861,5.68173961,0.15480721,-0.06115110
1591242405.39946342,5.68066449,0.15971508,-0.05597969
1591242405.41126657,5.67935549,0.16377297,-0.05208237
1591242405.42358947,5.67786498,0.16676970,-0.04954117
1591242405.43510509,5.67630291,0.16852550,-0.04796688
1591242405.44753647,5.67471990,0.16947845,-0.04687780
1591242405.45907307,5.67334981,0.16988511,-0.04570319
1591242405.47164154,5.67249809,0.16996714,-0.04436452
1591242405.48316932,5.67208794,0.17034239,-0.04281118
1591242405.49545979,5.67201115,0.17074556,-0.04117406
1591242405.50726843,5.67204780,0.17129359,-0.03940430
1591242405.51951861,5.67206874,0.17190795,-0.03724707
