1590396482.97212481,0.40478516,-0.07153320,0.94409180
1590396482.98374414,0.40600586,-0.05786133,0.93334961
1590396482.99617195,0.41064453,-0.05590820,0.91333008
1590396483.00778437,0.41406250,-0.05200195,0.89672852
1590396483.02017593,0.41748047,-0.05029297,0.88916016
1590396483.03188705,0.40747070,-0.04321289,0.89575195
1590396483.04411817,0.39941406,-0.01489258,0.91333008
1590396483.05575562,0.39575195,0.01074219,0.93774414
1590396483.06819248,0.39868164,0.02392578,0.95703125
1590396483.07980418,0.39575195,0.02929688,0.96948242
1590396483.09202647,0.39721680,0.02270508,0.97998047
1590396483.10364008,0.38745117,0.02392578,0.99145508
1590396483.11610270,0.36743164,0.02880859,1.00122070
1590396483.12765574,0.34912109,0.04663086,1.00195312
1590396483.14017773,0.33007812,0.06103516,1.00634766
1590396483.15158701,0.30957031,0.07348633,1.01440430
1590396483.16412735,0.29321289,0.07592773,1.01220703
1590396483.17578244,0.28247070,0.07128906,1.01586914
1590396483.18803167,0.27612305,0.06713867,1.01708984
1590396483.19970536,0.27368164,0.06713867,1.03027344
1590396483.21217990,0.27343750,0.07348633,1.03100586
1590396483.22374845,0.28540039,0.06127930,1.02587891
1590396483.23618197,0.29516602,0.04833984,1.01098633
1590396483.24780679,0.30029297,0.03784180,0.99707031
1590396483.26000452,0.30151367,0.03002930,0.98266602
1590396483.27166510,0.30395508,0.03173828,0.96606445
1590396483.28414941,0.30688477,0.03515625,0.95825195
1590396483.29576540,0.30468750,0.03881836,0.95288086
1590396483.30816698,0.30639648,0.04150391,0.95507812
1590396483.31974912,0.30834961,0.04223633,0.95434570
1590396483.33201313,0.30810547,0.04443359,0.95166016
1590396483.34376788,0.31762695,0.04370117,0.95629883
1590396483.35597706,0.33471680,0.03540039,0.95410156
1590396483.36763859,0.34130859,0.02368164,0.94628906
1590396483.38006735,0.33422852,0.02807617,0.93579102
1590396483.39164972,0.32373047,0.04541016,0.92651367
1590396483.40412664,0.31127930,0.06494141,0.92529297
1590396483.41575432,0.30444336,0.07373047,0.92797852
1590396483.42795753,0.30859375,0.07006836,0.93579102
1590396483.43961763,0.30517578,0.06616211,0.94140625
1590396483.45203662,0.29882812,0.07128906,0.94165039
1590396483.46364546,0.30053711,0.07861328,0.94018555
1590396483.47609782,0.30029297,0.08569336,0.92675781
1590396483.48777676,0.29907227,0.08276367,0.91674805
1590396483.50000882,0.29736328,0.07128906,0.89990234
1590396483.51173186,0.29541016,0.06323242,0.90014648
1590396483.52401233,0.29907227,0.05761719,0.90502930
1590396483.53578067,0.29687500,0.05200195,0.91113281
1590396483.54802275,0.30029297,0.04663086,0.91967773
1590396483.55969596,0.30273438,0.04248047,0.92675781
1590396483.57197332,0.30249023,0.04394531,0.92187500
1590396483.58375072,0.30322266,0.03930664,0.92260742
1590396483.59598207,0.30078125,0.03637695,0.91430664
1590396483.60771203,0.29858398,0.02954102,0.90698242
1590396483.62018776,0.29565430,0.02441406,0.91210938
1590396483.63157105,0.30004883,0.02148438,0.92187500
1590396483.64415908,0.30224609,0.01611328,0.93041992
1590396483.65559959,0.30395508,0.01489258,0.93750000
1590396483.66806912,0.30810547,0.01416016,0.93212891
1590396483.67979550,0.31933594,0.01196289,0.93237305
1590396483.69203496,0.32031250,0.00903320,0.92773438
1590396483.70372272,0.32299805,0.00830078,0.92431641
1590396483.71600175,0.32592773,0.01123047,0.92114258
1590396483.72751760,0.32446289,0.01928711,0.91967773
1590396483.73998046,0.31665039,0.03442383,0.91601562
1590396483.75167918,0.30981445,0.04443359,0.91333008
1590396483.76390743,0.30786133,0.04272461,0.92114258
1590396483.77555275,0.30395508,0.03833008,0.93383789
1590396483.78800011,0.29736328,0.03979492,0.95141602
1590396483.79964709,0.29028320,0.03320312,0.95800781
1590396483.81214833,0.27587891,0.03833008,0.95654297
1590396483.82377315,0.26635742,0.04516602,0.96240234
1590396483.83595634,0.26660156,0.04785156,0.95703125
1590396483.84766793,0.27465820,0.04785156,0.95727539
1590396483.86015272,0.28222656,0.04003906,0.95874023
1590396483.87158680,0.29394531,0.03247070,0.95214844
1590396483.88414884,0.29736328,0.03613281,0.94799805
1590396483.89573669,0.29907227,0.03588867,0.94726562
1590396483.90815187,0.30395508,0.03540039,0.94311523
1590396483.91976428,0.30834961,0.02905273,0.94531250
1590396483.93196392,0.30932617,0.02148438,0.94335938
1590396483.94363666,0.30737305,0.01342773,0.94824219
1590396483.95614767,0.30273438,0.01025391,0.96166992
1590396483.96774817,0.29345703,0.01245117,0.97119141
1590396483.97992826,0.29077148,0.01953125,0.97216797
1590396483.99154639,0.28540039,0.03320312,0.96606445
1590396484.00401187,0.28100586,0.04931641,0.95507812
1590396484.01568484,0.27563477,0.05810547,0.94482422
1590396484.02802300,0.27050781,0.05883789,0.93383789
1590396484.03968859,0.27612305,0.04467773,0.92163086
1590396484.05196571,0.27636719,0.03540039,0.92163086
1590396484.06389809,0.28442383,0.02246094,0.92382812
1590396484.07607412,0.27563477,0.02050781,0.91967773
1590396484.08766985,0.26220703,0.02832031,0.91674805
1590396484.09993505,0.25610352,0.03002930,0.91967773
1590396484.11166072,0.26196289,0.01855469,0.92456055
1590396484.12393951,0.27270508,0.01147461,0.92919922
1590396484.13564849,0.29077148,-0.00048828,0.93676758
1590396484.14787459,0.29687500,-0.00097656,0.93994141
1590396484.15955544,0.29907227,-0.00659180,0.94409180
1590396484.17206621,0.29882812,-0.00634766,0.94140625
1590396484.18372202,0.30322266,-0.00805664,0.94531250
1590396484.19597220,0.30444336,-0.00830078,0.94824219
1590396484.20765615,0.30493164,-0.00610352,0.94702148
1590396484.21993136,0.30078125,0.00268555,0.94702148
1590396484.23158360,0.29345703,0.01074219,0.94775391
1590396484.24402952,0.29077148,0.01733398,0.95166016
1590396484.25558782,0.29052734,0.00976562,0.95581055
1590396484.26802278,0.29223633,0.00268555,0.95361328
1590396484.27964616,0.29492188,-0.00561523,0.95336914
1590396484.29206896,0.29541016,-0.01318359,0.95092773
1590396484.30364943,0.28955078,-0.01708984,0.94848633
1590396484.31586170,0.28662109,-0.01147461,0.94506836
1590396484.32751703,0.28344727,-0.00610352,0.94311523
1590396484.33990550,0.27929688,0.00219727,0.93872070
1590396484.35164499,0.27416992,0.01098633,0.94653320
1590396484.36412382,0.27148438,0.01464844,0.95483398
1590396484.37551594,0.27026367,0.01220703,0.95849609
1590396484.38793349,0.27099609,0.00708008,0.96142578
1590396484.39952135,0.27758789,0.01049805,0.95605469
1590396484.41206574,0.27539062,0.00854492,0.94775391
1590396484.42367244,0.27783203,0.00073242,0.94116211
1590396484.43611550,0.28100586,-0.00122070,0.93774414
1590396484.44770336,0.27709961,0.00634766,0.93237305
1590396484.45994520,0.27832031,0.01000977,0.92846680
1590396484.47152185,0.28442383,0.00634766,0.93017578
1590396484.48389983,0.27880859,0.00366211,0.93139648
1590396484.49559116,0.27636719,0.00219727,0.93798828
1590396484.50801873,0.27343750,0.00097656,0.93457031
1590396484.51963973,0.27807617,-0.00341797,0.93237305
1590396484.53206587,0.27929688,-0.00878906,0.92675781
1590396484.54364061,0.27978516,-0.00439453,0.92211914
1590396484.55611372,0.28344727,0.00219727,0.91601562
1590396484.56749701,0.27807617,0.01147461,0.91455078
1590396484.57989860,0.27685547,0.01416016,0.91870117
1590396484.59153485,0.27587891,0.01171875,0.93408203
1590396484.60402608,0.28002930,0.00781250,0.94213867
1590396484.61564350,0.28515625,0.00439453,0.95263672
1590396484.62811565,0.28442383,0.00781250,0.95581055
1590396484.63951135,0.29101562,0.00537109,0.96191406
1590396484.65197754,0.28588867,-0.00244141,0.95996094
1590396484.66364527,0.28320312,-0.00048828,0.96166992
1590396484.67608643,0.28320312,-0.00219727,0.95483398
1590396484.68763900,0.28369141,-0.00634766,0.94702148
1590396484.69990277,0.29174805,-0.00976562,0.94091797
1590396484.71163678,0.28808594,-0.01000977,0.94335938
1590396484.72390127,0.28735352,-0.00659180,0.94970703
1590396484.73564482,0.28417969,0.00097656,0.95898438
1590396484.74789906,0.27856445,0.00976562,0.96166992
1590396484.75969625,0.27636719,0.01147461,0.96777344
1590396484.77195096,0.27880859,0.00659180,0.96850586
1590396484.78364420,0.28540039,0.00634766,0.96972656
1590396484.79592943,0.28613281,0.00585938,0.97094727
1590396484.80763364,0.28100586,0.00854492,0.96826172
1590396484.81984234,0.27441406,0.01757812,0.96264648
1590396484.83154964,0.27172852,0.02001953,0.96289062
1590396484.84407520,0.27124023,0.01708984,0.96020508
1590396484.85542941,0.27758789,0.01098633,0.95947266
1590396484.86792445,0.28271484,0.01171875,0.96215820
1590396484.87963629,0.27954102,0.01464844,0.96191406
1590396484.89181590,0.27465820,0.02075195,0.95971680
1590396484.90356350,0.27246094,0.02124023,0.95898438
1590396484.91606021,0.27294922,0.01513672,0.95483398
1590396484.92766476,0.27099609,0.01098633,0.95312500
1590396484.93988943,0.27075195,0.01367188,0.94238281
1590396484.95158625,0.26904297,0.01342773,0.93481445
1590396484.96387076,0.27172852,0.01318359,0.93359375
1590396484.97555971,0.27539062,0.01440430,0.93969727
1590396484.98805904,0.27612305,0.01440430,0.94213867
1590396484.99943781,0.27099609,0.01171875,0.94433594
1590396485.01197815,0.27368164,0.01245117,0.93725586
1590396485.02351904,0.27368164,0.01293945,0.93554688
1590396485.03605986,0.27734375,0.00976562,0.92871094
1590396485.04742813,0.27978516,0.00585938,0.93041992
1590396485.05997705,0.27832031,0.00170898,0.93139648
1590396485.07143855,0.27124023,0.00732422,0.93603516
1590396485.08390069,0.26757812,0.01220703,0.93750000
1590396485.09561515,0.26855469,0.01367188,0.94702148
1590396485.10784245,0.27563477,0.00830078,0.95385742
1590396485.11957169,0.28076172,-0.00146484,0.94848633
1590396485.13207150,0.28833008,-0.00610352,0.94824219
1590396485.14345670,0.29858398,-0.00805664,0.94970703
1590396485.15592718,0.30371094,-0.00952148,0.93408203
1590396485.16764593,0.30493164,-0.00854492,0.92309570
1590396485.18007755,0.31030273,-0.00146484,0.91284180
1590396485.19151378,0.30786133,0.00634766,0.91650391
1590396485.20401096,0.30249023,0.01489258,0.92309570
1590396485.21542835,0.29736328,0.01074219,0.93432617
1590396485.22790146,0.30175781,0.00073242,0.94409180
1590396485.23961449,0.30004883,-0.00659180,0.94775391
1590396485.25206232,0.29809570,-0.00634766,0.94042969
1590396485.26358914,0.29199219,0.00341797,0.93554688
1590396485.27601957,0.29028320,0.01293945,0.92700195
1590396485.28741860,0.28686523,0.01611328,0.93139648
1590396485.29997754,0.28515625,0.01367188,0.93115234
1590396485.31143451,0.28100586,0.00488281,0.94018555
1590396485.32392478,0.28027344,-0.00219727,0.93896484
1590396485.33557963,0.27709961,-0.00024414,0.94628906
1590396485.34801936,0.27905273,0.01123047,0.94482422
1590396485.35942721,0.27978516,0.02294922,0.94067383
1590396485.37195516,0.28613281,0.02343750,0.93969727
1590396485.38338614,0.29199219,0.01660156,0.93505859
1590396485.39581323,0.29638672,0.00561523,0.93310547
1590396485.40763807,0.29833984,0.00048828,0.93505859
1590396485.41983342,0.29956055,0.00219727,0.93261719
1590396485.43152094,0.29809570,0.00927734,0.93408203
1590396485.44378090,0.29663086,0.02221680,0.93603516
1590396485.45550275,0.29101562,0.02490234,0.93457031
1590396485.46792364,0.29638672,0.02197266,0.93603516
1590396485.47943497,0.30273438,0.01220703,0.95190430
1590396485.49196577,0.30566406,-0.00390625,0.96948242
1590396485.50346828,0.30615234,-0.01318359,0.99731445
1590396485.51600313,0.29370117,-0.01123047,1.00683594
1590396485.52742434,0.28491211,0.00146484,0.99902344
1590396485.53989553,0.28686523,0.01708984,0.97705078
1590396485.55162621,0.28198242,0.03002930,0.95239258
1590396485.56376839,0.27319336,0.03051758,0.92797852
1590396485.57558060,0.28027344,0.02221680,0.93310547
1590396485.58778477,0.28466797,0.00756836,0.94287109
1590396485.59943295,0.27709961,0.01025391,0.94848633
1590396485.61196733,0.26171875,0.02563477,0.93945312
1590396485.62338448,0.26538086,0.03588867,0.91308594
1590396485.63582754,0.27246094,0.04418945,0.87792969
1590396485.64757848,0.29443359,0.03759766,0.87500000
1590396485.65973616,0.32690430,0.02026367,0.89184570
1590396485.67142558,0.31933594,-0.00683594,0.92944336
1590396485.68389344,0.30834961,-0.03222656,0.95043945
1590396485.69561195,0.30102539,-0.04589844,0.96337891
1590396485.70779085,0.28393555,-0.04467773,0.96215820
1590396485.71951318,0.27172852,-0.03491211,0.93872070
1590396485.73197484,0.27832031,-0.02807617,0.92041016
1590396485.74341774,0.29736328,-0.03100586,0.90991211
1590396485.75599051,0.29223633,-0.02148438,0.91430664
1590396485.76750326,0.27734375,-0.01635742,0.92456055
1590396485.77973962,0.25756836,-0.01928711,0.91455078
1590396485.79151845,0.26049805,-0.03613281,0.89086914
1590396485.80399823,0.28417969,-0.05053711,0.88037109
1590396485.81537938,0.31274414,-0.04492188,0.88842773
1590396485.82779837,0.33715820,-0.02587891,0.90332031
1590396485.83941531,0.34912109,0.01562500,0.91699219
1590396485.85182595,0.35937500,0.05566406,0.91259766
1590396485.86350036,0.36474609,0.09130859,0.90600586
1590396485.87594295,0.36376953,0.10839844,0.90356445
1590396485.88740230,0.34082031,0.10375977,0.91406250
1590396485.89988732,0.33129883,0.06250000,0.92358398
1590396485.91157913,0.33154297,0.01684570,0.93481445
1590396485.92388725,0.32714844,-0.02197266,0.93750000
1590396485.93561387,0.32641602,-0.04907227,0.94384766
1590396485.94792008,0.32397461,-0.04785156,0.94799805
1590396485.95940137,0.32324219,-0.03027344,0.96484375
1590396485.97183180,0.32421875,-0.01464844,0.97363281
1590396485.98360014,0.32104492,0.00170898,0.97680664
1590396485.99576378,0.31787109,0.02392578,0.97485352
1590396486.00750995,0.32128906,0.04223633,0.97167969
1590396486.01976871,0.33300781,0.05541992,0.96557617
1590396486.03151441,0.33666992,0.06640625,0.96191406
1590396486.04374027,0.34594727,0.06103516,0.95336914
1590396486.05542612,0.35034180,0.06030273,0.93676758
1590396486.06789088,0.35107422,0.06030273,0.92358398
1590396486.07957673,0.34619141,0.05834961,0.92041016
1590396486.09178448,0.33984375,0.05200195,0.92309570
1590396486.10351849,0.33715820,0.05053711,0.92163086
1590396486.11576915,0.33642578,0.05053711,0.92602539
1590396486.12742543,0.33691406,0.05371094,0.93701172
1590396486.13991547,0.33007812,0.05664062,0.93750000
1590396486.15155125,0.32177734,0.05908203,0.93823242
1590396486.16389585,0.32250977,0.05981445,0.93066406
1590396486.17538071,0.32153320,0.05883789,0.92407227
1590396486.18784046,0.32128906,0.06591797,0.92016602
1590396486.19954443,0.31640625,0.07885742,0.93286133
1590396486.21175861,0.32104492,0.07739258,0.93481445
1590396486.22351956,0.32397461,0.07250977,0.93286133
1590396486.23596406,0.33007812,0.06591797,0.92822266
1590396486.24742770,0.33764648,0.06152344,0.92187500
1590396486.25992608,0.34057617,0.06005859,0.91821289
1590396486.27138233,0.33569336,0.05737305,0.91284180
1590396486.28370929,0.33447266,0.06176758,0.91577148
1590396486.29540539,0.33740234,0.06835938,0.92187500
1590396486.30783105,0.34228516,0.07153320,0.92260742
1590396486.31949711,0.34423828,0.07080078,0.93164062
1590396486.33174491,0.34448242,0.06958008,0.92968750
1590396486.34351134,0.33911133,0.06420898,0.93066406
1590396486.35587811,0.33666992,0.06054688,0.92944336
1590396486.36753535,0.33422852,0.06298828,0.92871094
1590396486.37995696,0.33227539,0.06396484,0.93212891
1590396486.39137721,0.33447266,0.06494141,0.92773438
1590396486.40376735,0.33081055,0.06811523,0.92114258
1590396486.41540790,0.32714844,0.06176758,0.92504883
1590396486.42776108,0.32885742,0.05273438,0.92089844
1590396486.43942237,0.32226562,0.04296875,0.92114258
1590396486.45179343,0.31933594,0.04077148,0.92846680
1590396486.46329546,0.31542969,0.04101562,0.93554688
1590396486.47572374,0.32202148,0.04101562,0.93139648
1590396486.48743939,0.32324219,0.04711914,0.92724609
1590396486.49981117,0.32421875,0.04809570,0.92675781
1590396486.51156712,0.32885742,0.04394531,0.92993164
1590396486.52381754,0.32739258,0.03857422,0.92138672
1590396486.53550816,0.32348633,0.03515625,0.91381836
1590396486.54768062,0.32836914,0.03344727,0.91015625
1590396486.55952978,0.33081055,0.03515625,0.90820312
1590396486.57176304,0.33203125,0.03735352,0.90698242
1590396486.58350849,0.33520508,0.04028320,0.91528320
1590396486.59568644,0.34570312,0.04492188,0.91650391
1590396486.60736561,0.35278320,0.05004883,0.91040039
1590396486.61980295,0.35229492,0.05493164,0.90405273
1590396486.63150573,0.34741211,0.05200195,0.90112305
1590396486.64376259,0.33862305,0.04492188,0.89892578
1590396486.65550566,0.32763672,0.03125000,0.89990234
1590396486.66768599,0.31127930,0.02392578,0.91430664
1590396486.67939758,0.31225586,0.00341797,0.93798828
1590396486.69195318,0.31689453,-0.01489258,0.94775391
1590396486.70349336,0.29711914,0.01000977,0.96093750
1590396486.71578670,0.27709961,0.04589844,0.97045898
1590396486.72750974,0.28564453,0.06420898,0.96533203
1590396486.73973012,0.29809570,0.07006836,0.94311523
1590396486.75142121,0.30395508,0.06396484,0.92529297
1590396486.76391935,0.30712891,0.05761719,0.90551758
1590396486.77537298,0.30517578,0.05517578,0.90429688
1590396486.78787184,0.30078125,0.05737305,0.90942383
1590396486.79937720,0.30078125,0.06225586,0.92480469
1590396486.81179667,0.30371094,0.06347656,0.94970703
1590396486.82350802,0.30883789,0.05688477,0.95751953
1590396486.83588076,0.31347656,0.05151367,0.96752930
1590396486.84750366,0.31396484,0.05102539,0.96704102
1590396486.85988164,0.31884766,0.05200195,0.96069336
1590396486.87128592,0.31713867,0.05615234,0.96435547
1590396486.88375092,0.30834961,0.05541992,0.95874023
1590396486.89538884,0.30249023,0.04711914,0.95532227
1590396486.90784645,0.30297852,0.03808594,0.95434570
1590396486.91952848,0.30395508,0.03686523,0.95166016
1590396486.93167114,0.30786133,0.03759766,0.94921875
1590396486.94350743,0.30957031,0.03930664,0.95361328
1590396486.95567203,0.31298828,0.04223633,0.95043945
1590396486.96730542,0.30957031,0.04150391,0.95068359
1590396486.97970653,0.30859375,0.04492188,0.94970703
1590396486.99134922,0.30761719,0.04614258,0.95068359
1590396487.00376344,0.30639648,0.04028320,0.94946289
1590396487.01542354,0.30761719,0.03564453,0.94335938
1590396487.02781343,0.30859375,0.03613281,0.94213867
1590396487.03948545,0.31152344,0.03906250,0.94067383
1590396487.05162692,0.31005859,0.03686523,0.94482422
1590396487.06332994,0.30957031,0.03271484,0.94091797
1590396487.07569098,0.31225586,0.03076172,0.93505859
1590396487.08734727,0.31469727,0.03222656,0.92919922
1590396487.09964466,0.31372070,0.03735352,0.92163086
1590396487.11137247,0.31103516,0.04101562,0.91796875
1590396487.12387705,0.30737305,0.04443359,0.90795898
1590396487.13534713,0.31298828,0.04150391,0.91040039
1590396487.14783669,0.31494141,0.03466797,0.91088867
1590396487.15927339,0.31616211,0.02563477,0.91259766
1590396487.17172170,0.31713867,0.02319336,0.91186523
1590396487.18324685,0.31689453,0.02416992,0.91357422
1590396487.19572687,0.31860352,0.02221680,0.91284180
1590396487.20724773,0.32177734,0.02001953,0.91625977
1590396487.21975279,0.32104492,0.02246094,0.91723633
1590396487.23150587,0.31689453,0.02929688,0.91943359
1590396487.24372935,0.31713867,0.02539062,0.91967773
1590396487.25546002,0.32153320,0.02661133,0.92333984
1590396487.26762652,0.31762695,0.02465820,0.92895508
1590396487.27936625,0.31738281,0.02343750,0.93237305
1590396487.29179811,0.31591797,0.02416992,0.93457031
1590396487.30348849,0.31469727,0.02709961,0.93530273
1590396487.31562734,0.31762695,0.03076172,0.93481445
1590396487.32738686,0.32128906,0.02880859,0.93896484
1590396487.33976912,0.31689453,0.02783203,0.93310547
1590396487.35143447,0.31079102,0.02563477,0.93872070
1590396487.36384296,0.30810547,0.02246094,0.94824219
1590396487.37523127,0.30908203,0.02246094,0.95263672
1590396487.38767195,0.31103516,0.02221680,0.95776367
1590396487.39930367,0.30371094,0.02612305,0.95654297
1590396487.41174769,0.30126953,0.02392578,0.95214844
1590396487.42323232,0.30078125,0.02685547,0.94897461
1590396487.43566632,0.30297852,0.02636719,0.94433594
1590396487.44730210,0.30541992,0.02319336,0.94360352
1590396487.45969796,0.30712891,0.02050781,0.94335938
1590396487.47128797,0.30810547,0.01782227,0.94067383
1590396487.48375559,0.31030273,0.01489258,0.93945312
1590396487.49543357,0.30883789,0.01562500,0.93554688
1590396487.50765252,0.31225586,0.01025391,0.93188477
1590396487.51929355,0.31347656,0.00854492,0.92968750
1590396487.53164482,0.31445312,0.01025391,0.92358398
1590396487.54336548,0.31884766,0.01269531,0.92651367
1590396487.55575395,0.32324219,0.01171875,0.92700195
1590396487.56739712,0.32519531,0.01342773,0.92358398
1590396487.57978296,0.32177734,0.02001953,0.91845703
1590396487.59122992,0.31689453,0.01782227,0.92138672
1590396487.60365033,0.31640625,0.01879883,0.92919922
1590396487.61530638,0.31250000,0.01757812,0.93554688
1590396487.62766409,0.31152344,0.01660156,0.93530273
1590396487.63929677,0.31176758,0.01538086,0.93261719
1590396487.65166640,0.31176758,0.01708984,0.93212891
1590396487.66336107,0.31665039,0.01611328,0.92895508
1590396487.67578149,0.31787109,0.01757812,0.92773438
1590396487.68748379,0.31542969,0.01660156,0.92846680
1590396487.69969416,0.31811523,0.01684570,0.93090820
1590396487.71142960,0.31909180,0.01611328,0.94311523
1590396487.72361541,0.31909180,0.01196289,0.94799805
1590396487.73524547,0.31713867,0.00952148,0.94726562
1590396487.74762988,0.32128906,0.01440430,0.94140625
1590396487.75927424,0.31982422,0.01684570,0.93676758
1590396487.77172565,0.32153320,0.01196289,0.92553711
1590396487.78322577,0.32543945,0.01416016,0.92407227
1590396487.79573417,0.32324219,0.01074219,0.92016602
1590396487.80726814,0.32446289,0.01000977,0.92822266
1590396487.81963611,0.32348633,0.01123047,0.93261719
1590396487.83128071,0.32739258,0.00854492,0.93164062
1590396487.84375143,0.32495117,0.00488281,0.93603516
1590396487.85538197,0.32348633,0.00610352,0.93066406
1590396487.86762953,0.32055664,0.00268555,0.92822266
1590396487.87923884,0.32104492,-0.00122070,0.92749023
1590396487.89165282,0.32006836,-0.00659180,0.93432617
1590396487.90336490,0.32177734,-0.00244141,0.93286133
1590396487.91581297,0.31884766,0.00415039,0.92871094
1590396487.92718482,0.32080078,0.00268555,0.92968750
1590396487.93966269,0.32324219,0.00341797,0.92871094
1590396487.95130658,0.31958008,0.00244141,0.93432617
1590396487.96367145,0.31738281,0.00317383,0.93579102
1590396487.97534752,0.31250000,0.00146484,0.94018555
1590396487.98767161,0.31323242,-0.00073242,0.93798828
1590396487.99924660,0.31909180,-0.00439453,0.93896484
1590396488.01172018,0.31982422,-0.00537109,0.93774414
1590396488.02366924,0.32104492,-0.00268555,0.93261719
1590396488.03566909,0.32104492,-0.00219727,0.93408203
1590396488.04728508,0.32250977,-0.00537109,0.93237305
1590396488.05966115,0.32299805,-0.00903320,0.92773438
1590396488.07132244,0.32055664,-0.01098633,0.92944336
1590396488.08377242,0.31884766,-0.01171875,0.92578125
1590396488.09520721,0.31689453,-0.00878906,0.92578125
1590396488.10763407,0.31420898,-0.01025391,0.92846680
1590396488.11935639,0.31762695,-0.01782227,0.93212891
1590396488.13180232,0.32128906,-0.01806641,0.93627930
1590396488.14323425,0.32470703,-0.01904297,0.93798828
1590396488.15562510,0.32177734,-0.01586914,0.94067383
1590396488.16725349,0.32128906,-0.01074219,0.93896484
1590396488.17966771,0.32055664,-0.00854492,0.93115234
1590396488.19128346,0.31958008,-0.01074219,0.92749023
1590396488.20376468,0.32373047,-0.01269531,0.92675781
1590396488.21539855,0.32543945,-0.01660156,0.92431641
1590396488.22829175,0.31958008,-0.01440430,0.92944336
1590396488.23936701,0.31445312,-0.01562500,0.93139648
1590396488.25161791,0.30908203,-0.00683594,0.93432617
1590396488.26332879,0.30664062,-0.00683594,0.92846680
1590396488.27574158,0.30761719,-0.00878906,0.91552734
1590396488.28739548,0.31079102,-0.01586914,0.91284180
1590396488.29964900,0.31005859,-0.02612305,0.90917969
1590396488.31134343,0.31054688,-0.02832031,0.89892578
1590396488.32361007,0.31176758,-0.02539062,0.89453125
1590396488.33528471,0.30688477,-0.02294922,0.88525391
1590396488.34769320,0.30468750,-0.01367188,0.87475586
1590396488.35929728,0.30493164,-0.00683594,0.86669922
1590396488.37165308,0.30566406,-0.00732422,0.85986328
1590396488.38336182,0.31738281,-0.01367188,0.86645508
1590396488.39575267,0.32714844,-0.02832031,0.89111328
1590396488.40713763,0.34033203,-0.04418945,0.93676758
1590396488.41975307,0.35156250,-0.04833984,0.97070312
1590396488.43116879,0.35034180,-0.04052734,0.98779297
1590396488.44356179,0.35083008,-0.02148438,0.99243164
1590396488.45522141,0.34448242,-0.00927734,0.98461914
1590396488.46762037,0.34033203,-0.00048828,0.96679688
1590396488.47936845,0.32885742,0.00683594,0.95458984
1590396488.49175739,0.31518555,0.01660156,0.94067383
1590396488.50322151,0.30151367,0.02539062,0.92211914
1590396488.51566672,0.28125000,0.02954102,0.91821289
1590396488.52740240,0.26708984,0.03173828,0.92163086
1590396488.53952622,0.25708008,0.03027344,0.91577148
1590396488.55137563,0.24243164,0.04418945,0.89843750
1590396488.56361032,0.24096680,0.04663086,0.87426758
1590396488.57522917,0.24780273,0.05224609,0.85766602
1590396488.58761311,0.25683594,0.04589844,0.84252930
1590396488.59928608,0.26269531,0.02905273,0.84423828
1590396488.61165857,0.26733398,0.01074219,0.84375000
1590396488.62336302,0.28247070,-0.00805664,0.85449219
1590396488.63560915,0.30102539,-0.03857422,0.86547852
1590396488.64727426,0.32861328,-0.05712891,0.87548828
1590396488.65969324,0.33251953,-0.05761719,0.89233398
1590396488.67129874,0.32690430,-0.05517578,0.88916016
1590396488.68365073,0.31030273,-0.04467773,0.88085938
1590396488.69528341,0.29614258,-0.03320312,0.87426758
1590396488.70771122,0.29101562,-0.02954102,0.87377930
1590396488.71937060,0.30761719,-0.04052734,0.88037109
1590396488.73159099,0.32885742,-0.05664062,0.89038086
1590396488.74323773,0.33862305,-0.06738281,0.89843750
1590396488.75562119,0.32934570,-0.06640625,0.89819336
1590396488.76727819,0.31152344,-0.04907227,0.88696289
1590396488.77968383,0.29858398,-0.02880859,0.86865234
1590396488.79135489,0.28393555,-0.01342773,0.87060547
1590396488.80362153,0.28857422,-0.01977539,0.88867188
1590396488.81527090,0.29418945,-0.04736328,0.91674805
1590396488.82767534,0.29394531,-0.07421875,0.94482422
1590396488.83937740,0.28613281,-0.08154297,0.95703125
1590396488.85149336,0.28393555,-0.07104492,0.95092773
1590396488.86336231,0.28247070,-0.05712891,0.93115234
1590396488.87549543,0.27978516,-0.04980469,0.91357422
1590396488.88735676,0.28930664,-0.05151367,0.90429688
1590396488.89961553,0.30859375,-0.06616211,0.90014648
1590396488.91129851,0.32885742,-0.08178711,0.90625000
1590396488.92366052,0.35327148,-0.08764648,0.91503906
1590396488.93535495,0.36962891,-0.08276367,0.92968750
1590396488.94753218,0.36718750,-0.07128906,0.92358398
1590396488.95929074,0.35327148,-0.05053711,0.89453125
1590396488.97161508,0.34497070,-0.04052734,0.85693359
1590396488.98329329,0.33691406,-0.04907227,0.81640625
1590396488.99568486,0.34350586,-0.09155273,0.80517578
1590396489.00735569,0.39624023,-0.14160156,0.82788086
1590396489.01949549,0.40258789,-0.17529297,0.84716797
1590396489.03111792,0.38647461,-0.18017578,0.85791016
1590396489.04356456,0.36230469,-0.17163086,0.84765625
1590396489.05520058,0.34033203,-0.16235352,0.83642578
1590396489.06760693,0.33081055,-0.15820312,0.84301758
1590396489.07924247,0.34545898,-0.17993164,0.86962891
1590396489.09165740,0.37060547,-0.20141602,0.90209961
1590396489.10338211,0.37646484,-0.21020508,0.92382812
1590396489.11559153,0.36791992,-0.20361328,0.93188477
1590396489.12723231,0.35644531,-0.19946289,0.91894531
1590396489.13965416,0.34912109,-0.20166016,0.89501953
1590396489.15131903,0.34863281,-0.20434570,0.88891602
1590396489.16368723,0.37133789,-0.21264648,0.90136719
1590396489.17531705,0.41406250,-0.22021484,0.94262695
1590396489.18747878,0.44531250,-0.22412109,0.98999023
1590396489.19913340,0.44897461,-0.20288086,1.04174805
1590396489.21153927,0.43994141,-0.17675781,1.07934570
1590396489.22320104,0.42016602,-0.16064453,1.08203125
1590396489.23558736,0.41162109,-0.17919922,1.07714844
1590396489.24739480,0.42968750,-0.19897461,1.09057617
1590396489.25955105,0.44555664,-0.24121094,1.09960938
1590396489.27115631,0.46679688,-0.29321289,1.09716797
1590396489.28354716,0.48754883,-0.33398438,1.09765625
1590396489.29517484,0.49316406,-0.35253906,1.09912109
1590396489.30753803,0.47607422,-0.35034180,1.09106445
1590396489.31921053,0.45117188,-0.33398438,1.09643555
1590396489.33163476,0.44458008,-0.32739258,1.11132812
1590396489.34331608,0.43701172,-0.32666016,1.12500000
1590396489.35548735,0.43237305,-0.33618164,1.12695312
1590396489.36711168,0.42309570,-0.33789062,1.10522461
1590396489.37951064,0.41186523,-0.33886719,1.07104492
1590396489.39112377,0.39746094,-0.32397461,1.06201172
1590396489.40361595,0.39038086,-0.31079102,1.09497070
1590396489.41523242,0.38769531,-0.31542969,1.12524414
1590396489.42764330,0.37158203,-0.31079102,1.12597656
1590396489.43924880,0.35668945,-0.28906250,1.11791992
1590396489.45165491,0.36010742,-0.27832031,1.06933594
1590396489.46336055,0.36596680,-0.28808594,1.00146484
1590396489.47550035,0.36010742,-0.30834961,0.94750977
1590396489.48714256,0.36059570,-0.32666016,0.93530273
1590396489.49968171,0.34765625,-0.31884766,0.99584961
1590396489.51114416,0.32470703,-0.29418945,1.09497070
1590396489.52362323,0.28784180,-0.28198242,1.14453125
1590396489.53529167,0.25317383,-0.25756836,1.14916992
1590396489.54749036,0.24853516,-0.22558594,1.10668945
1590396489.55917263,0.25634766,-0.19018555,1.05078125
1590396489.57161808,0.26977539,-0.15625000,1.00878906
1590396489.58313489,0.27124023,-0.12377930,0.98706055
1590396489.59561849,0.28198242,-0.11645508,0.96972656
1590396489.60728312,0.29028320,-0.12060547,0.95263672
1590396489.61948943,0.28808594,-0.11718750,0.94018555
1590396489.63127041,0.28100586,-0.10058594,0.92651367
1590396489.64351678,0.26147461,-0.06738281,0.90039062
1590396489.65523005,0.25170898,-0.04638672,0.88720703
1590396489.66767097,0.24072266,-0.04882812,0.88793945
1590396489.67910886,0.22412109,-0.05786133,0.90014648
1590396489.69152713,0.19873047,-0.06640625,0.94946289
1590396489.70321441,0.17504883,-0.09277344,0.97485352
1590396489.71567941,0.14282227,-0.11669922,0.96289062
1590396489.72714281,0.09960938,-0.13818359,0.93115234
1590396489.73963928,0.07348633,-0.17382812,0.90747070
1590396489.75110936,0.06616211,-0.21582031,0.90991211
1590396489.76361680,0.06420898,-0.25268555,0.91430664
1590396489.77510619,0.03369141,-0.24096680,0.91772461
1590396489.78762913,0.01391602,-0.20043945,0.90087891
1590396489.79907966,0.01806641,-0.15332031,0.87890625
1590396489.81154633,0.04370117,-0.13403320,0.87158203
1590396489.82322907,0.05639648,-0.13842773,0.84350586
1590396489.83549023,0.03833008,-0.16235352,0.82006836
1590396489.84714341,-0.01660156,-0.19213867,0.82812500
1590396489.85961246,-0.05224609,-0.24389648,0.86572266
1590396489.87110662,-0.05688477,-0.28295898,0.89501953
1590396489.88359499,-0.06103516,-0.26586914,0.90551758
1590396489.89526343,-0.05566406,-0.20849609,0.90356445
1590396489.90750504,-0.04394531,-0.12744141,0.89184570
1590396489.91920948,-0.03198242,-0.04711914,0.87597656
1590396489.93140268,-0.02929688,0.00830078,0.83642578
1590396489.94312024,-0.03442383,0.05419922,0.79858398
1590396489.95567274,-0.06640625,0.06616211,0.77709961
1590396489.96708894,-0.09472656,0.07373047,0.74487305
1590396489.97954345,-0.09130859,0.06762695,0.75268555
1590396489.99122691,-0.06298828,0.06127930,0.77954102
1590396490.00340509,-0.04565430,0.07983398,0.81372070
1590396490.01510620,-0.05981445,0.12988281,0.83325195
1590396490.02759099,-0.09448242,0.20605469,0.83300781
1590396490.03926730,-0.11572266,0.27075195,0.82690430
1590396490.05152869,-0.11206055,0.30712891,0.81494141
1590396490.06326294,-0.09301758,0.31250000,0.80102539
1590396490.07547903,-0.07299805,0.28588867,0.80981445
1590396490.08710265,-0.04516602,0.25146484,0.84204102
1590396490.09962773,-0.03198242,0.24267578,0.95825195
1590396490.11102724,-0.03466797,0.28100586,1.08593750
1590396490.12349439,-0.09887695,0.34130859,1.07299805
1590396490.13512874,-0.16308594,0.36376953,0.93774414
1590396490.14758205,-0.15014648,0.31445312,0.76318359
1590396490.15918827,-0.05102539,0.25512695,0.59570312
1590396490.17157006,0.04541016,0.21777344,0.51220703
1590396490.18319821,0.11669922,0.21630859,0.51831055
1590396490.19542098,0.15380859,0.25854492,0.61132812
1590396490.20726323,0.16870117,0.32446289,0.69848633
1590396490.21952820,0.17358398,0.39013672,0.72509766
1590396490.23109889,0.15429688,0.44726562,0.73999023
1590396490.24343681,0.12646484,0.47167969,0.73510742
1590396490.25504923,0.10815430,0.48461914,0.71337891
1590396490.26744270,0.11914062,0.48266602,0.69970703
1590396490.27901983,0.14208984,0.47998047,0.70385742
1590396490.29163575,0.16455078,0.45898438,0.70654297
1590396490.30319309,0.18286133,0.42456055,0.70410156
1590396490.31541395,0.20410156,0.39990234,0.73437500
1590396490.32706404,0.22753906,0.37744141,0.77001953
1590396490.33960319,0.21972656,0.38183594,0.79541016
1590396490.35121441,0.21704102,0.39404297,0.81567383
1590396490.36359072,0.24536133,0.38476562,0.81738281
1590396490.37514472,0.26245117,0.38037109,0.80688477
1590396490.38749933,0.26953125,0.37963867,0.79296875
1590396490.39906025,0.26611328,0.39892578,0.75561523
1590396490.41139126,0.23754883,0.45092773,0.70385742
1590396490.42313838,0.22290039,0.48706055,0.67211914
1590396490.43540549,0.22583008,0.47875977,0.65576172
1590396490.44698977,0.26098633,0.41943359,0.71191406
1590396490.45956969,0.31567383,0.31176758,0.82739258
1590396490.47105336,0.33056641,0.21875000,0.93872070
1590396490.48343253,0.32177734,0.18261719,0.99243164
1590396490.49502087,0.29101562,0.23999023,0.98999023
1590396490.50745821,0.24023438,0.35815430,0.89819336
1590396490.51905465,0.23754883,0.44140625,0.81787109
1590396490.53141046,0.28442383,0.44750977,0.77148438
1590396490.54319763,0.33227539,0.37939453,0.78588867
1590396490.55560160,0.35693359,0.29931641,0.83056641
1590396490.56717563,0.36108398,0.25244141,0.87255859
1590396490.57952619,0.32373047,0.28198242,0.87280273
1590396490.59108520,0.29663086,0.33715820,0.89770508
1590396490.60347414,0.30493164,0.34741211,0.91918945
1590396490.61503005,0.31909180,0.32202148,0.92749023
1590396490.62736583,0.32690430,0.27954102,0.92407227
1590396490.63899589,0.33544922,0.24267578,0.92919922
1590396490.65142798,0.34130859,0.22583008,0.94287109
1590396490.66305327,0.33520508,0.22290039,0.96142578
1590396490.67536354,0.31860352,0.22656250,0.98339844
1590396490.68718147,0.30712891,0.22436523,0.97729492
1590396490.69958496,0.29687500,0.21704102,0.96923828
1590396490.71115923,0.30126953,0.19482422,0.96459961
1590396490.72348619,0.31225586,0.16308594,0.97241211
1590396490.73505664,0.30737305,0.14526367,0.99462891
1590396490.74747467,0.29101562,0.14233398,1.03564453
1590396490.75909805,0.28051758,0.14013672,1.06689453
1590396490.77150178,0.29028320,0.12963867,1.08862305
1590396490.78310204,0.30639648,0.12988281,1.11743164
1590396490.79544473,0.32250977,0.12670898,1.14819336
1590396490.80700350,0.32958984,0.12133789,1.19702148
1590396490.81934428,0.31469727,0.14624023,1.24194336
1590396490.83114672,0.31567383,0.17602539,1.29541016
1590396490.84348154,0.31152344,0.20800781,1.31958008
1590396490.85494590,0.29638672,0.22631836,1.32421875
1590396490.86763000,0.28637695,0.23120117,1.31982422
1590396490.87912965,0.26220703,0.23120117,1.30200195
1590396490.89149857,0.24707031,0.23999023,1.29418945
1590396490.90306950,0.23803711,0.24804688,1.28100586
1590396490.91541576,0.27124023,0.22802734,1.27319336
1590396490.92697191,0.29492188,0.23706055,1.26586914
1590396490.93957782,0.29956055,0.26049805,1.25268555
1590396490.95122814,0.28417969,0.29321289,1.25146484
1590396490.96346879,0.27709961,0.31542969,1.24536133
1590396490.97518110,0.26855469,0.33471680,1.23901367
1590396490.98747802,0.26147461,0.33618164,1.22094727
1590396490.99906516,0.26171875,0.33593750,1.20629883
1590396491.01142097,0.29565430,0.31542969,1.19946289
1590396491.02299714,0.32080078,0.30053711,1.19409180
1590396491.03532815,0.33007812,0.29370117,1.17626953
1590396491.04714441,0.34155273,0.27954102,1.17578125
1590396491.05948496,0.33227539,0.29125977,1.16259766
1590396491.07107234,0.32470703,0.31347656,1.13574219
1590396491.08362675,0.32373047,0.33398438,1.09375000
1590396491.09513044,0.32470703,0.34887695,1.05371094
1590396491.10751224,0.32617188,0.36230469,1.02221680
1590396491.11908960,0.32031250,0.37475586,0.99487305
1590396491.13137770,0.31494141,0.38403320,0.96777344
1590396491.14295435,0.32299805,0.37695312,0.95288086
1590396491.15556741,0.32788086,0.36010742,0.94262695
1590396491.16718292,0.32788086,0.34765625,0.93530273
1590396491.17932487,0.32861328,0.33471680,0.92919922
1590396491.19090295,0.32666016,0.33251953,0.92407227
1590396491.20356750,0.31860352,0.34448242,0.92578125
1590396491.21515250,0.31250000,0.34252930,0.93286133
1590396491.22731256,0.32031250,0.33178711,0.93969727
1590396491.23912978,0.33374023,0.32690430,0.93237305
1590396491.25145841,0.33886719,0.33398438,0.92431641
1590396491.26301384,0.33032227,0.33862305,0.90283203
1590396491.27552772,0.33374023,0.32031250,0.87377930
1590396491.28707385,0.33593750,0.29125977,0.85009766
1590396491.29942417,0.33666992,0.27026367,0.85961914
1590396491.31107926,0.32763672,0.26684570,0.88232422
1590396491.32348442,0.32910156,0.26318359,0.89282227
1590396491.33504891,0.32299805,0.26586914,0.88842773
1590396491.34737539,0.31030273,0.26782227,0.88745117
1590396491.35891843,0.32324219,0.25073242,0.87646484
1590396491.37151694,0.34130859,0.23144531,0.87084961
1590396491.38307333,0.36621094,0.20678711,0.87915039
1590396491.39541054,0.38964844,0.18481445,0.89697266
1590396491.40706468,0.39013672,0.18188477,0.91015625
1590396491.41936374,0.36206055,0.19873047,0.89526367
1590396491.43095994,0.34814453,0.21362305,0.86889648
1590396491.44331241,0.34960938,0.21557617,0.85620117
1590396491.45515704,0.36596680,0.21582031,0.85473633
1590396491.46737146,0.38916016,0.20043945,0.85156250
1590396491.47900271,0.40332031,0.18847656,0.84301758
1590396491.49135613,0.43090820,0.16870117,0.84936523
1590396491.50291991,0.45654297,0.15136719,0.85717773
1590396491.51545620,0.45800781,0.15869141,0.86132812
1590396491.52725601,0.45361328,0.16699219,0.84667969
1590396491.53950596,0.46044922,0.16845703,0.82080078
1590396491.55106807,0.44506836,0.18823242,0.76782227
1590396491.56340528,0.45288086,0.20190430,0.72729492
1590396491.57501125,0.48364258,0.20263672,0.72485352
1590396491.58735728,0.49389648,0.20288086,0.72021484
1590396491.59893346,0.48999023,0.20410156,0.71582031
1590396491.61127114,0.48950195,0.19335938,0.71972656
1590396491.62308216,0.48583984,0.18139648,0.72607422
1590396491.63560224,0.47094727,0.18164062,0.73120117
1590396491.64718413,0.44897461,0.19702148,0.72729492
1590396491.65959167,0.43066406,0.21679688,0.69067383
1590396491.67117763,0.41528320,0.24731445,0.63574219
1590396491.68337989,0.40966797,0.26269531,0.59619141
1590396491.69511056,0.41430664,0.25634766,0.58374023
1590396491.70749426,0.40942383,0.23120117,0.59545898
1590396491.71896148,0.39575195,0.18408203,0.61840820
1590396491.73139167,0.39868164,0.12792969,0.62402344
1590396491.74298716,0.40185547,0.09033203,0.63330078
1590396491.75541306,0.38793945,0.06518555,0.63720703
1590396491.76706243,0.37231445,0.05493164,0.64184570
1590396491.77925062,0.33813477,0.08642578,0.63330078
1590396491.79091787,0.30810547,0.11767578,0.61621094
1590396491.80334806,0.28637695,0.13281250,0.60693359
1590396491.81498623,0.27807617,0.12231445,0.63720703
1590396491.82744670,0.27539062,0.08251953,0.68041992
1590396491.83910251,0.26220703,0.04541016,0.73706055
1590396491.85124660,0.24267578,0.02783203,0.77685547
1590396491.86292791,0.22534180,0.03442383,0.80273438
1590396491.87534785,0.21875000,0.03466797,0.80908203
1590396491.88706923,0.22460938,0.03027344,0.82324219
1590396491.89950442,0.22412109,0.01831055,0.84179688
1590396491.91111827,0.23339844,-0.00659180,0.87841797
1590396491.92334223,0.24853516,-0.05688477,0.89062500
1590396491.93498635,0.24291992,-0.09277344,0.88085938
1590396491.94746351,0.21948242,-0.10278320,0.86621094
1590396491.95903945,0.20019531,-0.08593750,0.84448242
1590396491.97136974,0.20068359,-0.08081055,0.82690430
1590396491.98310947,0.20947266,-0.07739258,0.81494141
1590396491.99534392,0.21850586,-0.08251953,0.80273438
1590396492.00702000,0.22729492,-0.09838867,0.80517578
1590396492.01948237,0.25805664,-0.11645508,0.81396484
1590396492.03090143,0.27978516,-0.13525391,0.81323242
1590396492.04333544,0.29101562,-0.12890625,0.81225586
1590396492.05495119,0.29003906,-0.10668945,0.82446289
1590396492.06747460,0.28442383,-0.08764648,0.84252930
1590396492.07889915,0.27050781,-0.08154297,0.85961914
1590396492.09136009,0.27026367,-0.09570312,0.84936523
1590396492.10311532,0.29858398,-0.11816406,0.83056641
1590396492.11534142,0.31469727,-0.13476562,0.82055664
1590396492.12704086,0.30688477,-0.15234375,0.82446289
1590396492.13923573,0.28540039,-0.15795898,0.84204102
1590396492.15095162,0.27905273,-0.17407227,0.86743164
1590396492.16347504,0.28149414,-0.18969727,0.87792969
1590396492.17492819,0.27319336,-0.20263672,0.86352539
1590396492.18747425,0.27783203,-0.20556641,0.84008789
1590396492.19897032,0.29321289,-0.20776367,0.82861328
1590396492.21145678,0.31176758,-0.21289062,0.81542969
1590396492.22283316,0.32885742,-0.18530273,0.84033203
1590396492.23537707,0.34838867,-0.14184570,0.86865234
1590396492.24709201,0.34838867,-0.12426758,0.89135742
1590396492.25924706,0.34057617,-0.13427734,0.89379883
1590396492.27092767,0.34692383,-0.19116211,0.88476562
1590396492.28338647,0.37207031,-0.25708008,0.89111328
1590396492.29506135,0.41064453,-0.29760742,0.92529297
1590396492.30734611,0.41918945,-0.29003906,0.92968750
1590396492.31909204,0.37646484,-0.20361328,0.90869141
1590396492.33134103,0.33154297,-0.11035156,0.87475586
1590396492.34303975,0.28784180,-0.03930664,0.85083008
1590396492.35554361,0.28637695,-0.05493164,0.84008789
1590396492.36694980,0.31250000,-0.12939453,0.84057617
1590396492.37949800,0.34350586,-0.19824219,0.84912109
1590396492.39114237,0.36572266,-0.23120117,0.87426758
1590396492.40348339,0.36303711,-0.22998047,0.87841797
1590396492.41501880,0.33325195,-0.17797852,0.87548828
1590396492.42721057,0.30151367,-0.12792969,0.84936523
1590396492.43890309,0.30126953,-0.10693359,0.82373047
1590396492.45131850,0.31469727,-0.13403320,0.80273438
1590396492.46301413,0.31811523,-0.19750977,0.81347656
1590396492.47538686,0.33325195,-0.27099609,0.84301758
1590396492.48708916,0.33593750,-0.29321289,0.88305664
1590396492.49933791,0.32836914,-0.23852539,0.90795898
1590396492.51099205,0.34277344,-0.15771484,0.92114258
1590396492.52319980,0.36474609,-0.10009766,0.92993164
1590396492.53484845,0.37817383,-0.09570312,0.93750000
1590396492.54739165,0.36206055,-0.15600586,0.91088867
1590396492.55905533,0.35131836,-0.24218750,0.89721680
1590396492.57134438,0.34228516,-0.30493164,0.90258789
1590396492.58310580,0.33251953,-0.33789062,0.89672852
1590396492.59534621,0.33544922,-0.29370117,0.92041016
1590396492.60712004,0.35595703,-0.21850586,0.94726562
1590396492.61947393,0.38867188,-0.17382812,0.98461914
1590396492.63097429,0.40820312,-0.16845703,1.01782227
1590396492.64335442,0.40454102,-0.18115234,1.03857422
1590396492.65509939,0.38940430,-0.19873047,1.03710938
1590396492.66734171,0.38159180,-0.22094727,1.03295898
1590396492.67910051,0.37084961,-0.24438477,1.03442383
1590396492.69125843,0.35766602,-0.24755859,1.03100586
1590396492.70310211,0.37353516,-0.22338867,1.04687500
1590396492.71534252,0.42041016,-0.18847656,1.05468750
1590396492.72708535,0.45361328,-0.16040039,1.05761719
1590396492.73931575,0.46362305,-0.13403320,1.05151367
1590396492.75102353,0.45288086,-0.13403320,1.04003906
1590396492.76320052,0.46386719,-0.15380859,1.03100586
1590396492.77487564,0.48535156,-0.16552734,1.02246094
1590396492.78733897,0.50415039,-0.17553711,1.01196289
1590396492.79898667,0.50708008,-0.16113281,1.02905273
1590396492.81120896,0.47412109,-0.14526367,1.04394531
1590396492.82287717,0.44384766,-0.14697266,1.07128906
1590396492.83533621,0.44018555,-0.17358398,1.09448242
1590396492.84708810,0.44750977,-0.19018555,1.11303711
1590396492.85939169,0.44287109,-0.20434570,1.10253906
1590396492.87078929,0.42382812,-0.22460938,1.06567383
1590396492.88329959,0.42089844,-0.25512695,1.04443359
1590396492.89495587,0.39575195,-0.27172852,1.03442383
1590396492.90719795,0.36767578,-0.27075195,1.02563477
1590396492.91895080,0.35620117,-0.24707031,1.02294922
1590396492.93120074,0.36767578,-0.21289062,1.03002930
1590396492.94282269,0.38281250,-0.18579102,1.02465820
1590396492.95530391,0.38281250,-0.15698242,1.04003906
1590396492.96688843,0.37866211,-0.15966797,1.05737305
1590396492.97920108,0.36547852,-0.17797852,1.07348633
1590396492.99090672,0.34497070,-0.18383789,1.10327148
1590396493.00337744,0.31713867,-0.18701172,1.11694336
1590396493.01482487,0.28637695,-0.18750000,1.11230469
1590396493.02734089,0.27685547,-0.19750977,1.09472656
1590396493.03877449,0.28564453,-0.20898438,1.08471680
1590396493.05127716,0.28344727,-0.20849609,1.06323242
1590396493.06295443,0.27075195,-0.20214844,1.06103516
1590396493.07520032,0.25952148,-0.21142578,1.07812500
1590396493.08683252,0.23925781,-0.22631836,1.10034180
1590396493.09933972,0.22924805,-0.23413086,1.11840820
1590396493.11099029,0.23071289,-0.24584961,1.11572266
1590396493.12321186,0.22924805,-0.24340820,1.08203125
1590396493.13485408,0.21801758,-0.22167969,1.04687500
1590396493.14737487,0.22485352,-0.20556641,1.01367188
1590396493.15878630,0.24218750,-0.21533203,0.98828125
1590396493.17124414,0.25903320,-0.23461914,0.96557617
1590396493.18295097,0.26416016,-0.26049805,0.95996094
1590396493.19520664,0.27685547,-0.27758789,0.97998047
1590396493.20693135,0.27758789,-0.28637695,1.00170898
1590396493.21939063,0.25634766,-0.28198242,0.99853516
1590396493.23079419,0.24975586,-0.27783203,0.99243164
1590396493.24339247,0.25781250,-0.28027344,0.97998047
1590396493.25477409,0.26318359,-0.27734375,0.96923828
1590396493.26729465,0.26757812,-0.25976562,0.96826172
1590396493.27894402,0.28125000,-0.25244141,0.97143555
1590396493.29120445,0.28808594,-0.25170898,0.97070312
1590396493.30284309,0.29370117,-0.24414062,0.97363281
1590396493.31519938,0.30395508,-0.24536133,0.97680664
1590396493.32688308,0.30419922,-0.25439453,0.98046875
1590396493.33933687,0.30517578,-0.26391602,0.97656250
1590396493.35098577,0.31079102,-0.26293945,0.96142578
1590396493.36323261,0.31079102,-0.24023438,0.95654297
1590396493.37494588,0.29809570,-0.19799805,0.95507812
1590396493.38717651,0.28979492,-0.16992188,0.94775391
1590396493.39884615,0.31274414,-0.16772461,0.95092773
1590396493.41134167,0.35229492,-0.19360352,0.94702148
1590396493.42298675,0.36767578,-0.23071289,0.92138672
1590396493.43521714,0.36279297,-0.25976562,0.88867188
1590396493.44687915,0.35131836,-0.27001953,0.84765625
1590396493.45931888,0.33129883,-0.26171875,0.81201172
1590396493.47107935,0.32812500,-0.26293945,0.77587891
