1591242416.19967461,5.84484936,0.02714511,-0.08275653
1591242416.21142554,5.84773264,0.02950479,-0.07127750
1591242416.22379851,5.85025988,0.02939658,-0.06268001
1591242416.23538709,5.85207851,0.02702468,-0.05727123
1591242416.24772859,5.85321646,0.02280098,-0.05519778
1591242416.25934434,5.85378893,0.01640609,-0.05581039
1591242416.27165270,5.85381337,0.00921883,-0.05876698
1591242416.28324318,5.85332817,0.00145037,-0.06436600
1591242416.29580927,5.85238918,-0.00632682,-0.07330383
1591242416.30731368,5.85069097,-0.01473931,-0.08545307
1591242416.31973863,5.84791765,-0.02413092,-0.09905965
1591242416.33139014,5.84400636,-0.03409326,-0.11217929
1591242416.34371448,5.83920496,-0.04307298,-0.12312251
1591242416.35525751,5.83431280,-0.04963018,-0.13185264
1591242416.36758399,5.82978891,-0.05251521,-0.13860358
1591242416.37937188,5.82589508,-0.05123938,-0.14308558
1591242416.39168477,5.82306067,-0.04630882,-0.14608231
1591242416.40322280,5.82137468,-0.03865381,-0.14815751
1591242416.41578960,5.82055088,-0.02950305,-0.14886088
1591242416.42735505,5.82022451,-0.01949882,-0.14745938
1591242416.43976045,5.82004125,-0.00943350,-0.14372786
1591242416.45129275,5.81989115,0.00027925,-0.13761921
1591242416.46360326,5.81990686,0.00899543,-0.12971112
1591242416.47537518,5.81993478,0.01634152,-0.12079075
1591242416.48766494,5.82009186,0.02194752,-0.11177089
1591242416.49943876,5.82042522,0.02599144,-0.10356260
1591242416.51175380,5.82103608,0.02831273,-0.09703856
1591242416.52335763,5.82161379,0.02867227,-0.09224589
1591242416.53581572,5.82168186,0.02727426,-0.08910778
1591242416.54736304,5.82095405,0.02484302,-0.08716174
1591242416.55976105,5.81957001,0.02197195,-0.08577595
1591242416.57130122,5.81766934,0.01910437,-0.08418596
1591242416.58360672,5.81566222,0.01673596,-0.08258025
1591242416.59539199,5.81438114,0.01463982,-0.08140216
1591242416.60773659,5.81489427,0.01151743,-0.08158542
1591242416.61927962,5.81797478,0.00550477,-0.08428544
1591242416.63169718,5.82384083,-0.00435634,-0.08978497
1591242416.64329481,5.83136494,-0.01773778,-0.09628283
1591242416.65565801,5.83940393,-0.03303908,-0.10392563
1591242416.66723657,5.84643586,-0.04809953,-0.11160857
1591242416.67971182,5.85093532,-0.05873557,-0.11688645
1591242416.69128942,5.85256720,-0.06180560,-0.11867017
1591242416.70362544,5.85166138,-0.05695533,-0.11651120
1591242416.71521640,5.84933834,-0.04532096,-0.11229448
1591242416.72763252,5.84625260,-0.02894105,-0.10750006
1591242416.73936510,5.84256647,-0.00974417,-0.10247003
1591242416.75182462,5.83820140,0.01028348,-0.09775240
1591242416.76342201,5.83341745,0.02901261,-0.09489181
1591242416.77560139,5.82829491,0.04497713,-0.09473473
1591242416.78722167,5.82264179,0.05763252,-0.09716946
1591242416.79967237,5.81650521,0.06690720,-0.10166892
1591242416.81124735,5.81019061,0.07346963,-0.10786833
1591242416.82359862,5.80438041,0.07766715,-0.11532088
1591242416.83520246,5.79994553,0.07976853,-0.12291307
1591242416.84780002,5.79727168,0.08024849,-0.12921545
1591242416.85938191,5.79618609,0.07990990,-0.13313372
1591242416.87177157,5.79632397,0.07912101,-0.13477607
1591242416.88334966,5.79716871,0.07788706,-0.13421407
1591242416.89567709,5.79801170,0.07635641,-0.13195213
1591242416.90724778,5.79808151,0.07498633,-0.12846670
1591242416.91967940,5.79721059,0.07405956,-0.12411036
1591242416.93130088,5.79542163,0.07349232,-0.11919726
1591242416.94370961,5.79296595,0.07341378,-0.11394731
1591242416.95528841,5.79019437,0.07363893,-0.10892251
1591242416.96763802,5.78727269,0.07364940,-0.10411936
1591242416.97919798,5.78430039,0.07381521,-0.09974731
1591242416.99181557,5.78139093,0.07396531,-0.09587268
1591242417.00337577,5.77873454,0.07393913,-0.09255656
1591242417.01572752,5.77625443,0.07383266,-0.09000314
1591242417.02724838,5.77401691,0.07364068,-0.08802568
1591242417.03969193,5.77226984,0.07318166,-0.08678650
1591242417.05123019,5.77107080,0.07230201,-0.08607789
1591242417.06378555,5.77033078,0.07094938,-0.08554731
1591242417.07531905,5.76998171,0.06921103,-0.08508306
1591242417.08762932,5.77006898,0.06732084,-0.08449313
1591242417.09941626,5.77064668,0.06556329,-0.08409869
1591242417.11178684,5.77148968,0.06409896,-0.08386656
1591242417.12333322,5.77244961,0.06316347,-0.08377929
1591242417.13562822,5.77355266,0.06216339,-0.08426799
1591242417.14741182,5.77480580,0.06092072,-0.08626115
1591242417.15979457,5.77620381,0.05883679,-0.08981115
1591242417.17130184,5.77758960,0.05534090,-0.09474869
1591242417.18361521,5.77869091,0.05067389,-0.10095857
1591242417.19538951,5.77934889,0.04563338,-0.10727666
1591242417.20768714,5.77978174,0.04137478,-0.11324569
1591242417.21935630,5.78029835,0.03832045,-0.11843455
1591242417.23167396,5.78111168,0.03679852,-0.12243310
1591242417.24322867,5.78234388,0.03642153,-0.12537398
1591242417.25579929,5.78383439,0.03652800,-0.12740554
1591242417.26734090,5.78539646,0.03676536,-0.12848939
1591242417.27977467,5.78702485,0.03672871,-0.12866218
1591242417.29131675,5.78852933,0.03633426,-0.12784013
1591242417.30362701,5.78990290,0.03555410,-0.12617160
1591242417.31541872,5.79118048,0.03450865,-0.12405975
1591242417.32771277,5.79236381,0.03302861,-0.12171926
1591242417.33936501,5.79321204,0.03158522,-0.11959869
1591242417.35177684,5.79355587,0.03048741,-0.11771373
1591242417.36331964,5.79348606,0.02974216,-0.11600505
1591242417.37561679,5.79320157,0.02934422,-0.11443949
1591242417.38741827,5.79296246,0.02956413,-0.11356508
1591242417.39982033,5.79295723,0.03034604,-0.11356683
1591242417.41134548,5.79295025,0.03145083,-0.11422133
1591242417.42365217,5.79258024,0.03265162,-0.11553382
1591242417.43544769,5.79182276,0.03377561,-0.11719188
1591242417.44760394,5.79098151,0.03480536,-0.11901924
1591242417.45939922,5.79007045,0.03605501,-0.12075759
1591242417.47170901,5.78923444,0.03746000,-0.12236678
1591242417.48326111,5.78860089,0.03897844,-0.12370719
1591242417.49581623,5.78834956,0.04070457,-0.12451353
1591242417.50733423,5.78860787,0.04250400,-0.12481548
1591242417.51972985,5.78931472,0.04421094,-0.12482071
1591242417.53125834,5.79036890,0.04548677,-0.12473345
1591242417.54359984,5.79157493,0.04604004,-0.12477533
1591242417.55540156,5.79286822,0.04568399,-0.12509996
1591242417.56772733,5.79404108,0.04448844,-0.12576668
1591242417.57924485,5.79494167,0.04276755,-0.12668472
1591242417.59179258,5.79575848,0.04070282,-0.12763418
1591242417.60332537,5.79664162,0.03843913,-0.12869534
1591242417.61561871,5.79748112,0.03651927,-0.12989438
1591242417.62739301,5.79813387,0.03492927,-0.13092587
1591242417.63981032,5.79862606,0.03345622,-0.13161353
1591242417.65139127,5.79901003,0.03212977,-0.13194340
1591242417.66371942,5.79919503,0.03086964,-0.13207430
1591242417.67523098,5.79908333,0.02972645,-0.13208826
1591242417.68778300,5.79882851,0.02871241,-0.13188057
1591242417.69930506,5.79840265,0.02807188,-0.13148438
1591242417.71161866,5.79777783,0.02773852,-0.13078450
1591242417.72344041,5.79712682,0.02749766,-0.12992231
1591242417.73574352,5.79644090,0.02731964,-0.12889780
1591242417.74731445,5.79581259,0.02719921,-0.12787678
1591242417.75969100,5.79540767,0.02708576,-0.12707742
1591242417.77121186,5.79527677,0.02678208,-0.12655731
1591242417.78376532,5.79524884,0.02624103,-0.12631995
1591242417.79529119,5.79528550,0.02541548,-0.12614891
1591242417.80758166,5.79540592,0.02446253,-0.12642991
1591242417.81925035,5.79556475,0.02311514,-0.12709139
1591242417.83159113,5.79572183,0.02151642,-0.12814556
1591242417.84337306,5.79572532,0.01969953,-0.12973207
1591242417.85573316,5.79548446,0.01788613,-0.13152627
1591242417.86726308,5.79527153,0.01627694,-0.13321575
1591242417.87965512,5.79522615,0.01518611,-0.13498202
1591242417.89143705,5.79541640,0.01472709,-0.13663834
1591242417.90375710,5.79581608,0.01487195,-0.13787927
1591242417.91527438,5.79648803,0.01531875,-0.13861579
1591242417.92784572,5.79717045,0.01578825,-0.13880953
1591242417.93936801,5.79765914,0.01618269,-0.13857565
1591242417.95173478,5.79819496,0.01654747,-0.13784261
1591242417.96327806,5.79876045,0.01688606,-0.13672386
1591242417.97559524,5.79926136,0.01714088,-0.13546897
1591242417.98739052,5.79979717,0.01721418,-0.13436592
1591242417.99978232,5.80043771,0.01706932,-0.13355958
1591242418.01131868,5.80106428,0.01669756,-0.13300631
1591242418.02363992,5.80165246,0.01616524,-0.13258394
1591242418.03542590,5.80222493,0.01564339,-0.13236926
1591242418.04772305,5.80274154,0.01500809,-0.13233086
1591242418.05930281,5.80319358,0.01420698,-0.13229770
1591242418.07162499,5.80378001,0.01322960,-0.13224534
1591242418.08341241,5.80446244,0.01214400,-0.13225581
1591242418.09571218,5.80517279,0.01095194,-0.13242162
1591242418.10724688,5.80584125,0.00988904,-0.13267469
1591242418.11971354,5.80634216,0.00928690,-0.13275498
1591242418.13125086,5.80672962,0.00912633,-0.13254554
1591242418.14381123,5.80696175,0.00949634,-0.13200623
1591242418.15537477,5.80721831,0.01010720,-0.13111961
1591242418.16768599,5.80780823,0.01071458,-0.13005321
1591242418.17921066,5.80868788,0.01108459,-0.12890129
1591242418.19178319,5.80961639,0.01104270,-0.12789075
1591242418.20331001,5.81047161,0.01064302,-0.12703728
1591242418.21562004,5.81140187,0.00994314,-0.12638802
1591242418.22737885,5.81247350,0.00912807,-0.12592376
1591242418.23960114,5.81358876,0.00847357,-0.12564102
1591242418.25138044,5.81471450,0.00819781,-0.12569687
1591242418.26376605,5.81562556,0.00807215,-0.12599008
1591242418.27530098,5.81635337,0.00799186,-0.12658349
1591242418.28765082,5.81712829,0.00768643,-0.12744394
1591242418.29921794,5.81795383,0.00717330,-0.12839340
1591242418.31183004,5.81877937,0.00653102,-0.12926083
1591242418.32335544,5.81949496,0.00600393,-0.13014048
1591242418.33564353,5.81987020,0.00564963,-0.13082814
1591242418.34753561,5.81985450,0.00539830,-0.13132904
1591242418.35966730,5.81981784,0.00530929,-0.13162401
1591242418.37127519,5.81976374,0.00542448,-0.13176363
1591242418.38384008,5.81962062,0.00575435,-0.13168509
1591242418.39538717,5.81950019,0.00625875,-0.13133952
1591242418.40769625,5.81948798,0.00678933,-0.13080370
1591242418.41935778,5.81955255,0.00724835,-0.13009684
1591242418.43168306,5.81956128,0.00757298,-0.12949470
1591242418.44320798,5.81959095,0.00767247,-0.12912295
1591242418.45578361,5.81978468,0.00761487,-0.12909502
1591242418.46736860,5.82003601,0.00745605,-0.12938998
1591242418.47959065,5.82018785,0.00718378,-0.12996245
1591242418.49138093,5.82013026,0.00703891,-0.13061171
1591242418.50376534,5.81976723,0.00705113,-0.13127145
1591242418.51529145,5.81916858,0.00738623,-0.13177061
1591242418.52759433,5.81845649,0.00816640,-0.13211444
1591242418.53937507,5.81781421,0.00915774,-0.13232912
1591242418.55166864,5.81737787,0.01035853,-0.13245653
1591242418.56344104,5.81723476,0.01151045,-0.13277418
1591242418.57572889,5.81718763,0.01248958,-0.13326985
1591242418.58725452,5.81717018,0.01306204,-0.13396973
1591242418.59964776,5.81719636,0.01322960,-0.13480400
1591242418.61144757,5.81714051,0.01304808,-0.13560859
1591242418.62378383,5.81714749,0.01246689,-0.13633989
1591242418.63530564,5.81717018,0.01153663,-0.13683207
1591242418.64759922,5.81715796,0.01056622,-0.13707118
1591242418.65940261,5.81711433,0.00973021,-0.13696820
1591242418.67177439,5.81719985,0.00919789,-0.13664008
1591242418.68331623,5.81737613,0.00899717,-0.13620899
1591242418.69562626,5.81733250,0.00896925,-0.13584770
1591242418.70740819,5.81694852,0.00895179,-0.13551085
1591242418.71978641,5.81632195,0.00879122,-0.13502391
1591242418.73126197,5.81551561,0.00847706,-0.13421582
1591242418.74360466,5.81453299,0.00830253,-0.13295395
1591242418.75538731,5.81344739,0.00848928,-0.13098347
1591242418.76778936,5.81220123,0.00923977,-0.12805830
1591242418.77933407,5.81082242,0.01077915,-0.12388871
1591242418.79164648,5.80950469,0.01308299,-0.11889357
1591242418.80343986,5.80831438,0.01575683,-0.11349003
1591242418.81577206,5.80723053,0.01840973,-0.10827848
1591242418.82730412,5.80613272,0.02080607,-0.10343170
1591242418.83969617,5.80484641,0.02293014,-0.09879262
1591242418.85123610,5.80345015,0.02491458,-0.09463175
1591242418.86378789,5.80201025,0.02665990,-0.09108524
1591242418.87540722,5.80047785,0.02810329,-0.08836951
1591242418.88773656,5.79892974,0.02926568,-0.08618261
1591242418.89925647,5.79739909,0.03037571,-0.08441285
1591242418.91181016,5.79603773,0.03159919,-0.08283333
1591242418.92334175,5.79495912,0.03310541,-0.08117177
1591242418.93564439,5.79413532,0.03472682,-0.07916290
1591242418.94741940,5.79339705,0.03625922,-0.07668279
1591242418.95980716,5.79277048,0.03754727,-0.07393215
1591242418.97133756,5.79232716,0.03854734,-0.07106283
1591242418.98365426,5.79197461,0.03938335,-0.06827030
1591242418.99544740,5.79156096,0.04039215,-0.06575528
1591242419.00778270,5.79107053,0.04168195,-0.06343050
1591242419.01947999,5.79055565,0.04325275,-0.06121917
1591242419.03162646,5.79009140,0.04490034,-0.05923298
1591242419.04347372,5.78967601,0.04646066,-0.05758714
1591242419.05582690,5.78942468,0.04781853,-0.05618913
1591242419.06739640,5.78941072,0.04885526,-0.05517509
1591242419.07962465,5.78959572,0.04939107,-0.05472131
1591242419.09136462,5.78996748,0.04939282,-0.05501801
1591242419.10371351,5.79025197,0.04909611,-0.05591162
1591242419.11523962,5.79037065,0.04868945,-0.05699896
1591242419.12779117,5.79035843,0.04853237,-0.05796762
1591242419.13931394,5.79045093,0.04853412,-0.05882807
1591242419.15163255,5.79081920,0.04858822,-0.05967630
1591242419.16324782,5.79133058,0.04858299,-0.06047740
1591242419.17563224,5.79175295,0.04852713,-0.06114761
1591242419.18750334,5.79223292,0.04834737,-0.06166423
1591242419.19981718,5.79282982,0.04789533,-0.06220004
1591242419.21140575,5.79347733,0.04724955,-0.06272190
1591242419.22373581,5.79413881,0.04643623,-0.06324201
1591242419.23526239,5.79482473,0.04536460,-0.06401693
1591242419.24780059,5.79548621,0.04398579,-0.06506762
1591242419.25932050,5.79591905,0.04257382,-0.06627190
1591242419.27163124,5.79602726,0.04113567,-0.06749537
1591242419.28346395,5.79592254,0.03996804,-0.06890211
1591242419.29578900,5.79553857,0.03925769,-0.07043974
1591242419.30730247,5.79480728,0.03885627,-0.07186568
1591242419.31968045,5.79385782,0.03884405,-0.07316769
1591242419.33121967,5.79282109,0.03917392,-0.07468264
1591242419.34381557,5.79156096,0.03976035,-0.07626216
1591242419.35536075,5.78992384,0.04038168,-0.07759210
1591242419.36766076,5.78797257,0.04116010,-0.07848920
1591242419.37923789,5.78604049,0.04205720,-0.07892379
1591242419.39180350,5.78443478,0.04305204,-0.07895870
1591242419.40332580,5.78304201,0.04419174,-0.07862359
1591242419.41562986,5.78167891,0.04525639,-0.07780852
1591242419.42742777,5.78043623,0.04644496,-0.07687826
1591242419.43964028,5.77945012,0.04767541,-0.07601782
1591242419.45143843,5.77869789,0.04875926,-0.07521671
1591242419.46375561,5.77828250,0.04951674,-0.07451509
1591242419.47526526,5.77819523,0.05003161,-0.07408923
1591242419.48769379,5.77842038,0.05023232,-0.07405432
1591242419.49925494,5.77878864,0.05019741,-0.07427423
1591242419.51181865,5.77903823,0.05001416,-0.07453603
1591242419.52334356,5.77920752,0.04985358,-0.07479609
1591242419.53564477,5.77927559,0.04992689,-0.07506138
1591242419.54741836,5.77927559,0.05013458,-0.07524987
1591242419.55980778,5.77925116,0.05030912,-0.07531096
1591242419.57133770,5.77923021,0.05039115,-0.07543138
1591242419.58375525,5.77924941,0.05044525,-0.07563384
1591242419.59529161,5.77918658,0.05054299,-0.07568969
1591242419.60791278,5.77918483,0.05059535,-0.07564955
1591242419.61944318,5.77926861,0.05065818,-0.07556578
1591242419.63180590,5.77928606,0.05064247,-0.07546629
1591242419.64335608,5.77924941,0.05065644,-0.07545756
1591242419.65566587,5.77916564,0.05078210,-0.07551691
1591242419.66730070,5.77903474,0.05093394,-0.07547502
1591242419.67974496,5.77885322,0.05112418,-0.07531619
1591242419.69140840,5.77866822,0.05121669,-0.07524289
1591242419.70375085,5.77847798,0.05115211,-0.07532143
1591242419.71528101,5.77810971,0.05111197,-0.07546978
1591242419.72760940,5.77748663,0.05115560,-0.07557276
1591242419.73939848,5.77661222,0.05141391,-0.07538077
1591242419.75169611,5.77579366,0.05188689,-0.07489731
1591242419.76322484,5.77518105,0.05253965,-0.07431961
1591242419.77579761,5.77480057,0.05307721,-0.07379776
1591242419.78736830,5.77453179,0.05351354,-0.07340506
1591242419.79974461,5.77431187,0.05376312,-0.07325321
1591242419.81126928,5.77405357,0.05381025,-0.07324274
1591242419.82382321,5.77368530,0.05381548,-0.07317991
1591242419.83534265,5.77326642,0.05394464,-0.07299141
1591242419.84766293,5.77310934,0.05413488,-0.07276976
1591242419.85945439,5.77320185,0.05448569,-0.07246607
1591242419.87175798,5.77335892,0.05480683,-0.07203323
1591242419.88328195,5.77356836,0.05514891,-0.07151138
1591242419.89565420,5.77393663,0.05543864,-0.07107155
1591242419.90752101,5.77433456,0.05558525,-0.07067885
1591242419.91963720,5.77462080,0.05555208,-0.07046418
1591242419.93142676,5.77483722,0.05548402,-0.07049210
1591242419.94371295,5.77509204,0.05532170,-0.07068409
1591242419.95524263,5.77538525,0.05518906,-0.07096160
1591242419.96779394,5.77572210,0.05512273,-0.07126877
1591242419.97932363,5.77603102,0.05517684,-0.07142062
1591242419.99164438,5.77613400,0.05531472,-0.07142585
1591242420.00325274,5.77605895,0.05560270,-0.07132113
1591242420.01582694,5.77576399,0.05605474,-0.07115358
1591242420.02734709,5.77526308,0.05659928,-0.07088829
1591242420.03973532,5.77472028,0.05723633,-0.07056017
1591242420.05126715,5.77419494,0.05786988,-0.07037168
1591242420.06382179,5.77385285,0.05831494,-0.07027219
1591242420.07533646,5.77366785,0.05869717,-0.07026347
1591242420.08764958,5.77339209,0.05897991,-0.07030361
1591242420.09948349,5.77310760,0.05899736,-0.07030710
1591242420.11180186,5.77302033,0.05882283,-0.07026347
1591242420.12332845,5.77312331,0.05848075,-0.07019016
1591242420.13562608,5.77327689,0.05807758,-0.07018143
1591242420.14738655,5.77335369,0.05776342,-0.07032630
1591242420.15978718,5.77321581,0.05748591,-0.07050781
1591242420.17131662,5.77288070,0.05743530,-0.07074867
1591242420.18362045,5.77251069,0.05755049,-0.07087433
1591242420.19542956,5.77220875,0.05757492,-0.07082372
1591242420.20775318,5.77199582,0.05762030,-0.07069282
1591242420.21927857,5.77186318,0.05771804,-0.07056541
1591242420.23184347,5.77179162,0.05778611,-0.07053399
1591242420.24337506,5.77176020,0.05782974,-0.07059333
1591242420.25567150,5.77178464,0.05786639,-0.07078183
1591242420.26752210,5.77182653,0.05785417,-0.07092145
1591242420.27983260,5.77199059,0.05780705,-0.07103141
1591242420.29141998,5.77232744,0.05769011,-0.07105584
1591242420.30381227,5.77270268,0.05744577,-0.07099650
1591242420.31534076,5.77308665,0.05718571,-0.07096160
1591242420.32765627,5.77340081,0.05685934,-0.07098080
1591242420.33944178,5.77363294,0.05653471,-0.07104537
1591242420.35175371,5.77376559,0.05627814,-0.07104537
1591242420.36333466,5.77383016,0.05611583,-0.07102792
1591242420.37564969,5.77374813,0.05613328,-0.07089702
1591242420.38751841,5.77362771,0.05615597,-0.07079754
1591242420.39970398,5.77370625,0.05616644,-0.07079230
1591242420.41125679,5.77391743,0.05613502,-0.07096160
1591242420.42380524,5.77402390,0.05615422,-0.07125132
1591242420.43533301,5.77403088,0.05609488,-0.07160039
1591242420.44764829,5.77403262,0.05612106,-0.07188313
1591242420.45946932,5.77405182,0.05620658,-0.07199134
1591242420.47180176,5.77418097,0.05635145,-0.07204196
1591242420.48333216,5.77443405,0.05651725,-0.07209606
1591242420.49562573,5.77466443,0.05669178,-0.07216587
1591242420.50753236,5.77488783,0.05690297,-0.07227059
1591242420.51985884,5.77513567,0.05711590,-0.07236833
1591242420.53137922,5.77535733,0.05719618,-0.07241895
1591242420.54367447,5.77551790,0.05718222,-0.07244513
1591242420.55547142,5.77562436,0.05715953,-0.07239102
1591242420.56778049,5.77566625,0.05707401,-0.07228805
1591242420.57930684,5.77573606,0.05686632,-0.07216238
1591242420.59166765,5.77595772,0.05658357,-0.07214842
1591242420.60347128,5.77622650,0.05622055,-0.07212922
1591242420.61576915,5.77644467,0.05577025,-0.07219554
1591242420.62728763,5.77657208,0.05537232,-0.07240498
1591242420.63974380,5.77666458,0.05490806,-0.07280816
1591242420.65127659,5.77663665,0.05456074,-0.07323052
1591242420.66383815,5.77655462,0.05437922,-0.07363021
1591242420.67536521,5.77642023,0.05439144,-0.07377332
1591242420.68767095,5.77629108,0.05468291,-0.07374191
1591242420.69944811,5.77621603,0.05503896,-0.07358483
1591242420.71181250,5.77602753,0.05552241,-0.07342949
1591242420.72335052,5.77577272,0.05596922,-0.07326543
1591242420.73565364,5.77565229,0.05628163,-0.07305425
1591242420.74750972,5.77568894,0.05640381,-0.07279419
1591242420.75982022,5.77583380,0.05623974,-0.07260919
1591242420.77135348,5.77599437,0.05592384,-0.07243291
1591242420.78366208,5.77609386,0.05554336,-0.07243465
1591242420.79545736,5.77611131,0.05517335,-0.07247305
1591242420.80781531,5.77606069,0.05492377,-0.07260395
1591242420.81933188,5.77593852,0.05480334,-0.07286051
1591242420.83165693,5.77591758,0.05470385,-0.07297920
1591242420.84344506,5.77601532,0.05457819,-0.07302109
1591242420.85575938,5.77608687,0.05438795,-0.07294953
1591242420.86728239,5.77613225,0.05418898,-0.07278896
1591242420.87967205,5.77617414,0.05391497,-0.07262140
1591242420.89125013,5.77624046,0.05361651,-0.07251669
1591242420.90386391,5.77636962,0.05329537,-0.07249923
1591242420.91543818,5.77651448,0.05286253,-0.07263362
1591242420.92774677,5.77647434,0.05247158,-0.07297047
1591242420.93926644,5.77622301,0.05222723,-0.07322354
1591242420.95183229,5.77607640,0.05191307,-0.07337364
1591242420.96334791,5.77606419,0.05170887,-0.07343124
1591242420.97565484,5.77607117,0.05141565,-0.07326369
1591242420.98743343,5.77606593,0.05108928,-0.07294429
1591242420.99980640,5.77609735,0.05086937,-0.07264060
1591242421.01672792,5.77610607,0.05074021,-0.07239975
1591242421.03534865,5.77654415,0.05050285,-0.07195469
1591242421.04772449,5.77668727,0.05048016,-0.07178714
1591242421.05932331,5.77676581,0.05056219,-0.07166846
1591242421.07178211,5.77692812,0.05061106,-0.07165100
1591242421.08340836,5.77713407,0.05067214,-0.07168242
1591242421.09576893,5.77742205,0.05075417,-0.07175398
1591242421.10740280,5.77775715,0.05081875,-0.07177841
1591242421.11966896,5.77809924,0.05084493,-0.07174176
1591242421.13135862,5.77846925,0.05087635,-0.07173303
1591242421.14379287,5.77873454,0.05087635,-0.07164577
1591242421.15537071,5.77893351,0.05077686,-0.07157944
1591242421.16774869,5.77897888,0.05064247,-0.07130019
1591242421.17946291,5.77892653,0.05053950,-0.07076437
1591242421.19187784,5.77913247,0.05050110,-0.07009591
1591242421.20334363,5.77957055,0.05056917,-0.06943269
1591242421.21586013,5.78002608,0.05068785,-0.06898763
1591242421.22725916,5.78044845,0.05072974,-0.06879913
1591242421.23970079,5.78069454,0.05072101,-0.06864554
1591242421.25132179,5.78078356,0.05057266,-0.06847625
1591242421.26365185,5.78078006,0.05030563,-0.06831742
1591242421.27544165,5.78071898,0.04993911,-0.06820921
1591242421.28782225,5.78078530,0.04968429,-0.06816907
1591242421.29934931,5.78097205,0.04949754,-0.06817605
1591242421.31165671,5.78098427,0.04952372,-0.06827903
1591242421.32327914,5.78077657,0.04974712,-0.06830171
1591242421.33584809,5.78053921,0.05005430,-0.06818303
1591242421.34738064,5.78034199,0.05049063,-0.06797010
1591242421.35988188,5.78012382,0.05092522,-0.06763500
1591242421.37142420,5.77991438,0.05134061,-0.06726324
1591242421.38372898,5.77982886,0.05169316,-0.06689149
1591242421.39526343,5.77981141,0.05210157,-0.06645865
1591242421.40782428,5.77970145,0.05247507,-0.06605897
1591242421.41947532,5.77954961,0.05279272,-0.06575004
1591242421.43184686,5.77950074,0.05289918,-0.06554060
1591242421.44338751,5.77953564,0.05292187,-0.06553013
1591242421.45568490,5.77964909,0.05289046,-0.06556329
1591242421.46755552,5.77983235,0.05284682,-0.06579368
1591242421.47962928,5.77998245,0.05287126,-0.06610958
1591242421.49142361,5.78005924,0.05291140,-0.06637487
1591242421.50385189,5.77996849,0.05301961,-0.06658780
1591242421.51541018,5.77972938,0.05318018,-0.06673790
1591242421.52782202,5.77958277,0.05333552,-0.06682866
1591242421.53929949,5.77956706,0.05352401,-0.06689149
1591242421.55169106,5.77950772,0.05365666,-0.06694559
1591242421.56348348,5.77938729,0.05363397,-0.06710442
1591242421.57582259,5.77921450,0.05348736,-0.06742381
1591242421.58736587,5.77896667,0.05316273,-0.06783746
1591242421.59975362,5.77858270,0.05278574,-0.06823539
1591242421.61128521,5.77813589,0.05247856,-0.06861064
1591242421.62364030,5.77764371,0.05224992,-0.06876248
1591242421.63547087,5.77710964,0.05217836,-0.06863856
1591242421.64780068,5.77663316,0.05200034,-0.06834011
1591242421.65933347,5.77623523,0.05182232,-0.06823714
1591242421.67162204,5.77573606,0.05155703,-0.06838898
1591242421.68341732,5.77503619,0.05119574,-0.06862460
1591242421.69573760,5.77427697,0.05093569,-0.06894051
1591242421.70724988,5.77350379,0.05076290,-0.06928084
1591242421.71970463,5.77254211,0.05061629,-0.06951123
1591242421.73139381,5.77140765,0.05058139,-0.06951472
1591242421.74373794,5.77016497,0.05075767,-0.06914471
1591242421.75527811,5.76894150,0.05107532,-0.06837502
1591242421.76764131,5.76785939,0.05145929,-0.06741858
1591242421.77943397,5.76697626,0.05181010,-0.06662271
1591242421.79174447,5.76600934,0.05215393,-0.06595599
1591242421.80327892,5.76478587,0.05267055,-0.06538702
1591242421.81587219,5.76362348,0.05352052,-0.06477266
1591242421.82755542,5.76257104,0.05482603,-0.06393665
1591242421.83988476,5.76163380,0.05668655,-0.06302908
1591242421.85147619,5.76093916,0.05893453,-0.06220353
1591242421.86383915,5.76045396,0.06140766,-0.06135880
1591242421.87537956,5.76025848,0.06402217,-0.06071826
1591242421.88770556,5.76034226,0.06672568,-0.06022608
1591242421.89925098,5.76063198,0.06929306,-0.05968328
1591242421.91181612,5.76112242,0.07160911,-0.05884378
1591242421.92334700,5.76156573,0.07396356,-0.05747893
1591242421.93577003,5.76172456,0.07615046,-0.05539501
1591242421.94730306,5.76163555,0.07855203,-0.05263040
1591242421.95969296,5.76158144,0.08145277,-0.04944692
1591242421.97148776,5.76142611,0.08498357,-0.04571715
1591242421.98385453,5.76104214,0.08929104,-0.04150218
1591242421.99538040,5.76056392,0.09393362,-0.03682296
1591242422.00768900,5.76001588,0.09899333,-0.03221180
1591242422.01945853,5.75935789,0.10400592,-0.02789909
1591242422.03177476,5.75875750,0.10839193,-0.02414314
1591242422.04331565,5.75828277,0.11170282,-0.02140472
1591242422.05588555,5.75765096,0.11376231,-0.01970826
1591242422.06741071,5.75689872,0.11429463,-0.01999973
1591242422.07978344,5.75571714,0.11320729,-0.02225818
1591242422.09130955,5.75347962,0.11085633,-0.02475051
1591242422.10386443,5.75022633,0.10818249,-0.02619739
1591242422.11538243,5.74680199,0.10629928,-0.02600541
1591242422.12769699,5.74383144,0.10581408,-0.02381327
1591242422.13933301,5.74162535,0.10673212,-0.01998577
1591242422.15166378,5.74034602,0.10860137,-0.01510932
1591242422.16346741,5.73984337,0.11122634,-0.00971974
1591242422.17589211,5.73997427,0.11424402,-0.00422719
1591242422.18733597,5.74070905,0.11694928,0.00136310
1591242422.19976401,5.74210357,0.11917283,0.00658338
1591242422.21129322,5.74406357,0.12080820,0.01097812
1591242422.22386575,5.74659081,0.12159534,0.01439373
1591242422.23544431,5.74953693,0.12157265,0.01706234
1591242422.24783492,5.75277102,0.12092165,0.01900140
1591242422.25937080,5.75639782,0.11989190,0.02022662
1591242422.27168250,5.76063373,0.11878711,0.02058441
1591242422.28346920,5.76552938,0.11755665,0.02038370
1591242422.29575229,5.77099226,0.11620053,0.01980600
1591242422.30727673,5.77693161,0.11479554,0.01887050
1591242422.31967425,5.78335966,0.11332074,0.01748471
1591242422.33125782,5.78992734,0.11177263,0.01536239
1591242422.34388447,5.79631873,0.11051948,0.01263269
1591242422.35542178,5.80221794,0.10963809,0.00957837
1591242422.36771941,5.80747488,0.10944262,0.00656069
1591242422.37949562,5.81227628,0.11002905,0.00379260
1591242422.39181757,5.81706546,0.11124554,0.00132296
1591242422.40334439,5.82208852,0.11273605,-0.00104022
1591242422.41564226,5.82748682,0.11428241,-0.00367741
1591242422.42742896,5.83340872,0.11566995,-0.00685914
1591242422.43982863,5.83967795,0.11659148,-0.01047198
1591242422.45142388,5.84578311,0.11712730,-0.01445831
1591242422.46375132,5.85126519,0.11731056,-0.01851620
1591242422.47529960,5.85594616,0.11758632,-0.02211158
1591242422.48785067,5.86023094,0.11758981,-0.02509260
1591242422.49952030,5.86436563,0.11689866,-0.02713463
1591242422.51192236,5.86879527,0.11527900,-0.02861816
1591242422.52334094,5.87353559,0.11275874,-0.02941054
1591242422.53571224,5.87865289,0.10885793,-0.03015231
1591242422.54757881,5.88374751,0.10393087,-0.03131993
1591242422.55967474,5.88834471,0.09903347,-0.03353301
1591242422.57128453,5.89199419,0.09473473,-0.03576878
1591242422.58386207,5.89464709,0.09131214,-0.03752807
1591242422.59538460,5.89666993,0.08854404,-0.03851418
1591242422.60768676,5.89851649,0.08577770,-0.03869395
1591242422.61946106,5.90072607,0.08220675,-0.03867650
1591242422.63177299,5.90354652,0.07743851,-0.03906396
1591242422.64338875,5.90650660,0.07180634,-0.04057018
1591242422.65569425,5.90895355,0.06672743,-0.04339936
1591242422.66761136,5.91028350,0.06280742,-0.04720941
1591242422.67967653,5.91013514,0.05984036,-0.05160939
1591242422.69151306,5.90848406,0.05761855,-0.05568298
1591242422.70383000,5.90558332,0.05636890,-0.05865703
1591242422.71534920,5.90206998,0.05683490,-0.06043901
1591242422.72766113,5.89853219,0.05900435,-0.06062576
1591242422.73943615,5.89539235,0.06208485,-0.05949304
1591242422.75173855,5.89288082,0.06522295,-0.05753478
1591242422.76326108,5.89072359,0.06792298,-0.05518557
1591242422.77583528,5.88874788,0.06982015,-0.05301438
1591242422.78736186,5.88661683,0.07104188,-0.05107881
1591242422.79972196,5.88409832,0.07176968,-0.04963018
1591242422.81150818,5.88149080,0.07213969,-0.04890762
1591242422.82384324,5.87868955,0.07238404,-0.04892158
1591242422.83536506,5.87554621,0.07258824,-0.04927414
1591242422.84771490,5.87221437,0.07269296,-0.04966509
1591242422.85932755,5.86929444,0.07262315,-0.05054997
1591242422.87164593,5.86704994,0.07253065,-0.05227959
1591242422.88351178,5.86505329,0.07247305,-0.05451885
1591242422.89583826,5.86282974,0.07223045,-0.05707052
1591242422.90735888,5.86042118,0.07171209,-0.06029589
1591242422.91974783,5.85769323,0.07084291,-0.06394014
1591242422.93128419,5.85442772,0.07011860,-0.06731037
1591242422.94383335,5.85083409,0.06992662,-0.07028790
1591242422.95536399,5.84718112,0.07036295,-0.07287448
1591242422.96768236,5.84372362,0.07113438,-0.07514341
1591242422.97945809,5.84103581,0.07173652,-0.07802843
1591242422.99175858,5.83874419,0.07226361,-0.08135678
1591242423.00335765,5.83608082,0.07265282,-0.08484918
1591242423.01567340,5.83249592,0.07288495,-0.08791747
1591242423.02753639,5.82788650,0.07285877,-0.09054594
1591242423.03986120,5.82236253,0.07246607,-0.09299812
1591242423.05144334,5.81610204,0.07174525,-0.09508379
1591242423.06376600,5.80966352,0.07077310,-0.09677851
1591242423.07528996,5.80362293,0.06978699,-0.09801769
1591242423.08783531,5.79836775,0.06894400,-0.09911725
1591242423.09936357,5.79397301,0.06860191,-0.10035643
1591242423.11167479,5.79001809,0.06872583,-0.10185392
1591242423.12345934,5.78636163,0.06905221,-0.10405828
1591242423.13574600,5.78251143,0.06899461,-0.10642145
1591242423.14726329,5.77824236,0.06832615,-0.10899930
1591242423.15969825,5.77372544,0.06703810,-0.11159984
1591242423.17139792,5.76889263,0.06551791,-0.11383561
1591242423.18388915,5.76367409,0.06425953,-0.11571882
1591242423.19544363,5.75821994,0.06348810,-0.11702433
1591242423.20776463,5.75283385,0.06352998,-0.11802440
1591242423.21930838,5.74750885,0.06432236,-0.11854800
1591242423.23170924,5.74228508,0.06574132,-0.11855673
1591242423.24334121,5.73709796,0.06771005,-0.11794761
1591242423.25581121,5.73177296,0.07000690,-0.11687074
1591242423.26736379,5.72640608,0.07207337,-0.11573976
1591242423.27973223,5.72096938,0.07376460,-0.11461752
1591242423.29151249,5.71543494,0.07485019,-0.11394382
1591242423.30386758,5.71005409,0.07548374,-0.11418468
1591242423.31538820,5.70496994,0.07573333,-0.11582179
1591242423.32768250,5.69992943,0.07563210,-0.11844153
1591242423.33946109,5.69481911,0.07550643,-0.12152029
1591242423.35181642,5.68961803,0.07567922,-0.12455368
1591242423.36335158,5.68441869,0.07652920,-0.12740554
1591242423.37565207,5.67902911,0.07837226,-0.12951041
1591242423.38750362,5.67362383,0.08118574,-0.13095729
1591242423.39986300,5.66810161,0.08505862,-0.13181599
1591242423.41139054,5.66252354,0.08957902,-0.13233261
1591242423.42375278,5.65701528,0.09445024,-0.13277243
1591242423.43527818,5.65155938,0.09939301,-0.13308659
1591242423.44783854,5.64612966,0.10450159,-0.13367128
1591242423.45944238,5.64078546,0.10953163,-0.13474465
1591242423.47175813,5.63525626,0.11448487,-0.13629276
1591242423.48335266,5.62926105,0.11925486,-0.13789672
1591242423.49568462,5.62275970,0.12348030,-0.13934360
1591242423.50753880,5.61557243,0.12727814,-0.14010980
1591242423.51987505,5.60798025,0.13070247,-0.14005220
1591242423.53142691,5.60034618,0.13396100,-0.13954955
1591242423.54375005,5.59238748,0.13766459,-0.13805903
1591242423.55528831,5.58470280,0.14194937,-0.13577963
1591242423.56785131,5.57762025,0.14705097,-0.13323494
1591242423.57933164,5.57125154,0.15263952,-0.13046336
1591242423.59177256,5.56542738,0.15843750,-0.12764815
1591242423.60331774,5.56010063,0.16412029,-0.12533907
1591242423.61588597,5.55507758,0.16948718,-0.12349601
1591242423.62755847,5.55038264,0.17431127,-0.12214338
1591242423.63968921,5.54591809,0.17854020,-0.12098797
1591242423.65149570,5.54174326,0.18195930,-0.11942590
1591242423.66390920,5.53832416,0.18504155,-0.11700862
1591242423.67544246,5.53589117,0.18847112,-0.11325616
1591242423.68775535,5.53450364,0.19259359,-0.10745992
1591242423.69931006,5.53448967,0.19804600,-0.09885545
1591242423.71186924,5.53615472,0.20488246,-0.08805012
1591242423.72348237,5.53927187,0.21276087,-0.07681543
1591242423.73573804,5.54328613,0.22145261,-0.06654417
1591242423.74732304,5.54737544,0.23008850,-0.05687853
1591242423.75985122,5.55094987,0.23812400,-0.04854982
1591242423.77139592,5.55369179,0.24500583,-0.04167672
1591242423.78371859,5.55572858,0.25026625,-0.03596425
1591242423.79550600,5.55759958,0.25366964,-0.03159919
1591242423.80782866,5.55976029,0.25545163,-0.02821150
1591242423.81935763,5.56261914,0.25594032,-0.02580120
1591242423.83189702,5.56663515,0.25563838,-0.02332283
1591242423.84351087,5.57182227,0.25522997,-0.02046922
1591242423.85573173,5.57803040,0.25509209,-0.01715310
1591242423.86754537,5.58499427,0.25532247,-0.01346696
1591242423.87988949,5.59232465,0.25584083,-0.01001644
1591242423.89144206,5.59950493,0.25614452,-0.00677013
1591242423.90373945,5.60581604,0.25631033,-0.00287630
1591242423.91527319,5.61141506,0.25592810,0.00171391
1591242423.92785239,5.61696695,0.25510954,0.00661829
1591242423.93945765,5.62284522,0.25391224,0.01112647
1591242423.95177078,5.62911968,0.25249155,0.01527163
1591242423.96329975,5.63562278,0.25084570,0.01941155
1591242423.97585177,5.64236149,0.24928014,0.02374346
1591242423.98737407,5.64931837,0.24810030,0.02861467
1591242423.99975610,5.65628049,0.24776869,0.03448422
1591242424.01153660,5.66351139,0.24875480,0.04131892
1591242424.02384591,5.67160099,0.25156129,0.04863185
1591242424.03537297,5.68078666,0.25635047,0.05661150
1591242424.04767728,5.69109458,0.26368609,0.06638709
1591242424.05948758,5.70301867,0.27409349,0.07867072
1591242424.07181883,5.71759740,0.28727596,0.09312030
1591242424.08334589,5.73489710,0.30218107,0.10772696
1591242424.09565949,5.75406256,0.31698495,0.12144874
1591242424.10751843,5.77339907,0.32987072,0.13282479
1591242424.11986208,5.79162903,0.33978419,0.14083411
1591242424.13138819,5.80808400,0.34602374,0.14548017
1591242424.14375448,5.82284599,0.34867141,0.14756235
1591242424.15552926,5.83634437,0.34844975,0.14736862
1591242424.16789627,5.84910970,0.34643913,0.14536673
1591242424.17944169,5.86177381,0.34354363,0.14154097
1591242424.19186878,5.87462467,0.34069525,0.13606063
1591242424.20343184,5.88742492,0.33799697,0.12955754
1591242424.21574044,5.89996685,0.33527775,0.12293576
1591242424.22727633,5.91182811,0.33243286,0.11641695
1591242424.23969102,5.92288652,0.32944835,0.11045840
1591242424.25149131,5.93307226,0.32606939,0.10500948
1591242424.26385808,5.94251798,0.32229425,0.10035120
1591242424.27539682,5.95146279,0.31796408,0.09618160
1591242424.28770113,5.96006552,0.31279791,0.09213244
1591242424.29947782,5.96815861,0.30697374,0.08691391
1591242424.31178141,5.97539649,0.29994007,0.08019788
1591242424.32328963,5.98111419,0.29192552,0.07220602
1591242424.33584785,5.98537454,0.28323029,0.06310063
1591242424.34736323,5.98843759,0.27393641,0.05318891
1591242424.35974956,5.99033826,0.26477692,0.04371352
1591242424.37138677,5.99129993,0.25607296,0.03508461
1591242424.38372040,5.99169787,0.24835163,0.02737723
1591242424.39550066,5.99186542,0.24135984,0.02065074
1591242424.40780449,5.99200854,0.23509061,0.01442689
1591242424.41931629,5.99210279,0.22967137,0.00828159
1591242424.43170071,5.99216038,0.22521554,0.00184830
1591242424.44350839,5.99199457,0.22182611,-0.00449597
1591242424.45580006,5.99139244,0.21948039,-0.01106015
1591242424.46732330,5.99022132,0.21758322,-0.01769415
1591242424.47973371,5.98865576,0.21558307,-0.02397035
1591242424.49153399,5.98701166,0.21348867,-0.03036524
1591242424.50388217,5.98553860,0.21131225,-0.03709872
1591242424.51533246,5.98426451,0.20878676,-0.04483227
1591242424.52768683,5.98289792,0.20609022,-0.05270022
1591242424.53950262,5.98132189,0.20304462,-0.06075666
1591242424.55169106,5.97955212,0.19934278,-0.06914994
1591242424.56350231,5.97749962,0.19532852,-0.07739837
1591242424.57581496,5.97523243,0.19174536,-0.08570439
1591242424.58735752,5.97300190,0.18916402,-0.09315346
1591242424.59975529,5.97109600,0.18794404,-0.09970368
1591242424.61129069,5.96974686,0.18782884,-0.10424328
1591242424.62390828,5.96967530,0.18864391,-0.10690665
1591242424.63542509,5.97097034,0.18999480,-0.10796607
1591242424.64769602,5.97357786,0.19143120,-0.10783691
1591242424.65949917,5.97731636,0.19272275,-0.10685604
1591242424.67184281,5.98198162,0.19354654,-0.10584724
1591242424.68339276,5.98680222,0.19353432,-0.10533062
1591242424.69572163,5.99114460,0.19248538,-0.10513165
1591242424.70765972,5.99484819,0.19035608,-0.10517878
1591242424.71998549,5.99815908,0.18697712,-0.10601130
1591242424.73128724,6.00126227,0.18268012,-0.10790673
1591242424.74386001,6.00408622,0.17786650,-0.11128743
1591242424.75538635,6.00636911,0.17302671,-0.11536626
1591242424.76770449,6.00796085,0.16866164,-0.11925311
1591242424.77935600,6.00906389,0.16490394,-0.12255877
1591242424.79170275,6.00973236,0.16178679,-0.12485911
1591242424.80349112,6.01004652,0.15918625,-0.12592725
1591242424.81583023,6.01033624,0.15648448,-0.12614542
1591242424.82735229,6.01100296,0.15342491,-0.12620999
1591242424.83985257,6.01236257,0.15011926,-0.12756088
1591242424.85147142,6.01403983,0.14712951,-0.13108644
