1591242435.53171992,-0.09407501,-0.04172922,1.12788892
1591242435.54403949,-0.09416226,-0.01417226,1.13294291
1591242435.55545330,-0.10080534,0.00360945,1.12182426
1591242435.56793714,-0.09442137,0.02098560,1.09579647
1591242435.57955766,-0.07944403,0.03165059,1.07305372
1591242435.59188485,-0.04520528,0.02803776,1.05031097
1591242435.60344982,-0.00319169,-0.00997284,1.05511224
1591242435.61606073,0.03330396,-0.05531837,1.07027400
1591242435.62762594,0.06340979,-0.08515559,1.07608604
1591242435.63998795,0.08764677,-0.10971031,1.09857607
1591242435.65156794,0.10282391,-0.12516573,1.11626482
1591242435.66391706,0.11537935,-0.14174871,1.11778116
1591242435.67558384,0.11499888,-0.16131365,1.12359309
1591242435.68795180,0.11915053,-0.17302799,1.13218474
1591242435.69951844,0.11865824,-0.17954654,1.14178729
1591242435.71202064,0.11937642,-0.19391106,1.15315866
1591242435.72367382,0.11116807,-0.19452919,1.15998137
1591242435.73578238,0.09923387,-0.18491486,1.16250837
1591242435.74756813,0.08259667,-0.16606778,1.18853617
1591242435.75989175,0.05939472,-0.14030662,1.21153164
1591242435.77145910,0.03965023,-0.14090179,1.24109709
1591242435.78402805,0.01963267,-0.15609357,1.25853324
1591242435.79553962,0.00219122,-0.15012057,1.24514031
1591242435.80784583,0.00570534,-0.13670650,1.20041287
1591242435.81945348,0.01114766,-0.13507052,1.15619099
1591242435.83202791,0.01338243,-0.13767581,1.10716784
1591242435.84345484,0.02486300,-0.12980303,1.06319857
1591242435.85604215,0.04438446,-0.12117544,1.03767622
1591242435.86757541,0.05083629,-0.12463018,1.04146659
1591242435.87991858,0.04362261,-0.12648495,1.03413844
1591242435.89145780,0.03265822,-0.11977537,1.03489649
1591242435.90402603,0.03121462,-0.11172043,1.01998746
1591242435.91555834,0.02647026,-0.11493436,1.01468074
1591242435.92786169,0.02562225,-0.10861574,1.01341736
1591242435.93965459,0.01994205,-0.10851555,1.03009522
1591242435.95205998,0.00815503,-0.11288840,1.04626787
1591242435.96359587,-0.00439331,-0.11853400,1.06749439
1591242435.97593975,-0.02587129,-0.12371573,1.10792589
1591242435.98754168,-0.05874547,-0.13128823,1.17413247
1591242435.99986911,-0.08418258,-0.13719259,1.22795689
1591242436.01165915,-0.09456840,-0.12665078,1.24109709
1591242436.02397060,-0.10285935,-0.12363249,1.23149455
1591242436.03549361,-0.10133956,-0.11988714,1.19914937
1591242436.04804611,-0.09426490,-0.11061890,1.14785206
1591242436.05943942,-0.07679255,-0.11191480,1.11626482
1591242436.07203364,-0.05899362,-0.11477439,1.09048986
1591242436.08365345,-0.04977068,-0.11522464,1.07103217
1591242436.09597993,-0.04249519,-0.12162063,1.06446207
1591242436.10757422,-0.04435447,-0.11721590,1.05233264
1591242436.11991382,-0.04543623,-0.11091109,1.03742349
1591242436.13152409,-0.03939866,-0.10540181,1.01872396
1591242436.14383864,-0.02459408,-0.10404740,0.99825549
1591242436.15565062,-0.01950427,-0.10904332,0.98890567
1591242436.16797137,-0.01476678,-0.11382996,0.99421227
1591242436.17948270,-0.02074350,-0.11838910,1.01847124
1591242436.19205618,-0.03347647,-0.11812972,1.04146659
1591242436.20357347,-0.05619320,-0.11364733,1.06496739
1591242436.21587324,-0.07242493,-0.10430108,1.07709694
1591242436.22766232,-0.08145787,-0.10496013,1.08467782
1591242436.23998690,-0.08829131,-0.10719666,1.08442509
1591242436.25152159,-0.09044041,-0.10994670,1.09832346
1591242436.26382351,-0.10025622,-0.10797842,1.09428024
1591242436.27558684,-0.11075631,-0.10025515,1.09478569
1591242436.28795052,-0.12462690,-0.09675030,1.09933424
1591242436.29947925,-0.13608773,-0.08350943,1.10388267
1591242436.31203151,-0.14842997,-0.06975656,1.12258232
1591242436.32355857,-0.15614827,-0.04980035,1.13395369
1591242436.33586264,-0.15973832,-0.04894144,1.13597524
1591242436.34764671,-0.14927122,-0.05873720,1.12915242
1591242436.35994673,-0.12300842,-0.07450785,1.11196911
1591242436.37154651,-0.09629653,-0.08877192,1.07583344
1591242436.38389254,-0.07417727,-0.10512881,1.04146659
1591242436.39544725,-0.04464797,-0.11291154,1.00962687
1591242436.40801930,-0.02016716,-0.12669009,0.98233557
1591242436.41954398,0.00061694,-0.13895474,0.96868998
1591242436.43185544,0.01391922,-0.15422404,0.96439409
1591242436.44367933,0.01438513,-0.16630669,0.96591032
1591242436.45599008,0.01534495,-0.17653014,0.96540487
1591242436.46758008,0.01877642,-0.18189418,0.96287793
1591242436.47995234,0.00454300,-0.20903227,0.97930324
1591242436.49153781,0.00067399,-0.21017328,0.97728169
1591242436.50386262,-0.02727551,-0.22833323,1.01265919
1591242436.51564646,-0.02422844,-0.23754711,1.04904747
1591242436.52794981,-0.04034117,-0.23986514,1.07810771
1591242436.53949022,-0.05772986,-0.24772443,1.10792589
1591242436.55180931,-0.04997325,-0.24241048,1.10211384
1591242436.56358409,-0.05008484,-0.25477043,1.10413551
1591242436.57586718,-0.03165799,-0.25842083,1.09301686
1591242436.58764958,-0.01870808,-0.26865807,1.07886577
1591242436.59997725,-0.01164836,-0.26844466,1.05637574
1591242436.61151123,-0.00902355,-0.25403464,1.04879487
1591242436.62383676,-0.01761971,-0.23572436,1.03843427
1591242436.63560677,-0.03056358,-0.21972769,1.04778409
1591242436.64790154,-0.03769078,-0.21290906,1.04652059
1591242436.65968847,-0.03557652,-0.20984511,1.05460691
1591242436.67199898,-0.03446143,-0.21114053,1.06471479
1591242436.68356991,-0.03163954,-0.21069059,1.05637574
1591242436.69592786,-0.01984970,-0.20520401,1.04273009
1591242436.70752788,-0.02366640,-0.20492212,1.04677331
1591242436.71983647,-0.02227003,-0.19843087,1.03767622
1591242436.73162460,-0.01623195,-0.18888485,1.02756834
1591242436.74392390,-0.01708079,-0.18480736,1.02150357
1591242436.75570393,-0.01679342,-0.17608401,1.02200902
1591242436.76799870,-0.01120944,-0.16806078,1.01695514
1591242436.77951241,-0.01909427,-0.16297403,1.01998746
1591242436.79187775,-0.00766718,-0.14120886,1.01973474
1591242436.80348849,-0.01192467,-0.13811336,1.00406754
1591242436.81606841,-0.04240606,-0.14256819,1.00785792
1591242436.82760477,-0.06497998,-0.14319982,1.02883184
1591242436.83991241,-0.07714769,-0.14376295,1.07633877
1591242436.85145068,-0.10377408,-0.14170335,1.10767317
1591242436.86400962,-0.11010940,-0.13716182,1.13471174
1591242436.87553144,-0.10474966,-0.13734795,1.15669644
1591242436.88784719,-0.11802074,-0.12759757,1.12889969
1591242436.89970946,-0.12567213,-0.12302908,1.12763619
1591242436.91200948,-0.09327017,-0.13407537,1.12384582
1591242436.92360687,-0.06221476,-0.17057349,1.11449599
1591242436.93590403,-0.03373076,-0.20232144,1.09124792
1591242436.94768810,-0.01126213,-0.20627193,1.07179034
1591242436.96000171,0.00586067,-0.19766274,1.02807379
1591242436.97152162,0.01178230,-0.18649867,0.99724472
1591242436.98384428,0.01736202,-0.19119461,0.98233557
1591242436.99565434,0.02849108,-0.20016339,0.98637879
1591242437.00796175,0.03173673,-0.20539552,0.99067461
1591242437.01948524,0.02637526,-0.20339078,0.99522316
1591242437.03208065,0.02837889,-0.19979049,0.99800277
1591242437.04364753,0.02413234,-0.19577198,1.00229859
1591242437.05600047,0.01331782,-0.18948507,1.01089036
1591242437.06754017,0.00755995,-0.19651268,1.02529407
1591242437.07984567,0.00210246,-0.20264930,1.04171932
1591242437.09162593,-0.00588522,-0.20456287,1.05865002
1591242437.10399914,-0.01581951,-0.20003068,1.06269312
1591242437.11552978,-0.02825074,-0.19159366,1.06850517
1591242437.12782431,-0.04179662,-0.18315205,1.07886577
1591242437.13958764,-0.05546758,-0.17794718,1.07507527
1591242437.15187907,-0.06289750,-0.16909653,1.07785499
1591242437.16365695,-0.06248974,-0.16856478,1.06799984
1591242437.17585611,-0.06004825,-0.17321064,1.06142962
1591242437.18767309,-0.06154783,-0.18008381,1.06370389
1591242437.19999743,-0.04969201,-0.17545636,1.05207992
1591242437.21154332,-0.04940047,-0.18143854,1.05637574
1591242437.22386384,-0.05243821,-0.18060669,1.05485952
1591242437.23564291,-0.05270637,-0.16779220,1.04904747
1591242437.24795055,-0.05686038,-0.16229643,1.04449904
1591242437.25948071,-0.06371719,-0.15343690,1.02857912
1591242437.27204657,-0.06885552,-0.14499544,1.02504134
1591242437.28356624,-0.06365646,-0.14384998,1.01771307
1591242437.29587984,-0.05623726,-0.14779128,1.00735259
1591242437.30754852,-0.04278409,-0.15440097,0.99547577
1591242437.31988001,-0.03350610,-0.15764217,0.99067461
1591242437.33167481,-0.03244740,-0.16343331,1.00533092
1591242437.34398198,-0.03761715,-0.16645619,1.01038492
1591242437.35550976,-0.05220147,-0.15867363,1.02832639
1591242437.36808157,-0.05617575,-0.15525520,1.02984262
1591242437.37960100,-0.06263899,-0.14862743,1.03211689
1591242437.39190006,-0.06583403,-0.14264065,1.03236961
1591242437.40353465,-0.06782296,-0.14044945,1.04273009
1591242437.41584134,-0.07191058,-0.14624521,1.05283797
1591242437.42761898,-0.06495406,-0.14742252,1.05612302
1591242437.43992996,-0.06120994,-0.15282747,1.05435419
1591242437.45146608,-0.05667465,-0.15480034,1.05384874
1591242437.46403646,-0.05609766,-0.15855980,1.04475176
1591242437.47555423,-0.04876318,-0.15222311,1.03388572
1591242437.48785305,-0.05457830,-0.15202320,1.02554679
1591242437.49945116,-0.05322557,-0.14692280,1.02832639
1591242437.51206589,-0.05650174,-0.14558631,1.03135872
1591242437.52360320,-0.05471119,-0.14491807,1.03287494
1591242437.53589487,-0.05479820,-0.14467265,1.02832639
1591242437.54767227,-0.05405972,-0.14619543,1.03338039
1591242437.55999875,-0.05240064,-0.14891376,1.03742349
1591242437.57152748,-0.05045573,-0.15602776,1.04879487
1591242437.58384061,-0.04953729,-0.16675109,1.06218779
1591242437.59562469,-0.04974680,-0.17165583,1.07431722
1591242437.60800052,-0.05618306,-0.17312407,1.07836044
1591242437.61956882,-0.06231723,-0.17303307,1.08594131
1591242437.63187838,-0.06142643,-0.16724637,1.08063471
1591242437.64349270,-0.05903872,-0.16815099,1.07886577
1591242437.65587282,-0.06110970,-0.16421445,1.07077944
1591242437.66757703,-0.05688722,-0.15369564,1.06117702
1591242437.67996144,-0.05237070,-0.15539122,1.06016624
1591242437.69152617,-0.04964902,-0.15751866,1.05789185
1591242437.70387268,-0.04597740,-0.16271910,1.05233264
1591242437.71549487,-0.04491993,-0.16031896,1.04955292
1591242437.72784567,-0.04184039,-0.16194177,1.05182719
1591242437.73966551,-0.04441392,-0.16090524,1.06041896
1591242437.75203252,-0.05180921,-0.15905048,1.06774712
1591242437.76359224,-0.06223249,-0.15106356,1.06799984
1591242437.77592206,-0.06630462,-0.14400393,1.07153749
1591242437.78755212,-0.07500034,-0.13786717,1.06901062
1591242437.79992342,-0.07219144,-0.14135836,1.06420934
1591242437.81143498,-0.07014481,-0.14191754,1.06067157
1591242437.82386947,-0.06367692,-0.14524974,1.04828942
1591242437.83565474,-0.05659058,-0.14752272,1.03944504
1591242437.84796381,-0.04786248,-0.15358686,1.03135872
1591242437.85950661,-0.04672342,-0.16078284,1.03034794
1591242437.87207174,-0.04479094,-0.16365574,1.03262222
1591242437.88359785,-0.04911472,-0.16805588,1.04930031
1591242437.89588213,-0.05628669,-0.16307360,1.05890274
1591242437.90767264,-0.06818312,-0.16113703,1.06471479
1591242437.92002988,-0.08358859,-0.15395470,1.06597829
1591242437.93158865,-0.09350231,-0.14218120,1.06092429
1591242437.94388556,-0.08745919,-0.13333529,1.04525709
1591242437.95568323,-0.08513232,-0.13534923,1.03161144
1591242437.96800280,-0.07481196,-0.14334519,1.03615999
1591242437.97959733,-0.06396228,-0.15510046,1.04550982
1591242437.99190688,-0.05736829,-0.16921955,1.05233264
1591242438.00349331,-0.04281543,-0.18465246,1.05106914
1591242438.01604867,-0.03324722,-0.19101213,1.03919232
1591242438.02756429,-0.03201816,-0.18668464,1.03312767
1591242438.03987718,-0.03190343,-0.17500658,1.02984262
1591242438.05167723,-0.04364508,-0.16817874,1.03767622
1591242438.06400061,-0.04932861,-0.16408746,1.04525709
1591242438.07554221,-0.04898269,-0.16444655,1.04727864
1591242438.08785295,-0.04362187,-0.17200160,1.04828942
1591242438.09971786,-0.04701030,-0.17561981,1.06901062
1591242438.11202097,-0.04483811,-0.17804706,1.08619392
1591242438.12360573,-0.04861293,-0.17322855,1.08493042
1591242438.13590288,-0.05466358,-0.16608268,1.07760227
1591242438.14768696,-0.05972971,-0.15605012,1.08164549
1591242438.16001081,-0.06923683,-0.14571315,1.07077944
1591242438.17153120,-0.06650766,-0.14343128,1.06092429
1591242438.18383574,-0.07083137,-0.14250381,1.07153749
1591242438.19560814,-0.07087205,-0.14126737,1.07179034
1591242438.20789599,-0.07135597,-0.14494947,1.07052684
1591242438.21945620,-0.06915321,-0.14729506,1.07229567
1591242438.23203945,-0.06479936,-0.14785883,1.06420934
1591242438.24368882,-0.06298546,-0.14949988,1.06218779
1591242438.25606894,-0.06442998,-0.14901364,1.04854214
1591242438.26760292,-0.06270139,-0.14974101,1.04348826
1591242438.27998495,-0.05857030,-0.15320955,1.03363299
1591242438.29151630,-0.05407947,-0.15881440,1.04020309
1591242438.30406761,-0.05024093,-0.16538304,1.04146659
1591242438.31557465,-0.05332320,-0.17351076,1.05309069
1591242438.32793784,-0.05005934,-0.17924292,1.05738652
1591242438.33951068,-0.04784831,-0.18407968,1.05435419
1591242438.35208392,-0.04727185,-0.17892030,1.04677331
1591242438.36360645,-0.04744223,-0.17507459,1.04500437
1591242438.37589788,-0.05270583,-0.17671105,1.04753137
1591242438.38767338,-0.05878787,-0.17188793,1.05081642
1591242438.39997244,-0.06587157,-0.16519201,1.05182719
1591242438.41148782,-0.07142758,-0.15927339,1.05334342
1591242438.42391515,-0.07064234,-0.16008717,1.04525709
1591242438.43569708,-0.06845345,-0.15684155,1.04070854
1591242438.44800735,-0.06923970,-0.15495966,1.03363299
1591242438.45960903,-0.06760415,-0.15205951,1.03085339
1591242438.47191405,-0.06495383,-0.15353695,1.02579951
1591242438.48348570,-0.06543091,-0.15836003,1.02251434
1591242438.49603343,-0.06312312,-0.15814188,1.01847124
1591242438.50755262,-0.06276296,-0.16056025,1.01695514
1591242438.51986480,-0.06621172,-0.16008304,1.00811064
1591242438.53169084,-0.06818715,-0.15686469,1.00406754
1591242438.54400063,-0.07235233,-0.15531908,1.00785792
1591242438.55552673,-0.07420693,-0.15538266,1.01366997
1591242438.56784892,-0.07759074,-0.16292869,1.00987959
1591242438.57972813,-0.07805121,-0.15680096,1.01215386
1591242438.59204030,-0.07953032,-0.16178276,1.04424632
1591242438.60355115,-0.09067167,-0.16332805,1.06825256
1591242438.61584473,-0.09413001,-0.17189223,1.07406449
1591242438.62765980,-0.08571621,-0.17402871,1.07659149
1591242438.64000607,-0.07578999,-0.18001565,1.06244051
1591242438.65154409,-0.06917202,-0.17825650,1.05763924
1591242438.66384649,-0.06232486,-0.17693838,1.04247737
1591242438.67561293,-0.05262700,-0.18209331,1.04070854
1591242438.68792033,-0.04464290,-0.18835738,1.04096127
1591242438.69969249,-0.04368450,-0.18808915,1.04525709
1591242438.71200299,-0.04194430,-0.18615717,1.04652059
1591242438.72365165,-0.04774723,-0.18307516,1.04500437
1591242438.73606133,-0.04765731,-0.17687926,1.04601514
1591242438.74759269,-0.05414416,-0.16996056,1.04753137
1591242438.75993752,-0.05869965,-0.16636027,1.05031097
1591242438.77148271,-0.06106327,-0.17085141,1.05940819
1591242438.78388381,-0.06201156,-0.17243774,1.07027400
1591242438.79567623,-0.06433046,-0.17127851,1.07659149
1591242438.80800533,-0.06644106,-0.17098759,1.07583344
1591242438.81963062,-0.06225200,-0.17080575,1.07709694
1591242438.83195853,-0.06506014,-0.16821012,1.07532799
1591242438.84373546,-0.06187613,-0.16749194,1.07128489
1591242438.85604072,-0.05808642,-0.16881940,1.06345129
1591242438.86758757,-0.05963175,-0.16731930,1.06345129
1591242438.88000441,-0.06054752,-0.16613738,1.06471479
1591242438.89152980,-0.06557412,-0.16692832,1.06547284
1591242438.90385056,-0.06584383,-0.16723289,1.06648362
1591242438.91562891,-0.06291218,-0.16574642,1.06673634
1591242438.92797422,-0.06344645,-0.16816479,1.06522012
1591242438.93949938,-0.06289776,-0.17111489,1.07355917
1591242438.95208097,-0.05938097,-0.17739260,1.07406449
1591242438.96360660,-0.06033284,-0.17700623,1.07153749
1591242438.97589827,-0.06468003,-0.17427428,1.06724167
1591242438.98768783,-0.06326916,-0.16782393,1.05890274
1591242439.00000787,-0.06578875,-0.15987347,1.05056381
1591242439.01153350,-0.06503305,-0.15168661,1.04247737
1591242439.02384949,-0.06887362,-0.15313219,1.04146659
1591242439.03568649,-0.07109722,-0.15470950,1.04753137
1591242439.04800844,-0.07267785,-0.15780514,1.04930031
1591242439.05960798,-0.07061076,-0.16107360,1.04500437
1591242439.07191706,-0.06409276,-0.15854633,1.03060067
1591242439.08370256,-0.06388332,-0.15896915,1.02453601
1591242439.09600377,-0.06176445,-0.16175120,1.02049279
1591242439.10754538,-0.06383154,-0.16158299,1.02200902
1591242439.11987114,-0.06722830,-0.15788727,1.02301979
1591242439.13164663,-0.07108656,-0.15479606,1.03060067
1591242439.14395857,-0.07747313,-0.15495966,1.03363299
1591242439.15546989,-0.08213309,-0.15103200,1.04424632
1591242439.16801786,-0.08499717,-0.14391340,1.03742349
1591242439.17960763,-0.08466048,-0.14318602,1.04247737
1591242439.19191074,-0.07602087,-0.14607716,1.04045582
1591242439.20350957,-0.06455731,-0.15314138,1.03236961
1591242439.21607566,-0.05928833,-0.16043739,1.02857912
1591242439.22760916,-0.05828982,-0.16162834,1.03211689
1591242439.23997808,-0.05605428,-0.15918730,1.02857912
1591242439.25155640,-0.06054863,-0.15643251,1.03312767
1591242439.26385188,-0.06222221,-0.15367328,1.02832639
1591242439.27561831,-0.06138788,-0.15770987,1.03363299
1591242439.28792310,-0.05700654,-0.16233289,1.03590727
1591242439.29970145,-0.06018772,-0.16193733,1.04247737
1591242439.31201649,-0.05871446,-0.16452375,1.05334342
1591242439.32361579,-0.06007465,-0.16489188,1.06016624
1591242439.33599567,-0.06115203,-0.16746023,1.06142962
1591242439.34753156,-0.06117538,-0.16515094,1.06496739
1591242439.35987425,-0.06124876,-0.16337356,1.06446207
1591242439.37166643,-0.06387766,-0.15775046,1.06218779
1591242439.38397670,-0.06832951,-0.15405029,1.05384874
1591242439.39552212,-0.06962904,-0.15015909,1.05587041
1591242439.40809703,-0.07312700,-0.14487241,1.05056381
1591242439.41962314,-0.07392788,-0.14136297,1.05966079
1591242439.43194366,-0.07485321,-0.14703158,1.05814469
1591242439.44365072,-0.06857848,-0.15194552,1.06117702
1591242439.45605779,-0.05922484,-0.15607309,1.05890274
1591242439.46764684,-0.05376268,-0.16060528,1.05485952
1591242439.48000479,-0.04724788,-0.16272369,1.04778409
1591242439.49157858,-0.04591878,-0.16647395,1.04778409
1591242439.50392890,-0.05086208,-0.16705120,1.05384874
1591242439.51549315,-0.05248675,-0.16420557,1.05207992
1591242439.52785945,-0.05445081,-0.16034622,1.05005836
1591242439.53969121,-0.06123920,-0.15476404,1.04854214
1591242439.55205417,-0.06328155,-0.15444125,1.05182719
1591242439.56362033,-0.06588152,-0.15422754,1.05713379
1591242439.57597876,-0.06396241,-0.15661404,1.05966079
1591242439.58754992,-0.06558490,-0.15820499,1.06597829
1591242439.59998536,-0.07039554,-0.15876415,1.06244051
1591242439.61156225,-0.06926613,-0.15679128,1.06294584
1591242439.62394047,-0.06903993,-0.15636402,1.05966079
1591242439.63550138,-0.06943593,-0.15272284,1.06168246
1591242439.64792323,-0.07192089,-0.15176827,1.05789185
1591242439.65949488,-0.07586957,-0.15019999,1.05662847
1591242439.67211413,-0.07968773,-0.14899984,1.06218779
1591242439.68368030,-0.08697142,-0.14491315,1.06522012
1591242439.69605684,-0.08270136,-0.14560422,1.05485952
1591242439.70761871,-0.08182262,-0.14294504,1.04727864
1591242439.71997046,-0.07355611,-0.14556348,1.04020309
1591242439.73154807,-0.06856090,-0.14784551,1.03615999
1591242439.74400997,-0.06735270,-0.14744091,1.03792882
1591242439.75563598,-0.06429758,-0.15101394,1.03464389
1591242439.76794767,-0.06698608,-0.15453225,1.04424632
1591242439.77973509,-0.07398064,-0.15298665,1.04803681
1591242439.79193497,-0.07750279,-0.14747262,1.04778409
1591242439.80350423,-0.07916728,-0.14790449,1.04652059
1591242439.81592703,-0.07453040,-0.14750449,1.04374087
1591242439.82758808,-0.07329384,-0.15583228,1.04980564
1591242439.83994532,-0.07171575,-0.16109627,1.05005836
1591242439.85158968,-0.06611994,-0.16667847,1.05157447
1591242439.86394596,-0.06689207,-0.16836946,1.05511224
1591242439.87549520,-0.06749664,-0.16587833,1.05991352
1591242439.88811612,-0.07802680,-0.16425091,1.06218779
1591242439.89960694,-0.07817784,-0.16045974,1.06142962
1591242439.91201258,-0.07627333,-0.15667777,1.05157447
1591242439.92357445,-0.07383388,-0.15419139,1.03792882
1591242439.93587565,-0.07169056,-0.15208218,1.03590727
1591242439.94774985,-0.07053697,-0.15017748,1.03767622
1591242439.96010041,-0.07212040,-0.14834554,1.03615999
1591242439.97162557,-0.07432706,-0.14987276,1.05056381
1591242439.98393106,-0.07986033,-0.15220916,1.06142962
1591242439.99571061,-0.08166388,-0.15415017,1.06496739
1591242440.00802827,-0.07907313,-0.15343659,1.05637574
1591242440.01957226,-0.07608423,-0.15463673,1.05081642
1591242440.03188515,-0.06954419,-0.15892349,1.04222476
1591242440.04363489,-0.06747378,-0.16308278,1.04980564
1591242440.05605912,-0.06859705,-0.16793300,1.06092429
1591242440.06762505,-0.07221255,-0.16864659,1.06951594
1591242440.07993841,-0.07534616,-0.17118308,1.07482266
1591242440.09154820,-0.07894787,-0.17485596,1.08265615
1591242440.10391045,-0.07420804,-0.17609243,1.08240354
1591242440.11572289,-0.07328692,-0.17635149,1.08720481
1591242440.12803030,-0.07002994,-0.17493777,1.08417249
1591242440.13959312,-0.06832127,-0.17583337,1.07760227
1591242440.15198326,-0.06210855,-0.17036945,1.06901062
1591242440.16353583,-0.05561214,-0.16867861,1.05157447
1591242440.17586207,-0.05250774,-0.16863327,1.04146659
1591242440.18764567,-0.05409060,-0.16657859,1.04045582
1591242440.19996905,-0.05571762,-0.16995153,1.04273009
1591242440.21150613,-0.03692428,-0.15910089,1.03161144
1591242440.22394037,-0.05116858,-0.16887885,1.03211689
1591242440.23549128,-0.06306709,-0.17114247,1.04626787
1591242440.24806952,-0.06638205,-0.17121050,1.06142962
1591242440.25966239,-0.07114606,-0.17492428,1.07002139
1591242440.27205205,-0.07142562,-0.17424241,1.07128489
1591242440.28358674,-0.07164433,-0.17026037,1.06698906
1591242440.29588842,-0.07710651,-0.16675109,1.06218779
1591242440.30768228,-0.07652184,-0.16571915,1.06623089
1591242440.31998825,-0.08217682,-0.16379178,1.06294584
1591242440.33150434,-0.08536310,-0.15979150,1.06294584
1591242440.34389758,-0.08628251,-0.15886420,1.05966079
1591242440.35575271,-0.08278885,-0.15555960,1.04475176
1591242440.36806655,-0.07769863,-0.15835069,1.04550982
1591242440.37958622,-0.06949554,-0.16085546,1.04096127
1591242440.39189506,-0.06598320,-0.16358757,1.03135872
1591242440.40374327,-0.06298867,-0.16609235,1.02681029
1591242440.41602898,-0.06194055,-0.16546057,1.01973474
1591242440.42755413,-0.05666052,-0.17031997,1.02175629
1591242440.43986917,-0.05263677,-0.17342925,1.02377784
1591242440.45164776,-0.05185818,-0.17641124,1.02807379
1591242440.46403360,-0.05193904,-0.17904317,1.03514922
1591242440.47559071,-0.05430289,-0.17641109,1.04197204
1591242440.48790550,-0.05761660,-0.17452002,1.04399359
1591242440.49970150,-0.06276499,-0.16958323,1.04980564
1591242440.51204014,-0.07577584,-0.16974685,1.05283797
1591242440.52368784,-0.06255040,-0.14971818,1.05233264
1591242440.53604174,-0.06200287,-0.13914943,1.03717077
1591242440.54765654,-0.07388144,-0.14564988,1.03717077
1591242440.55997920,-0.05387104,-0.13607201,1.03110611
1591242440.57157040,-0.04859096,-0.14474542,1.02504134
1591242440.58398747,-0.04445340,-0.15288691,1.02301979
1591242440.59555078,-0.04452861,-0.15329136,1.03514922
1591242440.60800719,-0.04444568,-0.15660959,1.05031097
1591242440.61957812,-0.04566111,-0.15940514,1.06041896
1591242440.63188148,-0.04710687,-0.16087797,1.05991352
1591242440.64363384,-0.05051161,-0.15648672,1.06193507
1591242440.65602875,-0.04206803,-0.16101891,1.05789185
1591242440.66762543,-0.03729883,-0.16527840,1.04879487
1591242440.67999721,-0.03301875,-0.16759673,1.05005836
1591242440.69153261,-0.02631512,-0.17204250,1.04904747
1591242440.70409107,-0.02773985,-0.17290163,1.05106914
1591242440.71566153,-0.02457638,-0.17790200,1.05106914
1591242440.72807431,-0.02121063,-0.18038854,1.05081642
1591242440.73961949,-0.02768356,-0.18287508,1.05056381
1591242440.75191569,-0.02850997,-0.17572001,1.05233264
1591242440.76358557,-0.02972381,-0.16921051,1.04753137
1591242440.77591586,-0.03804397,-0.16592382,1.05612302
1591242440.78770351,-0.04401452,-0.16320994,1.06142962
1591242440.80002856,-0.04564146,-0.16125530,1.05763924
1591242440.81157637,-0.05010755,-0.15549585,1.05283797
1591242440.82387233,-0.05002242,-0.15310031,1.04550982
1591242440.83564687,-0.05724499,-0.14887269,1.05056381
1591242440.84794927,-0.05877921,-0.14874998,1.04828942
1591242440.85975218,-0.04760499,-0.14320885,1.03363299
1591242440.87212753,-0.06398796,-0.12575343,1.00204599
1591242440.88366604,-0.05773540,-0.11081152,0.99850821
1591242440.89597917,-0.05603104,-0.10765673,1.00027704
1591242440.90756869,-0.06248225,-0.10880202,1.02150357
1591242440.91987467,-0.07263604,-0.09439613,1.05106914
1591242440.93165922,-0.08792465,-0.08061562,1.08164549
1591242440.94395137,-0.09850156,-0.07194126,1.09579647
1591242440.95572448,-0.10529223,-0.06585386,1.09958696
1591242440.96807384,-0.10409833,-0.06402011,1.09251142
1591242440.97960711,-0.09807714,-0.05469124,1.07659149
1591242440.99190927,-0.09584504,-0.04415918,1.05182719
1591242441.00369596,-0.09205252,-0.03304431,1.03868699
1591242441.01601100,-0.08538520,-0.03574375,1.03489649
1591242441.02756000,-0.06375731,-0.06115008,1.04828942
1591242441.03987813,-0.03465373,-0.10297394,1.05713379
1591242441.05164862,0.00614480,-0.14557680,1.06825256
1591242441.06394839,0.03262731,-0.17240605,1.06041896
1591242441.07551312,0.03480677,-0.17625634,1.05763924
1591242441.08795667,0.01102296,-0.15485488,1.05485952
1591242441.09949923,-0.01667140,-0.12264352,1.05561769
1591242441.11205745,-0.04934410,-0.09668703,1.06572556
1591242441.12357497,-0.07568061,-0.07311712,1.08619392
1591242441.13587451,-0.09697415,-0.06015158,1.09705997
1591242441.14764380,-0.10597715,-0.05853261,1.10742044
1591242441.15994692,-0.10700665,-0.06026750,1.10817862
1591242441.17178726,-0.10320313,-0.06520288,1.10994744
1591242441.18406129,-0.09036558,-0.07010756,1.10666239
1591242441.19567394,-0.08053457,-0.07693455,1.08518314
1591242441.20800805,-0.07480167,-0.07725486,1.06420934
1591242441.21953964,-0.07075553,-0.07198884,1.05182719
1591242441.23187995,-0.07198709,-0.06582642,1.04525709
1591242441.24362063,-0.07782407,-0.06367571,1.04576254
1591242441.25591850,-0.08333275,-0.05817452,1.04247737
1591242441.26762223,-0.09207762,-0.04834130,1.05309069
1591242441.28006363,-0.09961966,-0.04355932,1.05865002
1591242441.29168391,-0.10829721,-0.04980697,1.07128489
1591242441.30402184,-0.11341905,-0.04058039,1.06623089
1591242441.31555939,-0.12048604,-0.03023927,1.06294584
1591242441.32794619,-0.11869439,-0.02940078,1.05637574
1591242441.33973336,-0.11184011,-0.03914199,1.04854214
1591242441.35204506,-0.10023496,-0.05185191,1.03742349
1591242441.36356759,-0.08883472,-0.05833808,1.02756834
1591242441.37593150,-0.08930019,-0.06761578,1.02908444
1591242441.38771319,-0.08416532,-0.05421728,1.01847124
1591242441.40002775,-0.09322019,-0.05757460,1.03135872
1591242441.41156316,-0.09105060,-0.06848159,1.05410147
1591242441.42388177,-0.07733454,-0.10826045,1.07633877
1591242441.43567061,-0.04320137,-0.15641823,1.08846819
1591242441.44796014,-0.00396086,-0.19529827,1.08619392
1591242441.45975542,0.03092918,-0.21831369,1.07254839
1591242441.47205830,0.04927894,-0.21972755,1.06168246
1591242441.48364568,0.05170885,-0.21789117,1.05081642
1591242441.49596214,0.04853661,-0.20529485,1.04904747
1591242441.50766802,0.03558403,-0.18551618,1.04854214
1591242441.51997113,0.01909094,-0.17363806,1.05081642
1591242441.53151917,0.00024913,-0.16276000,1.05309069
1591242441.54409456,-0.01177300,-0.14751337,1.06244051
1591242441.55564690,-0.01938679,-0.13584419,1.07785499
1591242441.56794810,-0.02561916,-0.13945796,1.08922637
1591242441.57952929,-0.02289811,-0.14713573,1.09251142
1591242441.59190917,-0.01316121,-0.15800935,1.08088732
1591242441.60371089,-0.00673690,-0.16654640,1.07229567
1591242441.61601305,-0.00644468,-0.17079227,1.06294584
1591242441.62754846,-0.01362675,-0.16449189,1.05738652
1591242441.64011741,-0.02130944,-0.15739611,1.04171932
1591242441.65163898,-0.02501018,-0.15261868,1.02731562
1591242441.66394496,-0.03059063,-0.14865026,1.02327251
1591242441.67575812,-0.03136633,-0.14836854,1.01341736
1591242441.68811607,-0.03094216,-0.15433265,1.00811064
1591242441.69971466,-0.02997573,-0.15857391,1.00330949
1591242441.71204042,-0.03433134,-0.15385559,0.98536789
1591242441.72357154,-0.04716150,-0.15736029,0.99471772
1591242441.73587489,-0.05903851,-0.15015067,0.99547577
1591242441.74765611,-0.07470386,-0.14209083,1.01291192
1591242441.75996280,-0.09660830,-0.14021324,1.02908444
1591242441.77174973,-0.11092800,-0.12993968,1.03792882
1591242441.78389931,-0.11385487,-0.13115790,1.04197204
1591242441.79567933,-0.10823816,-0.14474986,1.03439116
1591242441.80798149,-0.11083430,-0.13862243,1.00886869
1591242441.81951213,-0.10459726,-0.13244921,1.01493347
1591242441.83202434,-0.11758823,-0.12785806,1.00861609
1591242441.84367776,-0.10720768,-0.12044853,1.00103521
1591242441.85595322,-0.11278410,-0.12827183,0.99775004
1591242441.86755109,-0.11580347,-0.15847830,1.01543880
1591242441.87997007,-0.07976644,-0.17614791,1.00002432
1591242441.89166141,-0.07796177,-0.20189987,0.98612607
1591242441.90404534,-0.06112855,-0.22540580,1.00937414
1591242441.91563821,-0.04351301,-0.21257770,1.00330949
1591242441.92803001,-0.05605604,-0.22233298,0.99876094
1591242441.93961740,-0.06165124,-0.22034204,0.98966384
1591242441.95194387,-0.06583637,-0.20500027,0.96944809
1591242441.96350551,-0.07869665,-0.19219944,0.96388870
1591242441.97610521,-0.08044568,-0.18331248,0.96136177
1591242441.98765111,-0.08688635,-0.19618593,0.97753429
1591242441.99997354,-0.08204398,-0.21777369,0.98840034
1591242442.01176357,-0.06978049,-0.23727965,0.98385179
1591242442.02388239,-0.06280594,-0.25875375,0.99724472
1591242442.03566098,-0.06682901,-0.26405850,1.01215386
1591242442.04796004,-0.07373592,-0.27160421,1.03615999
1591242442.05976009,-0.08657107,-0.26935390,1.05005836
1591242442.07206297,-0.09479160,-0.25778472,1.06269312
1591242442.08358169,-0.11059867,-0.24060169,1.06395662
1591242442.09587908,-0.11824614,-0.23065998,1.07431722
1591242442.10767865,-0.12697452,-0.22672772,1.08947909
1591242442.11997938,-0.14000997,-0.21281298,1.10034502
1591242442.13150167,-0.13981491,-0.21504015,1.12308776
1591242442.14411449,-0.12906992,-0.23029107,1.13698602
1591242442.15563369,-0.10656874,-0.24876510,1.13648069
1591242442.16796398,-0.08490583,-0.27461711,1.11980259
1591242442.17966676,-0.06165007,-0.28108159,1.08669937
1591242442.19199681,-0.02987807,-0.28256834,1.05865002
1591242442.20353317,-0.04538908,-0.28748244,1.04778409
1591242442.21588206,-0.03693177,-0.27601352,1.04374087
1591242442.22769070,-0.05684190,-0.26413983,1.05536497
1591242442.24003506,-0.08271874,-0.24665666,1.06496739
1591242442.25156069,-0.10786059,-0.20891765,1.06522012
1591242442.26411581,-0.14393485,-0.16200060,1.07608604
1591242442.27563500,-0.17819121,-0.13458000,1.11929727
1591242442.28793335,-0.19791929,-0.13158852,1.15189517
1591242442.29956865,-0.19662644,-0.14074816,1.15947604
1591242442.31193018,-0.18250662,-0.14878090,1.12763619
1591242442.32371855,-0.15918925,-0.16621411,1.11247444
1591242442.33602071,-0.12965775,-0.19163853,1.12030804
1591242442.34756041,-0.10897081,-0.19431137,1.12814164
1591242442.35988379,-0.09611001,-0.16749147,1.11297989
1591242442.37167048,-0.08648070,-0.13956687,1.10514617
1591242442.38397193,-0.08532510,-0.11349274,1.06673634
1591242442.39555502,-0.07682832,-0.09805571,1.03085339
1591242442.40814114,-0.06487088,-0.10150173,1.00204599
1591242442.41966724,-0.04390883,-0.12183955,0.99901354
1591242442.43204308,-0.02083725,-0.14773659,1.02024007
1591242442.44353747,-0.00960213,-0.16917405,1.05612302
1591242442.45609593,-0.00813173,-0.18302459,1.09503829
1591242442.46760273,-0.01481913,-0.19191583,1.12081349
1591242442.47990465,-0.02084206,-0.19595242,1.12612009
1591242442.49168682,-0.02938364,-0.18828383,1.11373794
1591242442.50414395,-0.04109892,-0.17581038,1.10034502
1591242442.51559901,-0.06457925,-0.15038580,1.10640967
1591242442.52793789,-0.08506621,-0.10400969,1.11803377
1591242442.53974605,-0.11692265,-0.05146364,1.12889969
1591242442.55204940,-0.14307414,-0.00626816,1.13445902
1591242442.56357908,-0.15678564,0.02216478,1.13673329
1591242442.57589293,-0.14787273,0.04728148,1.09731257
1591242442.58769441,-0.13288197,0.07210171,1.04096127
1591242442.60010171,-0.13180232,0.10186414,0.97374392
1591242442.61163759,-0.13083592,0.14054301,0.90273613
1591242442.62392879,-0.12996680,0.16599384,0.83021212
1591242442.63572335,-0.11207561,0.14080247,0.77234453
1591242442.64804840,-0.04624660,0.03558150,0.76248944
1591242442.65957642,0.00433785,-0.11821850,0.82995945
1591242442.67188835,0.01375775,-0.25982243,0.95681316
1591242442.68366122,0.02278471,-0.33649445,1.09428024
1591242442.69600749,0.00938836,-0.35993618,1.16730964
1591242442.70753813,-0.03774003,-0.34602144,1.17817557
1591242442.71991158,-0.08694679,-0.29637703,1.18019712
1591242442.73151636,-0.13097513,-0.26185638,1.18449306
1591242442.74408984,-0.15027955,-0.23576862,1.14583039
1591242442.75561833,-0.14697523,-0.23182334,1.10514617
1591242442.76792502,-0.13532650,-0.23519200,1.08417249
1591242442.77971745,-0.14061567,-0.25581124,1.11879182
1591242442.79204011,-0.15416308,-0.28100327,1.17792296
1591242442.80362415,-0.17282350,-0.29000801,1.21506929
1591242442.81592846,-0.19181304,-0.27926186,1.21052074
1591242442.82770300,-0.19908017,-0.23880482,1.17893362
1591242442.84000111,-0.18026946,-0.21150789,1.14102912
1591242442.85154629,-0.15037605,-0.21644941,1.11677027
1591242442.86389303,-0.10921374,-0.24653807,1.09983957
1591242442.87574100,-0.07956504,-0.26860812,1.07330644
1591242442.88805485,-0.05811793,-0.27500871,1.06218779
1591242442.89958954,-0.03641141,-0.26418993,1.04702604
1591242442.91193032,-0.02314407,-0.20235869,1.01316464
1591242442.92371702,-0.02045058,-0.12089862,0.99547577
1591242442.93600035,-0.05606771,-0.05584645,1.00381482
1591242442.94758773,-0.10764445,0.01615953,1.02377784
1591242442.95992136,-0.15831150,0.07674727,1.06698906
1591242442.97170877,-0.19674909,0.10480170,1.12561464
1591242442.98403668,-0.18715690,0.09002258,1.20218182
1591242442.99556255,-0.16016303,0.05912186,1.22770417
1591242443.00796461,-0.14769763,0.03347360,1.22315574
1591242443.01977777,-0.11014210,-0.01291829,1.23528504
1591242443.03209615,-0.12111326,-0.04698528,1.21633279
1591242443.04360175,-0.13193479,-0.05360095,1.19990754
1591242443.05595684,-0.13850512,-0.03785060,1.17261624
1591242443.06777620,-0.14382826,-0.02762193,1.15795994
1591242443.08007526,-0.15591195,-0.02445890,1.15315866
1591242443.09158945,-0.17064536,-0.01410756,1.15416944
1591242443.10394669,-0.17659506,-0.00575354,1.14734662
1591242443.11573052,-0.18285675,-0.01175908,1.12409854
1591242443.12804604,-0.18208030,-0.00918222,1.09428024
1591242443.13957572,-0.18409172,-0.00818691,1.07583344
1591242443.15189767,-0.18948103,0.00561383,1.04879487
1591242443.16379118,-0.19022118,0.02281274,1.02605212
1591242443.17610526,-0.19331032,0.01556652,1.00785792
1591242443.18762565,-0.19255996,0.00927466,0.98991644
1591242443.19996905,-0.18729508,-0.01186426,0.97803974
1591242443.21168756,-0.16841602,-0.03940760,0.97273314
1591242443.22405529,-0.15021661,-0.05352518,0.95630783
1591242443.23560190,-0.15175046,-0.06147696,0.94670534
1591242443.24798536,-0.15541762,-0.06278918,0.93962985
1591242443.25961018,-0.15012291,-0.07346089,0.93558663
1591242443.27195287,-0.14706673,-0.09901582,0.94670534
1591242443.28374267,-0.14319557,-0.11941247,0.96793187
1591242443.29604673,-0.15428334,-0.13053136,0.97475469
1591242443.30762291,-0.15940744,-0.12618086,0.99143267
1591242443.31993794,-0.16880530,-0.12068015,1.01922929
1591242443.33153224,-0.17651063,-0.10092846,1.04702604
1591242443.34411120,-0.17565414,-0.08705404,1.06193507
1591242443.35562897,-0.16077693,-0.09054567,1.06774712
1591242443.36793470,-0.14192922,-0.10302864,1.04424632
1591242443.37972140,-0.13078067,-0.15193664,1.04247737
1591242443.39201522,-0.10184269,-0.21042711,1.04222476
1591242443.40353942,-0.06254484,-0.26431280,1.03540194
1591242443.41592336,-0.03105536,-0.31059805,1.01746047
1591242443.42772150,-0.02242865,-0.31486231,0.98991644
1591242443.44001555,-0.01677051,-0.30155256,0.96565759
1591242443.45153356,-0.02787963,-0.28327399,0.96515220
1591242443.46408963,-0.04196284,-0.27124131,0.96919537
1591242443.47560120,-0.06431409,-0.25118980,0.97753429
1591242443.48792267,-0.08596265,-0.23400216,0.98334634
1591242443.49980116,-0.11604322,-0.21755093,0.98890567
1591242443.51214099,-0.08386172,-0.22146942,0.98738956
1591242443.52361083,-0.09769946,-0.23229752,0.97955596
1591242443.53594494,-0.10158285,-0.24762154,0.96237254
1591242443.54774261,-0.09571527,-0.26360920,0.94822156
1591242443.56006622,-0.08521099,-0.29824334,0.95529699
1591242443.57160115,-0.07589698,-0.31974471,0.96919537
1591242443.58390331,-0.06764828,-0.34068686,0.98663139
1591242443.59572363,-0.05957640,-0.36264735,0.99977171
1591242443.60805941,-0.05472749,-0.37487081,1.01316464
1591242443.61969399,-0.04342344,-0.37143412,1.01897657
1591242443.63200521,-0.05133340,-0.34692797,1.00962687
1591242443.64378119,-0.07502092,-0.31560299,1.01291192
1591242443.65604353,-0.08064117,-0.28485546,1.00836337
1591242443.66765857,-0.07762144,-0.26495868,1.00103521
1591242443.67990828,-0.06566975,-0.24977593,0.98840034
1591242443.69161367,-0.04828970,-0.23381586,0.97526002
1591242443.70398164,-0.03466559,-0.22195137,0.97778702
1591242443.71558738,-0.03366396,-0.21086863,0.99016917
1591242443.72798848,-0.04517700,-0.21517332,1.00507832
1591242443.73964286,-0.03557065,-0.23582917,1.01720774
1591242443.75191474,0.00002120,-0.26138565,1.00432026
1591242443.76379681,0.04621910,-0.27990994,0.98157752
1591242443.77590156,0.08476736,-0.28554222,0.97475469
1591242443.78773904,0.08904906,-0.27956432,0.99370694
1591242443.80009627,0.08041935,-0.27310461,1.00836337
1591242443.81168079,0.06316601,-0.25823975,1.02478862
1591242443.82414365,0.04190770,-0.24054287,1.03969777
1591242443.83571410,0.02603792,-0.21847761,1.04778409
1591242443.84809875,0.01940075,-0.19688985,1.03691816
1591242443.85972619,0.00041799,-0.16957437,1.03110611
1591242443.87209654,-0.02833150,-0.13354456,1.03060067
1591242443.88370657,-0.05390652,-0.11937046,1.06446207
1591242443.89609504,-0.07254310,-0.13350731,1.10868394
1591242443.90767145,-0.06331229,-0.15323128,1.12207687
1591242443.92014313,-0.04962375,-0.17744207,1.12131882
1591242443.93156528,-0.04274663,-0.19555701,1.11879182
1591242443.94393635,-0.04729757,-0.20313030,1.11550677
1591242443.95578289,-0.05157802,-0.21729949,1.11399055
1591242443.96816921,-0.05749139,-0.21699035,1.11752832
1591242443.97975802,-0.07408692,-0.21576753,1.11803377
1591242443.99209952,-0.08481649,-0.21299450,1.12687814
1591242444.00368571,-0.09304010,-0.20455748,1.13269019
1591242444.01603937,-0.10318787,-0.19570222,1.14001834
1591242444.02768111,-0.11315837,-0.19329765,1.12788892
1591242444.04013968,-0.11163946,-0.19267951,1.12106609
1591242444.05158520,-0.11153511,-0.18950206,1.11778116
1591242444.06397772,-0.11366138,-0.19859813,1.11954999
1591242444.07552433,-0.10760310,-0.20189846,1.11121094
1591242444.08808923,-0.09483768,-0.19901651,1.10413551
1591242444.09963274,-0.08849968,-0.19100231,1.10388267
1591242444.11194062,-0.09645232,-0.17661038,1.10590434
1591242444.12372017,-0.10657333,-0.16402784,1.09048986
1591242444.13601542,-0.11437894,-0.14882228,1.08669937
1591242444.14779019,-0.13065213,-0.12538895,1.07406449
1591242444.16008472,-0.13628852,-0.09908272,1.05915534
1591242444.17171860,-0.13913195,-0.07972932,1.04727864
1591242444.18412066,-0.13834721,-0.06228163,1.03338039
