1590396505.97397733,2.42749468,-0.17797122,-0.18858108
1590396505.98614430,2.42368463,-0.18881321,-0.18537317
1590396505.99780750,2.41986934,-0.19968137,-0.18248639
1590396506.01032019,2.41658812,-0.20950932,-0.17987887
1590396506.02173042,2.41346398,-0.21831975,-0.17777400
1590396506.03427172,2.40976214,-0.22659959,-0.17617877
1590396506.04599118,2.40507593,-0.23501906,-0.17491341
1590396506.05826783,2.39979456,-0.24367938,-0.17370040
1590396506.06991458,2.39411700,-0.25245315,-0.17208946
1590396506.08219051,2.38894734,-0.26132815,-0.16978039
1590396506.09387064,2.38536069,-0.26978078,-0.16629497
1590396506.10611987,2.38274618,-0.27801524,-0.16169079
1590396506.11780381,2.38078094,-0.28628985,-0.15662410
1590396506.13031220,2.37930090,-0.29478087,-0.15170576
1590396506.14201021,2.37790639,-0.30330855,-0.14744542
1590396506.15418339,2.37665848,-0.31143132,-0.14392858
1590396506.16586947,2.37590798,-0.31862556,-0.14095454
1590396506.17811656,2.37495678,-0.32481101,-0.13854249
1590396506.18981481,2.37408586,-0.33027913,-0.13646555
1590396506.20226908,2.37477352,-0.33574201,-0.13438861
1590396506.21391106,2.37644904,-0.34215609,-0.13256997
1590396506.22613859,2.37896406,-0.34996819,-0.13081941
1590396506.23785567,2.38191017,-0.35905961,-0.12969542
1590396506.25012708,2.38425066,-0.36848787,-0.12956975
1590396506.26181459,2.38549159,-0.37740651,-0.13019633
1590396506.27410388,2.38545668,-0.38505279,-0.13034817
1590396506.28576946,2.38505002,-0.39099390,-0.12903219
1590396506.29830503,2.38496450,-0.39555968,-0.12638104
1590396506.30998945,2.38476902,-0.39980606,-0.12275424
1590396506.32218194,2.38464685,-0.40461794,-0.11821464
1590396506.33391047,2.38433094,-0.41046653,-0.11314446
1590396506.34610462,2.38397490,-0.41710402,-0.10786309
1590396506.35780144,2.38337101,-0.42423195,-0.10242988
1590396506.37025905,2.38302718,-0.43155186,-0.09690941
1590396506.38197446,2.38277585,-0.43886130,-0.09174149
1590396506.39418411,2.38136563,-0.44572742,-0.08709717
1590396506.40584445,2.37880523,-0.45189367,-0.08246855
1590396506.41812348,2.37682603,-0.45745952,-0.07706327
1590396506.42983317,2.37567935,-0.46272693,-0.07087608
1590396506.44231558,2.37521509,-0.46834863,-0.06440963
1590396506.45372868,2.37480145,-0.47439794,-0.05841966
1590396506.46625614,2.37412251,-0.48016451,-0.05307721
1590396506.47790980,2.37405794,-0.48489959,-0.04803670
1590396506.49011707,2.37517146,-0.48855431,-0.04285132
1590396506.50179911,2.37736010,-0.49149519,-0.03699574
1590396506.51431561,2.37898151,-0.49432262,-0.03028844
1590396506.52576447,2.38004791,-0.49705930,-0.02282018
1590396506.53832912,2.38177055,-0.49926889,-0.01473581
1590396506.54969096,2.38365201,-0.50047316,-0.00628842
1590396506.56219888,2.38417037,-0.50038241,0.00225671
1590396506.57388496,2.38528913,-0.49853759,0.01089260
1590396506.58611727,2.38928244,-0.49499807,0.01939933
1590396506.59793711,2.39527241,-0.49045323,0.02742436
1590396506.61027384,2.40217868,-0.48580542,0.03489088
1590396506.62169147,2.40935198,-0.48198489,0.04133638
1590396506.63427305,2.41669109,-0.47906321,0.04643448
1590396506.64594793,2.42433040,-0.47673319,0.05012062
1590396506.65812159,2.43220532,-0.47520254,0.05243842
1590396506.66976786,2.44060734,-0.47437176,0.05387308
1590396506.68212223,2.45004433,-0.47426006,0.05467942
1590396506.69379401,2.46023357,-0.47454455,0.05504070
1590396506.70626044,2.46878044,-0.47481159,0.05521873
1590396506.71791387,2.47627838,-0.47475748,0.05543166
1590396506.73011661,2.48343248,-0.47436827,0.05586624
1590396506.74188733,2.49008568,-0.47371377,0.05647711
1590396506.75411510,2.49659925,-0.47284460,0.05731661
1590396506.76582718,2.50279517,-0.47184976,0.05823815
1590396506.77826405,2.50968573,-0.47102946,0.05912477
1590396506.78994203,2.51714177,-0.47044826,0.05969724
1590396506.80211735,2.52543034,-0.47018297,0.06009867
1590396506.81380558,2.53441181,-0.46974141,0.06032556
1590396506.82628942,2.54308609,-0.46903106,0.06021560
1590396506.83776522,2.55144447,-0.46785121,0.05991017
1590396506.85025716,2.55976271,-0.46628914,0.05964488
1590396506.86196327,2.56812633,-0.46433088,0.05964314
1590396506.87416434,2.57612692,-0.46214748,0.06005503
1590396506.88584757,2.58372085,-0.46017177,0.06095213
1590396506.89805365,2.59121704,-0.45866206,0.06227335
1590396506.90968490,2.59827340,-0.45786793,0.06383367
1590396506.92226028,2.60583941,-0.45777368,0.06565056
1590396506.93365932,2.61366546,-0.45836884,0.06779208
1590396506.94623685,2.62104471,-0.45965515,0.07038913
1590396506.95787907,2.62818486,-0.46138302,0.07331256
1590396506.97007155,2.63513301,-0.46327496,0.07641750
1590396506.98169303,2.64193630,-0.46520006,0.07959050
1590396506.99410439,2.64870469,-0.46713388,0.08278969
1590396507.00579977,2.65451838,-0.46898393,0.08597666
1590396507.01825976,2.65821674,-0.47050062,0.08918982
1590396507.02963948,2.65974914,-0.47143787,0.09218829
1590396507.04213715,2.65996381,-0.47146405,0.09498780
1590396507.05379915,2.65904402,-0.47050761,0.09756041
1590396507.06603122,2.65880666,-0.46867850,0.10028313
1590396507.07769346,2.65950130,-0.46639212,0.10304075
1590396507.09016085,2.66040538,-0.46396786,0.10555402
1590396507.10188055,2.66177372,-0.46160643,0.10771649
1590396507.11425710,2.66307399,-0.45985761,0.10952116
1590396507.12564969,2.66419798,-0.45903381,0.11092440
1590396507.13814807,2.66515791,-0.45909315,0.11204490
1590396507.14986873,2.66617544,-0.45980874,0.11288615
1590396507.16205192,2.66765024,-0.46108457,0.11363664
1590396507.17372656,2.67186521,-0.46219460,0.11524758
1590396507.18626428,2.68039289,-0.46267282,0.11776435
1590396507.19766808,2.68286428,-0.46447226,0.11628605
1590396507.21011186,2.68265135,-0.46537634,0.11409392
1590396507.22177196,2.68197939,-0.46499935,0.11280936
1590396507.23406339,2.67958306,-0.46353676,0.11121587
1590396507.24576330,2.67628089,-0.46116311,0.11006395
1590396507.25825572,2.67293335,-0.45788713,0.10927157
1590396507.26966667,2.66926292,-0.45398981,0.10852806
1590396507.28211570,2.66540749,-0.44981847,0.10764667
1590396507.29379606,2.66298498,-0.44572742,0.10705152
1590396507.30625224,2.66115936,-0.44285635,0.10589087
1590396507.31763983,2.65935993,-0.44224723,0.10397624
1590396507.33012629,2.65740341,-0.44371331,0.10141934
1590396507.34180617,2.65497566,-0.44632956,0.09809972
1590396507.35411501,2.65158448,-0.44937167,0.09427920
1590396507.36580658,2.64799609,-0.45228986,0.09068033
1590396507.37811732,2.64493827,-0.45487818,0.08744274
1590396507.38979363,2.64262047,-0.45660431,0.08438667
1590396507.40204954,2.64088911,-0.45703192,0.08129220
1590396507.41372681,2.63900764,-0.45614529,0.07770555
1590396507.42625451,2.63801804,-0.45397410,0.07405956
1590396507.43766451,2.63752062,-0.45085869,0.07030535
1590396507.45015836,2.63663225,-0.44724237,0.06635393
1590396507.46190190,2.63538085,-0.44343580,0.06237981
1590396507.47411799,2.63417832,-0.43946343,0.05824338
1590396507.48578882,2.63352382,-0.43489765,0.05392718
1590396507.49804306,2.63251327,-0.43004389,0.04909088
1590396507.50968194,2.63063879,-0.42512032,0.04362625
1590396507.52216053,2.62539582,-0.42062086,0.03686659
1590396507.53387427,2.62090683,-0.41588054,0.03336371
1590396507.54609632,2.61657667,-0.41143868,0.03118729
1590396507.55776072,2.61180320,-0.40764085,0.02916794
1590396507.57025051,2.60642933,-0.40392678,0.02701072
1590396507.58163142,2.60118810,-0.40001899,0.02556907
1590396507.59416318,2.59524526,-0.39576213,0.02460740
1590396507.60584569,2.58846465,-0.39143895,0.02334378
1590396507.61811113,2.58155489,-0.38719257,0.02203827
1590396507.62976980,2.57516350,-0.38275420,0.02121797
1590396507.64203095,2.56907230,-0.37827917,0.02064725
1590396507.65372181,2.56225853,-0.37453544,0.01953198
1590396507.66600370,2.55533656,-0.37172371,0.01823345
1590396507.67765617,2.54632019,-0.37017386,0.01555961
1590396507.69013047,2.53717117,-0.36933087,0.01416858
1590396507.70181561,2.52852306,-0.36892421,0.01385442
1590396507.71411514,2.51972137,-0.36862226,0.01408655
1590396507.72578788,2.51075910,-0.36830636,0.01419651
1590396507.73822880,2.50217732,-0.36788050,0.01378985
1590396507.74965191,2.49393937,-0.36741799,0.01295907
1590396507.76201129,2.48550070,-0.36703576,0.01227141
1590396507.77382493,2.47701840,-0.36689962,0.01213353
1590396507.78602552,2.46887993,-0.36715619,0.01271821
1590396507.79771399,2.46117954,-0.36789097,0.01362928
1590396507.81024933,2.45398354,-0.36911968,0.01424887
1590396507.82161617,2.44695685,-0.37073586,0.01437104
1590396507.83415914,2.43992841,-0.37259812,0.01397311
1590396507.84587908,2.43286855,-0.37445166,0.01328719
1590396507.85810876,2.42611413,-0.37623714,0.01283515
1590396507.86979485,2.41972098,-0.37813082,0.01274614
1590396507.88225007,2.41389682,-0.38005243,0.01391551
1590396507.89364243,2.40853342,-0.38208923,0.01499063
1590396507.90613437,2.40197622,-0.38447160,0.01414066
1590396507.91782284,2.39484132,-0.38657298,0.01334653
1590396507.93003654,2.38719154,-0.38846491,0.01319818
1590396507.94170761,2.37996413,-0.38976344,0.01389980
1590396507.95400405,2.37265644,-0.39047728,0.01491558
1590396507.96563244,2.36500666,-0.39081413,0.01604132
1590396507.97812057,2.35748778,-0.39072860,0.01761212
1590396507.98976493,2.35020103,-0.39019453,0.01960179
1590396508.00200677,2.34267168,-0.38935329,0.02202955
1590396508.01369047,2.33508822,-0.38813854,0.02412918
1590396508.02616787,2.32824130,-0.38677369,0.02556733
1590396508.03760743,2.32320951,-0.38505454,0.02923601
1590396508.05010629,2.31865246,-0.38314166,0.03242647
1590396508.06182551,2.31405875,-0.38119562,0.03449120
1590396508.07407284,2.30998864,-0.37895461,0.03603756
1590396508.08573437,2.30637232,-0.37653035,0.03720867
1590396508.09820628,2.30381541,-0.37384778,0.03799582
1590396508.10958600,2.30223240,-0.37096799,0.03843739
1590396508.12224197,2.30092166,-0.36795380,0.03851244
1590396508.13372779,2.29977323,-0.36508797,0.03826460
1590396508.14617324,2.29908383,-0.36255550,0.03776718
1590396508.15765023,2.29884297,-0.36037558,0.03730816
1590396508.17017937,2.29830890,-0.35863375,0.03702367
1590396508.18165803,2.29743274,-0.35734220,0.03686484
1590396508.19419384,2.29662815,-0.35643987,0.03681248
1590396508.20554423,2.29586369,-0.35577839,0.03692244
1590396508.21800995,2.29499277,-0.35532111,0.03713188
1590396508.22960925,2.29382340,-0.35497030,0.03734306
1590396508.24207139,2.29266625,-0.35466836,0.03750887
1590396508.25366330,2.29170108,-0.35420934,0.03747746
1590396508.26611829,2.29017916,-0.35358974,0.03723834
1590396508.27775121,2.28838845,-0.35276595,0.03699574
1590396508.28993845,2.28712309,-0.35193866,0.03682645
1590396508.30154634,2.28631325,-0.35113232,0.03677234
1590396508.31400728,2.28553309,-0.35036787,0.03691546
1590396508.32567310,2.28482798,-0.34946728,0.03724184
1590396508.33814001,2.28446495,-0.34841135,0.03782303
1590396508.34976268,2.28455222,-0.34710934,0.03867999
1590396508.36202478,2.28473897,-0.34579510,0.03975686
1590396508.37363148,2.28534809,-0.34440059,0.04099429
1590396508.38610172,2.28600433,-0.34322947,0.04216541
1590396508.39771128,2.28674784,-0.34249120,0.04321086
1590396508.41016150,2.28858742,-0.34215260,0.04409923
1590396508.42154241,2.29177613,-0.34188382,0.04478689
1590396508.43400645,2.29476239,-0.34179306,0.04511327
1590396508.44566679,2.29743973,-0.34203741,0.04529653
1590396508.45809388,2.30054118,-0.34262035,0.04527035
1590396508.46972108,2.30381716,-0.34363613,0.04506964
1590396508.48215389,2.30706522,-0.34520693,0.04445877
1590396508.49378729,2.31004275,-0.34731703,0.04340285
1590396508.50592518,2.31233088,-0.34962261,0.04218984
1590396508.51754403,2.31396450,-0.35176762,0.04083547
1590396508.53002715,2.31495411,-0.35371890,0.03936590
1590396508.54163504,2.31548469,-0.35532984,0.03782478
1590396508.55412149,2.31557719,-0.35668247,0.03626271
1590396508.56578374,2.31535553,-0.35789373,0.03482106
1590396508.57794619,2.31463296,-0.35936329,0.03342655
1590396508.58952951,2.31380044,-0.36101088,0.03215071
1590396508.60200119,2.31346534,-0.36273003,0.03126932
1590396508.61365128,2.31377077,-0.36440555,0.03057642
1590396508.62608957,2.31438687,-0.36597809,0.02979103
1590396508.63755441,2.31526128,-0.36717015,0.02865307
1590396508.64999223,2.31651094,-0.36806900,0.02702119
1590396508.66161323,2.31797527,-0.36863448,0.02498788
1590396508.67414927,2.31920747,-0.36884218,0.02283240
1590396508.68559790,2.32019533,-0.36879680,0.02055300
1590396508.69810677,2.32098073,-0.36866939,0.01827883
1590396508.70951366,2.32184292,-0.36827669,0.01623505
1590396508.72203112,2.32348527,-0.36769899,0.01472709
1590396508.73360181,2.32558665,-0.36728883,0.01373051
1590396508.74613214,2.32736863,-0.36714921,0.01312139
1590396508.75757003,2.32871428,-0.36736737,0.01258382
1590396508.77003074,2.32960789,-0.36781767,0.01191536
1590396508.78151321,2.33037234,-0.36819291,0.01116138
1590396508.79394817,2.33131657,-0.36854023,0.01045976
1590396508.80560899,2.33263953,-0.36867462,0.00986111
1590396508.81806421,2.33428014,-0.36878633,0.00924152
1590396508.82966113,2.33599230,-0.36903940,0.00848928
1590396508.84206533,2.33724371,-0.36948969,0.00773355
1590396508.85370898,2.33797325,-0.37019655,0.00697085
1590396508.86613631,2.33822633,-0.37125422,0.00620465
1590396508.87750340,2.33794009,-0.37267492,0.00527962
1590396508.88993478,2.33764513,-0.37429982,0.00417483
1590396508.90154696,2.33716517,-0.37596312,0.00292692
1590396508.91409183,2.33676898,-0.37734018,0.00178722
1590396508.92549849,2.33665204,-0.37827743,0.00085521
1590396508.93796229,2.33644784,-0.37897032,0.00009948
1590396508.94955468,2.33615113,-0.37950265,-0.00050964
1590396508.96200252,2.33632741,-0.38001926,-0.00092153
1590396508.97363424,2.33696445,-0.38058126,-0.00124791
1590396508.98608685,2.33677770,-0.38123227,-0.00163712
1590396508.99770164,2.33578636,-0.38202814,-0.00211359
1590396509.00988340,2.33454543,-0.38274372,-0.00261276
1590396509.02150226,2.33317883,-0.38325860,-0.00320792
1590396509.03402972,2.33262905,-0.38365129,-0.00391477
1590396509.04567146,2.33275995,-0.38392531,-0.00454658
1590396509.05810142,2.33254179,-0.38419584,-0.00512778
1590396509.06949401,2.33212465,-0.38440702,-0.00575959
1590396509.08198094,2.33118218,-0.38467580,-0.00645772
1590396509.09363675,2.32979988,-0.38511563,-0.00718901
1590396509.10606003,2.32878060,-0.38561828,-0.00781908
1590396509.11766624,2.32785383,-0.38628500,-0.00838631
1590396509.13009667,2.32749081,-0.38686096,-0.00890642
1590396509.14148712,2.32743845,-0.38734965,-0.00942827
1590396509.15388083,2.32696546,-0.38791862,-0.00993965
1590396509.16562748,2.32621322,-0.38848586,-0.01044230
1590396509.17788696,2.32504734,-0.38913163,-0.01083326
1590396509.18953872,2.32360570,-0.38971980,-0.01118582
1590396509.20205283,2.32243633,-0.39030274,-0.01151045
1590396509.21371341,2.32162126,-0.39066577,-0.01170941
1590396509.22599721,2.32090219,-0.39075304,-0.01178795
1590396509.23768115,2.32041350,-0.39061865,-0.01181588
1590396509.24989724,2.32019882,-0.39033416,-0.01161866
1590396509.26155615,2.32028085,-0.38995542,-0.01115091
1590396509.27410007,2.32033321,-0.38963952,-0.01057146
1590396509.28550649,2.32016740,-0.38958192,-0.01005484
1590396509.29792547,2.31982008,-0.38977391,-0.00957488
1590396509.30955315,2.31934012,-0.39004967,-0.00936893
1590396509.32203603,2.31921620,-0.39028529,-0.00947016
1590396509.33368278,2.31945705,-0.39037081,-0.00976337
1590396509.34589386,2.32038033,-0.39038652,-0.01016829
1590396509.35755181,2.32191971,-0.39030798,-0.01056273
1590396509.37003684,2.32256025,-0.39020501,-0.01085071
1590396509.38170576,2.32228972,-0.39022246,-0.01100430
1590396509.39399934,2.32213439,-0.39033940,-0.01110204
1590396509.40562749,2.32191971,-0.39068323,-0.01120152
1590396509.41788006,2.32129663,-0.39111258,-0.01139875
1590396509.42953706,2.32035764,-0.39156287,-0.01169545
1590396509.44205260,2.31937502,-0.39194161,-0.01194678
1590396509.45347285,2.31827372,-0.39228195,-0.01212655
1590396509.46599317,2.31808523,-0.39247917,-0.01211782
1590396509.47769284,2.31859137,-0.39256120,-0.01194154
1590396509.48991847,2.31960017,-0.39258214,-0.01156281
1590396509.50155544,2.32093535,-0.39279333,-0.01087515
1590396509.51408625,2.32144673,-0.39316334,-0.01019447
1590396509.52548862,2.32128616,-0.39365029,-0.00963596
1590396509.53796268,2.32119540,-0.39417039,-0.00920836
1590396509.54962301,2.32093360,-0.39473588,-0.00909142
1590396509.56189489,2.32012901,-0.39521061,-0.00909840
1590396509.57356477,2.31893346,-0.39558586,-0.00905651
1590396509.58586597,2.31788626,-0.39585987,-0.00887151
1590396509.59756160,2.31712355,-0.39600823,-0.00855560
1590396509.61002088,2.31687397,-0.39618450,-0.00818210
1590396509.62168980,2.31708690,-0.39638173,-0.00776497
1590396509.63399935,2.31688269,-0.39673603,-0.00741590
1590396509.64562559,2.31633292,-0.39721599,-0.00709476
1590396509.65784812,2.31592276,-0.39771690,-0.00691325
1590396509.66954803,2.31548992,-0.39822654,-0.00686089
1590396509.68195128,2.31502915,-0.39872570,-0.00699353
1590396509.69365740,2.31452999,-0.39914109,-0.00727104
1590396509.70588493,2.31369223,-0.39943431,-0.00751713
1590396509.71755028,2.31274975,-0.39954950,-0.00775799
1590396509.73002410,2.31203766,-0.39965073,-0.00790285
1590396509.74166965,2.31147566,-0.39975196,-0.00789936
1590396509.75397015,2.31103410,-0.39990555,-0.00780162
1590396509.76564097,2.31072168,-0.40007135,-0.00758869
1590396509.77787519,2.31059951,-0.40033141,-0.00738449
1590396509.78962612,2.31051224,-0.40064033,-0.00726406
1590396509.80191779,2.31017714,-0.40100510,-0.00709476
1590396509.81355619,2.30949122,-0.40130006,-0.00678933
1590396509.82602978,2.30792043,-0.40124247,-0.00622908
1590396509.83744574,2.30600406,-0.40079566,-0.00517490
1590396509.84998345,2.30484690,-0.40006961,-0.00374897
1590396509.86162686,2.30439312,-0.39928595,-0.00235794
1590396509.87392569,2.30420288,-0.39843249,-0.00140848
1590396509.88562250,2.30407023,-0.39773436,-0.00087965
1590396509.89783144,2.30435647,-0.39727184,-0.00069639
1590396509.90952039,2.30510347,-0.39693325,-0.00060039
1590396509.92199612,2.30556249,-0.39679013,-0.00070337
1590396509.93362713,2.30580683,-0.39666796,-0.00087266
1590396509.94587731,2.30507031,-0.39636427,-0.00124966
1590396509.95754981,2.30358329,-0.39590700,-0.00165981
1590396509.97001672,2.30230396,-0.39536420,-0.00202284
1590396509.98140860,2.30137021,-0.39477777,-0.00226195
1590396509.99389386,2.30117648,-0.39427511,-0.00253422
1590396510.00555873,2.30167913,-0.39387194,-0.00269828
1590396510.01804805,2.30195315,-0.39364680,-0.00284663
1590396510.02942133,2.30221495,-0.39340943,-0.00297753
1590396510.04195976,2.30277520,-0.39311447,-0.00322886
1590396510.05361271,2.30343493,-0.39276366,-0.00363203
1590396510.06585884,2.30424651,-0.39230987,-0.00409454
1590396510.07755947,2.30508601,-0.39189274,-0.00450295
1590396510.08981395,2.30621873,-0.39142150,-0.00466876
1590396510.10149837,2.30753471,-0.39101309,-0.00454309
1590396510.11399674,2.30835327,-0.39067799,-0.00423068
1590396510.12562823,2.30865696,-0.39053836,-0.00390779
1590396510.13786268,2.30914216,-0.39079842,-0.00358665
1590396510.14957643,2.30966750,-0.39131154,-0.00325155
1590396510.16202569,2.30961165,-0.39195383,-0.00284838
1590396510.17341304,2.30915961,-0.39254026,-0.00237888
1590396510.18592787,2.30831313,-0.39293994,-0.00191288
1590396510.19760537,2.30714201,-0.39311447,-0.00136834
1590396510.20986485,2.30651893,-0.39306909,-0.00086917
1590396510.22155571,2.30676153,-0.39256993,-0.00018151
1590396510.23387933,2.30718215,-0.39180547,0.00058119
1590396510.24555874,2.30781920,-0.39099739,0.00140848
1590396510.25802541,2.30906362,-0.39022595,0.00213628
1590396510.26943588,2.31061347,-0.38965523,0.00260578
1590396510.28193688,2.31160307,-0.38923460,0.00293739
1590396510.29360175,2.31227328,-0.38877733,0.00309098
1590396510.30587053,2.31343741,-0.38835496,0.00310843
1590396510.31762075,2.31499599,-0.38790466,0.00297055
1590396510.32995701,2.31601527,-0.38735314,0.00277158
1590396510.34163523,2.31654934,-0.38685397,0.00272097
1590396510.35392356,2.31735219,-0.38644382,0.00276111
1590396510.36558914,2.31838193,-0.38610697,0.00288503
1590396510.37784719,2.31917257,-0.38585565,0.00295833
1590396510.38955545,2.31976947,-0.38572126,0.00289550
1590396510.40182638,2.32083412,-0.38558686,0.00273668
1590396510.41359758,2.32213264,-0.38554149,0.00244346
1590396510.42587233,2.32322173,-0.38550483,0.00212407
1590396510.43753338,2.32413803,-0.38549436,0.00189892
1590396510.44978023,2.32539641,-0.38550134,0.00176104
1590396510.46140933,2.32701957,-0.38547865,0.00173311
1590396510.47388649,2.32878060,-0.38557116,0.00180991
1590396510.48553371,2.33060622,-0.38575267,0.00183958
1590396510.49779296,2.33164818,-0.38607381,0.00184656
1590396510.50941920,2.33205833,-0.38643335,0.00174882
1590396510.52193642,2.33222588,-0.38679114,0.00164410
1590396510.53360510,2.33240565,-0.38705818,0.00163712
1590396510.54586220,2.33266047,-0.38725365,0.00178896
1590396510.55754375,2.33294147,-0.38747706,0.00197222
1590396510.56977391,2.33373385,-0.38769348,0.00226369
1590396510.58149123,2.33463967,-0.38801985,0.00243822
1590396510.59399867,2.33541984,-0.38837416,0.00236841
1590396510.60542440,2.33594693,-0.38879827,0.00211359
1590396510.61790848,2.33621047,-0.38922762,0.00175580
1590396510.62954402,2.33637279,-0.38947022,0.00146433
1590396510.64174199,2.33639548,-0.38956796,0.00136659
1590396510.65352201,2.33639198,-0.38954004,0.00134041
1590396510.66575098,2.33691558,-0.38936725,0.00136659
1590396510.67745972,2.33800467,-0.38903389,0.00135088
1590396510.68996668,2.33881799,-0.38870228,0.00120253
1590396510.70137072,2.33938348,-0.38845968,0.00104720
1590396510.71385598,2.33981981,-0.38829911,0.00091106
1590396510.72556186,2.34017062,-0.38819788,0.00090234
1590396510.73777699,2.34027185,-0.38810014,0.00102625
1590396510.74943376,2.34015142,-0.38798844,0.00120253
1590396510.76193786,2.34051969,-0.38775107,0.00144513
1590396510.77336502,2.34125622,-0.38746484,0.00168599
1590396510.78586555,2.34147264,-0.38714719,0.00191986
1590396510.79756618,2.34119339,-0.38687317,0.00214850
1590396510.80975318,2.34050573,-0.38657821,0.00234223
1590396510.82146144,2.33955452,-0.38620297,0.00247313
1590396510.83390927,2.33901871,-0.38586961,0.00260054
1590396510.84538627,2.33895587,-0.38559036,0.00270177
1590396510.85786963,2.33930668,-0.38545247,0.00270352
1590396510.86952853,2.34019855,-0.38522035,0.00268432
1590396510.88173819,2.34168731,-0.38498647,0.00265465
1590396510.89351988,2.34372935,-0.38468802,0.00263545
1590396510.90577555,2.34570506,-0.38437910,0.00262672
1590396510.91743684,2.34747308,-0.38419409,0.00262672
1590396510.92988467,2.34888854,-0.38402305,0.00261450
1590396510.94155407,2.34983626,-0.38395847,0.00253247
1590396510.95384908,2.35026561,-0.38396022,0.00242077
1590396510.96556139,2.35026910,-0.38402829,0.00230209
1590396510.97797990,2.35005442,-0.38410508,0.00232478
1590396510.98942637,2.34972455,-0.38419584,0.00242252
1590396511.00181651,2.34937374,-0.38427961,0.00261101
1590396511.01356673,2.34894265,-0.38430928,0.00277682
1590396511.02582312,2.34835273,-0.38427438,0.00295310
1590396511.03751779,2.34738407,-0.38432499,0.00304560
1590396511.04970574,2.34585691,-0.38450825,0.00312763
1590396511.06149316,2.34395973,-0.38470896,0.00327598
1590396511.07370830,2.34306089,-0.38485557,0.00347495
1590396511.08549595,2.34284796,-0.38495680,0.00358491
1590396511.09792519,2.34261408,-0.38489222,0.00360236
1590396511.10959911,2.34256521,-0.38435117,0.00352906
1590396511.12191319,2.34231912,-0.38326383,0.00345575
1590396511.13336158,2.34212190,-0.38172096,0.00341735
1590396511.14580655,2.34250413,-0.37999308,0.00352557
1590396511.15747929,2.34354783,-0.37829313,0.00392001
1590396511.16990662,2.34496155,-0.37688814,0.00458323
1590396511.18148828,2.34643461,-0.37597185,0.00530056
1590396511.19390512,2.34723921,-0.37557042,0.00608771
1590396511.20552993,2.34744166,-0.37539763,0.00695863
1590396511.21770072,2.34716241,-0.37534876,0.00798314
1590396511.22936344,2.34648522,-0.37526499,0.00905651
1590396511.24174571,2.34633862,-0.37493512,0.01030966
1590396511.25345850,2.34672259,-0.37430855,0.01161691
1590396511.26586914,2.34748006,-0.37367150,0.01270251
1590396511.27748752,2.34881000,-0.37305016,0.01363626
1590396511.28991818,2.35041920,-0.37269586,0.01444609
1590396511.30151534,2.35218721,-0.37282327,0.01539206
1590396511.31370640,2.35343687,-0.37350919,0.01657190
1590396511.32541084,2.35406170,-0.37457209,0.01784250
1590396511.33782649,2.35376150,-0.37558613,0.01930683
1590396511.34947562,2.35281204,-0.37622143,0.02107136
1590396511.36195374,2.35204584,-0.37635407,0.02309420
1590396511.37354183,2.35176135,-0.37588458,0.02509609
1590396511.38570452,2.35143149,-0.37504682,0.02682397
1590396511.39738441,2.35136516,-0.37373433,0.02826561
1590396511.40980029,2.35172994,-0.37227524,0.02937215
1590396511.42148924,2.35260784,-0.37071841,0.03046472
1590396511.43392277,2.35419260,-0.36926978,0.03169343
1590396511.44535542,2.35589255,-0.36820164,0.03306177
1590396511.45779848,2.35673903,-0.36744591,0.03476172
1590396511.46942472,2.35709333,-0.36649645,0.03726627
1590396511.48180246,2.35658021,-0.36499198,0.04041484
1590396511.49348664,2.35534277,-0.36303721,0.04403291
1590396511.50598025,2.35444567,-0.36050474,0.04766145
1590396511.51736403,2.35394302,-0.35731079,0.05120971
1590396511.52985311,2.35425019,-0.35360720,0.05469687
1590396511.54151058,2.35546843,-0.34988790,0.05812470
1590396511.55366087,2.35747731,-0.34689292,0.06140243
1590396511.56536293,2.35957345,-0.34559090,0.06442010
1590396511.57782221,2.36122453,-0.34632394,0.06729815
1590396511.58947730,2.36223682,-0.34872377,0.07027219
1590396511.60193586,2.36246371,-0.35219174,0.07355167
1590396511.61336923,2.36176558,-0.35573824,0.07727445
1590396511.62579894,2.36080565,-0.35839464,0.08142834
1590396511.63753390,2.36039724,-0.35935806,0.08608313
1590396511.64979672,2.36010926,-0.35815902,0.09146049
1590396511.66149068,2.36012497,-0.35508375,0.09793915
1590396511.67368340,2.36097320,-0.35047782,0.10530793
1590396511.68542457,2.36263301,-0.34456116,0.11360174
1590396511.69788671,2.36443943,-0.33807377,0.12248023
1590396511.70954776,2.36606956,-0.33142232,0.13135348
1590396511.72180653,2.36791787,-0.32464520,0.13976422
1590396511.73329711,2.37054982,-0.31776861,0.14708064
1590396511.74576569,2.37368618,-0.31123758,0.15277216
1590396511.75748992,2.37719429,-0.30497709,0.15656476
1590396511.76976538,2.38042315,-0.29836578,0.15834325
1590396511.78140688,2.38379164,-0.29061826,0.15843401
1590396511.79388547,2.38787222,-0.28167520,0.15741823
1590396511.80538034,2.39250083,-0.27231500,0.15575842
1590396511.81785560,2.39630739,-0.26342254,0.15386125
1590396511.82936764,2.39923955,-0.25565408,0.15178954
1590396511.84193182,2.40179296,-0.24910735,0.14971260
1590396511.85335922,2.40401826,-0.24379981,0.14794109
1590396511.86585593,2.40597826,-0.23961276,0.14657275
1590396511.87738156,2.40792430,-0.23578176,0.14566343
1590396511.88987827,2.40955619,-0.23156679,0.14537720
1590396511.90135717,2.41122123,-0.22676888,0.14609279
1590396511.91387010,2.41386366,-0.22165507,0.14818543
1590396511.92536187,2.41770862,-0.21638941,0.15196931
1590396511.93784785,2.42215921,-0.21143617,0.15746011
1590396511.94947171,2.42705486,-0.20710251,0.16469276
1590396511.96169281,2.43229783,-0.20363105,0.17366550
1590396511.97353172,2.43795618,-0.20117363,0.18420554
1590396511.98574018,2.44427951,-0.19954349,0.19600920
1590396511.99748707,2.45198863,-0.19846663,0.20900318
1590396512.00971532,2.46097708,-0.19805996,0.22260104
1590396512.02139282,2.47105635,-0.19796921,0.23582016
1590396512.03365803,2.48233118,-0.19815421,0.24812124
1590396512.04536033,2.49418720,-0.19846139,0.25972594
1590396512.05764484,2.50739236,-0.19906353,0.27111945
1590396512.06936240,2.52175468,-0.20032016,0.28203997
1590396512.08187938,2.53688319,-0.20245121,0.29193250
1590396512.09328890,2.55207454,-0.20513204,0.30018092
1590396512.10586405,2.56589056,-0.20834519,0.30643793
1590396512.11728001,2.57805027,-0.21233850,0.31083267
1590396512.12981319,2.58884862,-0.21729524,0.31386256
1590396512.14124370,2.59900121,-0.22276510,0.31627111
1590396512.15376210,2.61003692,-0.22814769,0.31864127
1590396512.16549206,2.62306406,-0.23273093,0.32137446
1590396512.17777491,2.63694292,-0.23625998,0.32459982
1590396512.18939757,2.65066121,-0.23917294,0.32779203
1590396512.20162535,2.66329564,-0.24174730,0.33067881
1590396512.21338844,2.67491779,-0.24370032,0.33312576
1590396512.22561169,2.68637762,-0.24506517,0.33483967
1590396512.23736429,2.69754948,-0.24669531,0.33542087
1590396512.24988103,2.70824485,-0.24864310,0.33456740
1590396512.26127887,2.71876221,-0.25138850,0.33267372
1590396512.27376962,2.72945759,-0.25539927,0.33027215
1590396512.28540349,2.74070274,-0.26053228,0.32746216
1590396512.29762840,2.75236154,-0.26658857,0.32411288
1590396512.30936432,2.76463470,-0.27362050,0.32060826
1590396512.32181883,2.77737211,-0.28130170,0.31718392
1590396512.33336735,2.79009905,-0.28947682,0.31399346
1590396512.34586692,2.80170374,-0.29806209,0.31086234
1590396512.35735655,2.81215478,-0.30721285,0.30768409
1590396512.36983633,2.82272100,-0.31693259,0.30428768
1590396512.38126993,2.83364327,-0.32781472,0.30052650
1590396512.39376450,2.84538934,-0.33953984,0.29663965
1590396512.40545964,2.85773929,-0.35130511,0.29271790
1590396512.41765451,2.86961800,-0.36278414,0.28914521
1590396512.42936063,2.88067291,-0.37406595,0.28563186
1590396512.44163227,2.89127928,-0.38431976,0.28164727
1590396512.45341468,2.90108977,-0.39300451,0.27706404
1590396512.46568608,2.90824911,-0.40045707,0.27171809
1590396512.47742438,2.91283933,-0.40690955,0.26589044
1590396512.48958898,2.91644169,-0.41276688,0.26023034
1590396512.50127196,2.91922898,-0.41944451,0.25490883
1590396512.51373696,2.92131290,-0.42798615,0.24945642
1590396512.52542734,2.92225015,-0.43782108,0.24344725
1590396512.53767920,2.92167419,-0.44739770,0.23728973
1590396512.54936838,2.92033028,-0.45622558,0.23156505
1590396512.56158423,2.92041057,-0.46442164,0.22713366
1590396512.57335162,2.92168117,-0.47191260,0.22355224
1590396512.58582568,2.92394311,-0.47913826,0.21997257
1590396512.59737849,2.92693635,-0.48688403,0.21566335
1590396512.60960507,2.92931175,-0.49608017,0.20959310
1590396512.62127542,2.93125953,-0.50693088,0.20148604
1590396512.63377476,2.93111118,-0.51983061,0.19137186
1590396512.64524078,2.92972190,-0.53439887,0.18010227
1590396512.65768838,2.92744425,-0.54977871,0.16825672
1590396512.66939187,2.92436897,-0.56507303,0.15635532
1590396512.68163204,2.91804914,-0.57975649,0.14421307
1590396512.69339800,2.90783547,-0.59372436,0.13110390
1590396512.70560527,2.89429172,-0.60694174,0.11731580
1590396512.71730995,2.87894678,-0.61961457,0.10413856
1590396512.72975969,2.86272046,-0.63185980,0.09216037
1590396512.74139714,2.84578029,-0.64323935,0.07992910
1590396512.75360990,2.82882616,-0.65285786,0.06673266
1590396512.76534748,2.81269932,-0.66012890,0.05289744
1590396512.77781391,2.79656899,-0.66547834,0.03918613
1590396512.78922582,2.78032695,-0.66963571,0.02595130
1590396512.80167150,2.76341995,-0.67355572,0.01325578
1590396512.81322002,2.74589859,-0.67805692,0.00067021
1590396512.82564616,2.72832487,-0.68334876,-0.01242151
1590396512.83725309,2.71095710,-0.68877325,-0.02633702
1590396512.84966397,2.69379178,-0.69318893,-0.03955265
1590396512.86134553,2.67687431,-0.69604429,-0.05139297
1590396512.87373304,2.65986956,-0.69760112,-0.06180734
1590396512.88540339,2.64274614,-0.69840921,-0.07056541
1590396512.89757800,2.62580074,-0.69873908,-0.07807730
1590396512.90925407,2.60969309,-0.69864832,-0.08526981
1590396512.92164779,2.59467802,-0.69841444,-0.09277821
1590396512.93335414,2.57991952,-0.69829053,-0.10071073
1590396512.94576502,2.56397245,-0.69847728,-0.10841462
1590396512.95730543,2.54657326,-0.69858723,-0.11524933
1590396512.96962404,2.52780050,-0.69816486,-0.12053418
1590396512.98136067,2.50881306,-0.69634623,-0.12398295
1590396512.99384379,2.49051503,-0.69292887,-0.12646481
1590396513.00522256,2.47390997,-0.68744680,-0.12916833
1590396513.01765847,2.46018121,-0.67925422,-0.13336061
1590396513.02934647,2.44771956,-0.66879272,-0.13861754
1590396513.04173470,2.43414439,-0.65671678,-0.14490247
1590396513.05325246,2.41882389,-0.64330742,-0.15147538
1590396513.06566167,2.40213679,-0.62849655,-0.15721926
1590396513.07728386,2.38506922,-0.61206428,-0.16182867
1590396513.08968353,2.36852350,-0.59422527,-0.16549561
1590396513.10135174,2.35320474,-0.57492542,-0.16827417
1590396513.11373281,2.33936777,-0.55452601,-0.17076301
1590396513.12524533,2.32679093,-0.53394334,-0.17312270
1590396513.13765430,2.31512340,-0.51365214,-0.17505303
1590396513.14926219,2.30379098,-0.49415856,-0.17685072
1590396513.16172385,2.29262611,-0.47511527,-0.17845643
1590396513.17338562,2.28158516,-0.45542098,-0.17956471
1590396513.18584037,2.27046217,-0.43478595,-0.18115994
1590396513.19736218,2.25889238,-0.41282273,-0.18304141
1590396513.20955467,2.24691244,-0.38901295,-0.18412700
1590396513.22140718,2.23546832,-0.36409139,-0.18458777
1590396513.23357153,2.22455303,-0.33932866,-0.18546043
1590396513.24525070,2.21405837,-0.31551364,-0.18705392
1590396513.25764966,2.20417282,-0.29320484,-0.18882717
1590396513.26925707,2.19568354,-0.27195720,-0.18998956
1590396513.28168225,2.18784003,-0.25177596,-0.19042240
1590396513.29338217,2.18044507,-0.23249182,-0.18997560
1590396513.30558181,2.17413047,-0.21315532,-0.18906977
1590396513.31727242,2.16874438,-0.19326380,-0.18860901
1590396513.32969284,2.16429903,-0.17240188,-0.19006461
1590396513.34136081,2.16051865,-0.15117518,-0.19358145
1590396513.35381198,2.15650439,-0.13079323,-0.19816992
1590396513.36522293,2.15190894,-0.11191051,-0.20233078
1590396513.37765694,2.14705518,-0.09461953,-0.20422272
1590396513.38934231,2.14218222,-0.07916464,-0.20335878
1590396513.40173006,2.13817669,-0.06598217,-0.20045106
1590396513.41321754,2.13588332,-0.05533217,-0.19644379
1590396513.42565203,2.13560233,-0.04681497,-0.19218693
1590396513.43735361,2.13675773,-0.03956661,-0.18890746
1590396513.44973564,2.13835471,-0.03225019,-0.18796847
1590396513.46141744,2.13960611,-0.02337519,-0.19002098
1590396513.47361684,2.13971432,-0.01254717,-0.19373853
1590396513.48528600,2.13961833,0.00137183,-0.19703371
1590396513.49768162,2.14007211,0.01775174,-0.19874937
1590396513.50927353,2.14106172,0.03434983,-0.19899022
1590396513.52169776,2.14314040,0.05004383,-0.19709480
1590396513.53338170,2.14629247,0.06426302,-0.19316257
1590396513.54557276,2.15147610,0.07670024,-0.18874863
1590396513.55728292,2.15796872,0.08699070,-0.18615333
1590396513.56971502,2.16402850,0.09497209,-0.18603988
1590396513.58134985,2.16874089,0.10103537,-0.18761242
1590396513.59350252,2.17242877,0.10607413,-0.18943455
1590396513.60513425,2.17596830,0.11112337,-0.19036132
1590396513.61751938,2.18124094,0.11710810,-0.18977838
1590396513.62921143,2.18812976,0.12400041,-0.18849556
1590396513.64159155,2.19606926,0.13158561,-0.18719529
1590396513.65335274,2.20443637,0.13921270,-0.18582521
1590396513.66549563,2.21289598,0.14671761,-0.18465060
1590396513.67711687,2.22141144,0.15396771,-0.18457380
1590396513.68951726,2.22875578,0.16068723,-0.18654603
1590396513.70115232,2.23348214,0.16657422,-0.19034386
1590396513.71355081,2.23592036,0.17210168,-0.19438081
1590396513.72514391,2.23750512,0.17793283,-0.19727980
1590396513.73755336,2.24019816,0.18441323,-0.19817341
1590396513.74922061,2.24498909,0.19092331,-0.19712447
1590396513.76168013,2.25211876,0.19659563,-0.19473511
1590396513.77312326,2.26119273,0.20153142,-0.19140677
1590396513.78554702,2.27059307,0.20585809,-0.18789168
1590396513.79720831,2.27980317,0.20991773,-0.18400134
1590396513.80963850,2.28928555,0.21438752,-0.17896955
1590396513.82125545,2.29948874,0.21905977,-0.17253452
1590396513.83367682,2.31049304,0.22276684,-0.16494758
1590396513.84515524,2.32175391,0.22430099,-0.15650193
1590396513.85759807,2.33281580,0.22283666,-0.14730230
1590396513.86933851,2.34327731,0.21771586,-0.13733996
1590396513.88152194,2.35275445,0.20895605,-0.12668123
1590396513.89321685,2.36135019,0.19729900,-0.11535230
1590396513.90568304,2.36942060,0.18421601,-0.10372143
1590396513.91710114,2.37778421,0.17124472,-0.09187413
1590396513.92959952,2.38687040,0.15875340,-0.07990815
1590396513.94126129,2.39659014,0.14641393,-0.06774321
1590396513.95369983,2.40597652,0.13369746,-0.05521524
1590396513.96515918,2.41441169,0.11990063,-0.04192630
1590396513.97755241,2.42205274,0.10471976,-0.02777342
1590396513.98926997,2.42925048,0.08851437,-0.01319120
1590396514.00175977,2.43617071,0.07191629,0.00131772
1590396514.01321840,2.44319915,0.05555034,0.01523847
1590396514.02546597,2.45111597,0.04008149,0.02837207
1590396514.03713131,2.45959303,0.02589370,0.04014083
1590396514.04959869,2.46864780,0.01331512,0.05020265
1590396514.06109405,2.47772002,0.00191114,0.05845631
1590396514.07358265,2.48678701,-0.00892212,0.06493323
1590396514.08508182,2.49548049,-0.01905027,0.06968925
1590396514.09752321,2.50389298,-0.02822023,0.07297396
1590396514.10921574,2.51213442,-0.03709872,0.07518355
1590396514.12165713,2.51977722,-0.04617269,0.07651174
1590396514.13326311,2.52666254,-0.05500405,0.07707199
1590396514.14549541,2.53289162,-0.06278298,0.07706327
1590396514.15721679,2.53950642,-0.06868918,0.07748040
1590396514.16946316,2.54682982,-0.07274009,0.07898837
1590396514.18110204,2.55484612,-0.07566002,0.08137074
1590396514.19361567,2.56298285,-0.07846826,0.08373566
1590396514.20534492,2.57011426,-0.08226609,0.08502371
1590396514.21759152,2.57618801,-0.08671494,0.08526806
1590396514.22932935,2.58087247,-0.09119694,0.08449488
1590396514.24151134,2.58637375,-0.09439264,0.08353495
1590396514.25321579,2.59226074,-0.09597042,0.08280889
1590396514.26547098,2.59840081,-0.09596693,0.08280366
1590396514.27711439,2.60456706,-0.09538748,0.08371646
1590396514.28959465,2.61053260,-0.09515535,0.08518428
1590396514.30126643,2.61630789,-0.09525483,0.08705004
1590396514.31347370,2.62225946,-0.09519026,0.08932421
1590396514.32513928,2.62901389,-0.09448864,0.09175370
1590396514.33761764,2.63645423,-0.09303652,0.09405230
1590396514.34926152,2.64450368,-0.09102939,0.09617811
1590396514.36144662,2.65336647,-0.08847598,0.09796009
1590396514.37312698,2.66197792,-0.08585100,0.09897762
1590396514.38559461,2.66992615,-0.08313527,0.09921673
1590396514.39707351,2.67770334,-0.07990641,0.09919055
1590396514.40950584,2.68551718,-0.07584328,0.09958151
1590396514.42121148,2.69403264,-0.07085164,0.10078404
1590396514.43367553,2.70318165,-0.06520899,0.10253460
1590396514.44510269,2.71207062,-0.05899213,0.10422234
1590396514.45768738,2.72013753,-0.05237209,0.10544407
1590396514.46934867,2.72709790,-0.04561593,0.10650872
1590396514.48157692,2.73320306,-0.03916693,0.10791894
1590396514.49334049,2.73945309,-0.03323456,0.11023674
1590396514.50555515,2.74664733,-0.02795319,0.11321602
1590396514.51711130,2.75519945,-0.02287603,0.11653040
1590396514.52959275,2.76458932,-0.01717055,0.11960043
1590396514.54127622,2.77464241,-0.01017701,0.12224112
1590396514.55348611,2.78493288,-0.00227067,0.12440009
1590396514.56521249,2.79512909,0.00615752,0.12653812
1590396514.57746172,2.80516299,0.01492780,0.12908106
1590396514.58912015,2.81506599,0.02405762,0.13201321
1590396514.60160494,2.82551004,0.03324329,0.13538170
1590396514.61307859,2.83646721,0.04258080,0.13907482
1590396514.62550712,2.84762161,0.05166524,0.14263878
1590396514.63720942,2.85833619,0.06012659,0.14576815
1590396514.64966750,2.86812574,0.06772401,0.14898654
1590396514.66107678,2.87743184,0.07427947,0.15268140
1590396514.67351604,2.88702940,0.07967428,0.15690161
1590396514.68524265,2.89715755,0.08362047,0.16180075
1590396514.69747376,2.90821072,0.08640602,0.16757604
1590396514.70914292,2.92063572,0.08866098,0.17431301
1590396514.72158980,2.93395083,0.09047263,0.18136763
1590396514.73307920,2.94773021,0.09193696,0.18839084
1590396514.74542165,2.96065961,0.09306968,0.19493233
1590396514.75707698,2.97229921,0.09422509,0.20102353
1590396514.76952672,2.98319530,0.09527054,0.20692973
1590396514.78125906,2.99388020,0.09628981,0.21287083
1590396514.79348016,3.00531036,0.09731956,0.21906500
1590396514.80521369,3.01695520,0.09848893,0.22515795
1590396514.81763816,3.02854070,0.09978396,0.23084423
1590396514.82906222,3.03997260,0.10117674,0.23563865
1590396514.84153867,3.05101705,0.10192199,0.23891463
1590396514.85333848,3.06118883,0.10133731,0.24033533
1590396514.86550784,3.07046874,0.09948377,0.24053604
1590396514.87721467,3.07908369,0.09635614,0.24043307
1590396514.88964224,3.08855035,0.09223891,0.24114516
1590396514.90109444,3.09961749,0.08774468,0.24292016
1590396514.91360331,3.11233744,0.08389449,0.24568476
1590396514.92526460,3.12575554,0.08132362,0.24848776
1590396514.93747020,3.13889961,0.07960796,0.24973742
1590396514.94917583,3.15088653,0.07890634,0.24949482
1590396514.96164322,3.16087680,0.07935489,0.24856281
1590396514.97322798,3.16922820,0.08054869,0.24775472
1590396514.98547173,3.17715199,0.08189783,0.24746674
1590396514.99721193,3.18519621,0.08375661,0.24800605
1590396515.00948501,3.19281632,0.08636587,0.24926269
1590396515.02113986,3.20023048,0.08969596,0.25098009
1590396515.03359723,3.20797276,0.09351125,0.25332930
1590396515.04508543,3.21636256,0.09679771,0.25644123
1590396515.05759478,3.22532482,0.09843482,0.25985509
1590396515.06905222,3.23445464,0.09791123,0.26259526
1590396515.08153009,3.24359319,0.09597216,0.26400548
1590396515.09333634,3.25274918,0.09383588,0.26417304
1590396515.10553718,3.26150899,0.09179734,0.26328990
1590396515.11721253,3.26896504,0.09047089,0.26197567
1590396515.12939286,3.27427782,0.09059830,0.26117980
1590396515.14105773,3.27736182,0.09150412,0.26175052
1590396515.15351486,3.27909667,0.09248849,0.26436328
1590396515.16500330,3.28076346,0.09320058,0.26908439
1590396515.17746830,3.28278979,0.09390046,0.27498710
1590396515.18921328,3.28554916,0.09468062,0.28104513
1590396515.20138144,3.28956341,0.09494591,0.28658830
1590396515.21308279,3.29442241,0.09402263,0.29115757
1590396515.22557259,3.29932329,0.09169436,0.29458889
1590396515.23701191,3.30399030,0.08839395,0.29792072
1590396515.24946070,3.30825065,0.08402539,0.30229277
1590396515.26113009,3.31219859,0.07783121,0.30773645
1590396515.27367520,3.31550250,0.06961246,0.31386780
1590396515.28523350,3.31752359,0.06016150,0.32042674
1590396515.29747653,3.31886575,0.04951150,0.32764368
1590396515.30920911,3.32015031,0.03777591,0.33563554
1590396515.32138276,3.32204574,0.02595654,0.34445818
1590396515.33310175,3.32476845,0.01477770,0.35365956
1590396515.34559941,3.32755399,0.00449946,0.36266895
1590396515.35699630,3.32980198,-0.00500560,0.37129785
1590396515.36945724,3.33137976,-0.01425934,0.37960737
1590396515.38111544,3.33204124,-0.02401748,0.38832703
1590396515.39360642,3.33143212,-0.03421543,0.39841154
1590396515.40501070,3.33025576,-0.04449019,0.41027455
1590396515.41744232,3.32939881,-0.05460612,0.42321267
1590396515.42921114,3.32971471,-0.06406406,0.43693620
1590396515.44140100,3.33083172,-0.07217460,0.45171390
1590396515.45320249,3.33270097,-0.07879289,0.46733285
1590396515.46559978,3.33622305,-0.08443379,0.48407929
1590396515.47707367,3.34099478,-0.08957204,0.50183976
1590396515.48957181,3.34726923,-0.09472251,0.51998420
1590396515.50100446,3.35498010,-0.09979095,0.53778656
1590396515.51344848,3.36358981,-0.10421361,0.55495711
1590396515.52521443,3.37289939,-0.10773917,0.57080993
1590396515.53740215,3.38221945,-0.11020882,0.58423675
1590396515.54907227,3.39074539,-0.11124031,0.59505081
1590396515.56152105,3.39817874,-0.11145847,0.60413699
1590396515.57322001,3.40472024,-0.11213042,0.61298058
1590396515.58545613,3.41132805,-0.11422482,0.62267414
1590396515.59721756,3.41882250,-0.11819195,0.63341489
1590396515.60947108,3.42725418,-0.12302302,0.64490265
1590396515.62111402,3.43606635,-0.12683308,0.65629616
1590396515.63335896,3.44509494,-0.12881403,0.66636496
1590396515.64499211,3.45438184,-0.12934984,0.67382625
1590396515.65745592,3.46348547,-0.12966400,0.67849326
1590396515.66922021,3.47258736,-0.13079497,0.68186872
1590396515.68147206,3.48263523,-0.13294871,0.68525117
1590396515.69315600,3.49384897,-0.13524556,0.68857253
1590396515.70536304,3.50632807,-0.13732600,0.69090604
1590396515.71707201,3.51951578,-0.13847442,0.69081703
1590396515.72952223,3.53302288,-0.13869433,0.68836309
1590396515.74123931,3.54669579,-0.13861405,0.68355646
1590396515.75346756,3.56027096,-0.13906783,0.67608819
1590396515.76521921,3.57331730,-0.14010980,0.66638067
1590396515.77737927,3.58553111,-0.14148163,0.65513551
1590396515.78905320,3.59709392,-0.14303322,0.64342436
1590396515.80154705,3.60806157,-0.14489374,0.63157357
1590396515.81300259,3.61909728,-0.14757631,0.62015563
1590396515.82546401,3.63066009,-0.15109141,0.60973776
1590396515.83722925,3.64342019,-0.15553502,0.60001453
1590396515.84940290,3.65755212,-0.16139758,0.58984449
1590396515.86106682,3.67231237,-0.16836493,0.57849462
1590396515.87352109,3.68725763,-0.17567612,0.56661067
1590396515.88520932,3.70217670,-0.18294018,0.55497980
1590396515.89751530,3.71672751,-0.18979408,0.54362468
1590396515.90920997,3.73085246,-0.19557636,0.53268496
1590396515.92140460,3.74474005,-0.19982449,0.52242591
1590396515.93307424,3.75867301,-0.20325930,0.51284406
1590396515.94551706,3.77252743,-0.20660859,0.50398826
1590396515.95704937,3.78639407,-0.21066997,0.49571540
1590396515.96950078,3.79970221,-0.21542424,0.48771132
1590396515.98121643,3.81212372,-0.22043858,0.47972992
1590396515.99347091,3.82343869,-0.22499738,0.47150070
1590396516.00523210,3.83347782,-0.22810930,0.46294509
1590396516.01746821,3.84221319,-0.22906050,0.45434760
1590396516.02911472,3.84953660,-0.22815119,0.44639239
1590396516.04136467,3.85649348,-0.22732564,0.43928192
1590396516.05308437,3.86352366,-0.22758570,0.43254320
1590396516.06534338,3.87108443,-0.22942702,0.42521108
1590396516.07705259,3.87911818,-0.23242026,0.41661533
1590396516.08951879,3.88720255,-0.23608894,0.40688686
1590396516.10098314,3.89489770,-0.23976635,0.39618101
1590396516.11346745,3.90192789,-0.24282417,0.38461995
1590396516.12520576,3.90848858,-0.24532697,0.37272902
1590396516.13745952,3.91509814,-0.24752085,0.36093409
1590396516.14920807,3.92217196,-0.24981596,0.34961388
1590396516.16139841,3.92956692,-0.25251424,0.33888011
1590396516.17309165,3.93753086,-0.25583560,0.32852856
1590396516.18538260,3.94582641,-0.25946414,0.31774243
1590396516.19707036,3.95385667,-0.26285880,0.30616566
1590396516.20934224,3.96147852,-0.26584332,0.29369004
1590396516.22099400,3.96859947,-0.26824489,0.27980071
1590396516.23346710,3.97498214,-0.26989248,0.26409973
1590396516.24512219,3.98009420,-0.27051556,0.24717876
1590396516.25733685,3.98453083,-0.27057490,0.23006058
1590396516.26898146,3.98871264,-0.27004956,0.21358816
1590396516.28153729,3.99267977,-0.26885052,0.19850677
1590396516.29298019,3.99720192,-0.26716977,0.18531557
1590396516.30536699,4.00241522,-0.26500905,0.17380163
1590396516.31706715,4.00789032,-0.26234568,0.16353386
1590396516.32948327,4.01379128,-0.25961249,0.15456810
1590396516.34120822,4.01966780,-0.25734880,0.14748556
1590396516.35338736,4.02525285,-0.25603282,0.14267369
1590396516.36505318,4.03107353,-0.25579546,0.13990559
1590396516.37732005,4.03739685,-0.25620910,0.13798049
1590396516.38896918,4.04336937,-0.25679204,0.13465041
1590396516.40145183,4.04849191,-0.25735927,0.12839689
1590396516.41320992,4.05112911,-0.25721964,0.11884470
1590396516.42540598,4.04963161,-0.25523695,0.10674085
1590396516.43708396,4.04445148,-0.25144959,0.09302430
1590396516.44964862,4.03699019,-0.24682097,0.07907040
1590396516.46114349,4.02882380,-0.24246638,0.06590363
