1591242454.85182905,0.00392422,-0.12826124,1.13193214
1591242454.86420584,-0.01379547,-0.14724354,1.20571959
1591242454.87575293,-0.00464083,-0.15507083,1.25347924
1591242454.88813686,-0.00151706,-0.14593846,1.24640381
1591242454.89984894,-0.01783611,-0.12339200,1.19460094
1591242454.91208839,-0.03889799,-0.07932737,1.12056077
1591242454.92368555,-0.04502188,-0.01666689,1.03565466
1591242454.93629670,-0.03370652,0.01420331,0.96136177
1591242454.94799018,-0.00557049,0.02116344,0.91309667
1591242454.96007156,0.02538715,0.01866856,0.88757432
1591242454.97183466,0.03951640,0.01725406,0.89136475
1591242454.98425579,0.04033804,0.02226434,0.91511822
1591242454.99578071,0.03091063,0.02609871,0.94721073
1591242455.00808930,0.02293387,0.02355933,0.98081946
1591242455.01994038,0.01157509,0.02475563,0.99901354
1591242455.03212523,0.01004280,0.03762921,0.98915839
1591242455.04378223,0.01220252,0.05710147,0.98258829
1591242455.05611491,0.00622890,0.06665865,0.98486257
1591242455.06778431,-0.00077362,0.06945696,0.98233557
1591242455.08014345,-0.00134176,0.06916043,0.98334634
1591242455.09169817,-0.00475012,0.06260265,0.97930324
1591242455.10427570,-0.00897966,0.04742496,0.99598122
1591242455.11581230,-0.01726765,0.03669859,1.02883184
1591242455.12815070,-0.02256767,0.02638805,1.06294584
1591242455.13969254,-0.04004832,0.00729742,1.09832346
1591242455.15225720,-0.04121235,0.01199418,1.10994744
1591242455.16378260,-0.04596984,0.01887918,1.10792589
1591242455.17611217,-0.04244034,0.02029031,1.09074247
1591242455.18768167,-0.03491209,0.01573669,1.08543587
1591242455.20025206,-0.04121558,0.00999357,1.07077944
1591242455.21179032,-0.02430725,0.00933923,1.04702604
1591242455.22408581,-0.01407024,0.00015360,1.03338039
1591242455.23587823,-0.00899367,-0.02234196,1.05561769
1591242455.24821758,-0.00170506,-0.04044069,1.07709694
1591242455.25975633,0.01045269,-0.06316119,1.09453297
1591242455.27207327,0.01820191,-0.07482481,1.10438812
1591242455.28387523,0.01715653,-0.07222758,1.10110307
1591242455.29629111,0.01735221,-0.06849192,1.08568859
1591242455.30784822,0.02092170,-0.06439833,1.05915534
1591242455.32024741,0.02617465,-0.06345414,1.03717077
1591242455.33179164,0.02970244,-0.06247245,1.01897657
1591242455.34407735,0.03097656,-0.05795289,1.01594424
1591242455.35586834,0.01567189,-0.05224383,1.02226174
1591242455.36816239,-0.00343665,-0.03829665,1.03287494
1591242455.37970185,-0.01057722,-0.03092778,1.06673634
1591242455.39210725,-0.02602312,-0.03860705,1.10590434
1591242455.40390277,-0.06694117,-0.03598605,1.12460387
1591242455.41622019,-0.08624560,-0.01528332,1.10868394
1591242455.42774940,-0.08777221,-0.00506485,1.08973169
1591242455.44005561,-0.07978438,0.00908012,1.06976867
1591242455.45184255,-0.10938083,-0.00489090,1.05511224
1591242455.46415067,-0.09740510,-0.05233271,1.10464084
1591242455.47567058,-0.07355048,-0.09246008,1.15315866
1591242455.48824167,-0.05741481,-0.14502540,1.18777800
1591242455.49983144,-0.04475073,-0.17397290,1.18676734
1591242455.51216626,-0.02338491,-0.18238267,1.18044984
1591242455.52371049,-0.01753645,-0.18671477,1.18196619
1591242455.53627157,-0.01595408,-0.18366462,1.17640674
1591242455.54778528,-0.01211663,-0.17138679,1.14810467
1591242455.56011820,-0.01064565,-0.15074949,1.10388267
1591242455.57189226,-0.00749286,-0.13154855,1.06774712
1591242455.58428931,-0.00901793,-0.11238392,1.03691816
1591242455.59588289,-0.00623695,-0.10357434,1.02655756
1591242455.60819411,-0.00312559,-0.11330678,1.03085339
1591242455.61969924,0.00317252,-0.12653488,1.03969777
1591242455.63224983,-0.00638798,-0.14599504,1.06673634
1591242455.64376712,-0.02567455,-0.14401297,1.07633877
1591242455.65606332,-0.04681263,-0.12205693,1.07254839
1591242455.66775393,-0.06758376,-0.09984626,1.07330644
1591242455.68008733,-0.08988120,-0.07990326,1.08189809
1591242455.69168544,-0.10487269,-0.06317820,1.08139277
1591242455.70411897,-0.11390480,-0.05427199,1.07330644
1591242455.71567297,-0.11693359,-0.05864837,1.06471479
1591242455.72825670,-0.11277125,-0.05474566,1.04171932
1591242455.73980236,-0.10845065,-0.05706334,1.03085339
1591242455.75220180,-0.10440844,-0.05798364,1.03893960
1591242455.76375246,-0.10622235,-0.06183865,1.07002139
1591242455.77604008,-0.11083221,-0.07420104,1.09731257
1591242455.78782892,-0.11333461,-0.09606826,1.11449599
1591242455.80019379,-0.09629608,-0.12358382,1.11474872
1591242455.81174731,-0.07608987,-0.13812591,1.10160851
1591242455.82414985,-0.06510766,-0.14373553,1.08973169
1591242455.83568835,-0.06816277,-0.14016251,1.09301686
1591242455.84826565,-0.07603675,-0.13211185,1.10135579
1591242455.85988522,-0.07968863,-0.11547449,1.08493042
1591242455.87219262,-0.08346506,-0.09803717,1.06294584
1591242455.88371229,-0.08952878,-0.07756156,1.04298282
1591242455.89627194,-0.10062509,-0.06251678,1.02428329
1591242455.90787482,-0.11166739,-0.04796969,1.02377784
1591242455.92021608,-0.12128384,-0.03593458,1.02049279
1591242455.93174481,-0.13151619,-0.03222967,1.02807379
1591242455.94404101,-0.14419669,-0.03562453,1.05511224
1591242455.95582843,-0.15582767,-0.03417261,1.07305372
1591242455.96815109,-0.16783348,-0.03231501,1.07002139
1591242455.97966981,-0.17242736,-0.02987798,1.06522012
1591242455.99204040,-0.17823189,-0.02857599,1.06799984
1591242456.00389743,-0.17088507,-0.02716148,1.06420934
1591242456.01620173,-0.16485597,-0.03287733,1.04904747
1591242456.02771163,-0.15882891,-0.04088708,1.04500437
1591242456.04028487,-0.14806637,-0.05203937,1.03641272
1591242456.05179477,-0.13507709,-0.06301783,1.02908444
1591242456.06409621,-0.12129767,-0.06854622,1.01493347
1591242456.07587695,-0.11602695,-0.07120477,1.01038492
1591242456.08816743,-0.11607894,-0.06897563,0.99598122
1591242456.09969592,-0.11220293,-0.06321880,0.99244344
1591242456.11206341,-0.10847089,-0.05978995,0.99168539
1591242456.12388325,-0.10819885,-0.06511730,0.99623394
1591242456.13619590,-0.10956915,-0.07061854,1.01746047
1591242456.14773512,-0.11571728,-0.07133780,1.04424632
1591242456.16012692,-0.11744902,-0.06396545,1.05561769
1591242456.17191792,-0.11850806,-0.06396882,1.04222476
1591242456.18423295,-0.10915267,-0.06437095,1.02276707
1591242456.19574809,-0.09973239,-0.07411557,1.01948202
1591242456.20806718,-0.08845957,-0.08123915,1.01695514
1591242456.21988654,-0.08810138,-0.08702666,1.02554679
1591242456.23219943,-0.08587380,-0.09053695,1.03514922
1591242456.24371719,-0.08940531,-0.09149136,1.05283797
1591242456.25627112,-0.09241242,-0.09214122,1.06951594
1591242456.26771688,-0.09407665,-0.09055471,1.07254839
1591242456.28007793,-0.09289131,-0.09369586,1.07052684
1591242456.29191279,-0.09139802,-0.09165941,1.06522012
1591242456.30428290,-0.08629443,-0.09258687,1.05460691
1591242456.31589794,-0.08262982,-0.09290522,1.04197204
1591242456.32826900,-0.07771848,-0.09754188,1.04449904
1591242456.33982706,-0.07738288,-0.10342403,1.05157447
1591242456.35217810,-0.07736097,-0.10673323,1.06193507
1591242456.36375260,-0.09025331,-0.10207818,1.07760227
1591242456.37614584,-0.09646776,-0.09082741,1.07760227
1591242456.38770485,-0.09917854,-0.07853988,1.07456994
1591242456.40014291,-0.10355414,-0.06929624,1.06471479
1591242456.41176701,-0.10829724,-0.06383254,1.05763924
1591242456.42413974,-0.10688924,-0.06290881,1.04500437
1591242456.43572021,-0.10433011,-0.06463006,1.04550982
1591242456.44807124,-0.10330389,-0.07039709,1.04475176
1591242456.45990133,-0.10147431,-0.07652540,1.04171932
1591242456.47205925,-0.09917720,-0.08254126,1.05005836
1591242456.48389268,-0.09894578,-0.08579972,1.05662847
1591242456.49624610,-0.09991472,-0.09405051,1.06319857
1591242456.50781870,-0.09842252,-0.10097364,1.07103217
1591242456.52022338,-0.09508577,-0.10898784,1.07128489
1591242456.53168106,-0.09430768,-0.10996523,1.06623089
1591242456.54411697,-0.09459120,-0.11084260,1.06395662
1591242456.55591679,-0.09445075,-0.10686959,1.06446207
1591242456.56821585,-0.09168509,-0.10821971,1.06168246
1591242456.57974768,-0.08971491,-0.10350125,1.05763924
1591242456.59205723,-0.08300941,-0.10180122,1.04930031
1591242456.60384250,-0.07983939,-0.10026480,1.04399359
1591242456.61622477,-0.07707852,-0.10541530,1.03287494
1591242456.62775636,-0.07127670,-0.10541070,1.03742349
1591242456.64008188,-0.07848943,-0.09950112,1.04374087
1591242456.65187645,-0.08299666,-0.09634633,1.04550982
1591242456.66419172,-0.09143381,-0.09190056,1.04652059
1591242456.67571831,-0.09861359,-0.08474308,1.04601514
1591242456.68828654,-0.10287219,-0.08225495,1.04475176
1591242456.69980884,-0.10621794,-0.08087113,1.04601514
1591242456.71211147,-0.11165161,-0.07862156,1.04020309
1591242456.72375917,-0.11955719,-0.07784788,1.04828942
1591242456.73606563,-0.12361316,-0.08148810,1.06193507
1591242456.74783874,-0.12268731,-0.08601451,1.07406449
1591242456.76023531,-0.12384596,-0.08881625,1.08114004
1591242456.77176261,-0.12608577,-0.09395936,1.08467782
1591242456.78415513,-0.12761888,-0.09398219,1.07583344
1591242456.79570508,-0.12220107,-0.09344585,1.07052684
1591242456.80826497,-0.12061649,-0.08954117,1.05839729
1591242456.81983089,-0.11275180,-0.08692791,1.05511224
1591242456.83222246,-0.10833216,-0.08592238,1.04096127
1591242456.84376001,-0.09854964,-0.08653245,1.02984262
1591242456.85606551,-0.08947324,-0.08861877,1.02276707
1591242456.86792350,-0.08317295,-0.09439646,1.02327251
1591242456.88014269,-0.08335608,-0.09600563,1.02529407
1591242456.89168239,-0.08247822,-0.09412360,1.03211689
1591242456.90425777,-0.08150820,-0.09429626,1.03995049
1591242456.91577506,-0.08745386,-0.09265964,1.05132174
1591242456.92815590,-0.09161982,-0.09315953,1.06522012
1591242456.93974638,-0.09460358,-0.09611867,1.07836044
1591242456.95230031,-0.09552444,-0.09619129,1.08897364
1591242456.96383309,-0.10090300,-0.09661396,1.09680724
1591242456.97614551,-0.09767724,-0.09848219,1.10363007
1591242456.98793316,-0.09646603,-0.10102327,1.10438812
1591242457.00023913,-0.09826931,-0.09859586,1.10110307
1591242457.01176262,-0.10066643,-0.09078634,1.09074247
1591242457.02413368,-0.09826501,-0.08737448,1.07684422
1591242457.03592014,-0.09378962,-0.08587475,1.06698906
1591242457.04821229,-0.09127828,-0.08854692,1.06269312
1591242457.05974269,-0.09395517,-0.09213679,1.06016624
1591242457.07230663,-0.09659453,-0.09473239,1.06193507
1591242457.08382177,-0.09679814,-0.09673254,1.06193507
1591242457.09612179,-0.09416388,-0.09849170,1.06673634
1591242457.10791516,-0.09791689,-0.10039179,1.06951594
1591242457.12021661,-0.09489615,-0.10056001,1.06799984
1591242457.13179827,-0.09153245,-0.10136460,1.06901062
1591242457.14411640,-0.09649353,-0.10140550,1.06976867
1591242457.15588856,-0.10102578,-0.08595313,1.06395662
1591242457.16819072,-0.09766909,-0.08159377,1.05940819
1591242457.17970395,-0.09016702,-0.08114040,1.04652059
1591242457.19227242,-0.06826365,-0.08811399,1.04121399
1591242457.20388579,-0.09309855,-0.09200075,1.02984262
1591242457.21619272,-0.08557096,-0.08792652,1.04222476
1591242457.22774267,-0.07836137,-0.08047916,1.04323554
1591242457.24007154,-0.08304761,-0.08759251,1.04500437
1591242457.25194168,-0.08384389,-0.08790268,1.04626787
1591242457.26425052,-0.07959948,-0.08928670,1.04904747
1591242457.27579069,-0.07029078,-0.10006014,1.05410147
1591242457.28810310,-0.06651051,-0.10848352,1.04803681
1591242457.29989028,-0.06147899,-0.10237862,1.04146659
1591242457.31218815,-0.06422240,-0.09245084,1.02428329
1591242457.32371163,-0.07099233,-0.08109260,1.01872396
1591242457.33606482,-0.07745636,-0.07631060,1.02428329
1591242457.34786129,-0.08341248,-0.07557783,1.03312767
1591242457.36016846,-0.09153990,-0.07582667,1.04222476
1591242457.37169123,-0.09532949,-0.07040736,1.05839729
1591242457.38426352,-0.11035787,-0.07493718,1.07507527
1591242457.39578605,-0.10755132,-0.07657662,1.07406449
1591242457.40808010,-0.09423417,-0.08813453,1.06850517
1591242457.41985822,-0.08943201,-0.09668259,1.05637574
1591242457.43217254,-0.08348352,-0.09720546,1.04753137
1591242457.44369578,-0.08648409,-0.09250063,1.04374087
1591242457.45626593,-0.09482985,-0.08428293,1.04197204
1591242457.46791434,-0.09560852,-0.08507710,1.04323554
1591242457.48025417,-0.09577342,-0.08352625,1.03691816
1591242457.49178123,-0.09470180,-0.08104153,1.04020309
1591242457.50408292,-0.09885233,-0.07842389,1.04550982
1591242457.51587796,-0.10468737,-0.08042125,1.05561769
1591242457.52816606,-0.10187653,-0.08098705,1.05713379
1591242457.53975320,-0.10278712,-0.08054054,1.05334342
1591242457.55206728,-0.09784031,-0.08284801,1.04677331
1591242457.56385303,-0.09009147,-0.08547929,1.04171932
1591242457.57615662,-0.08733099,-0.08942781,1.03312767
1591242457.58793235,-0.08129806,-0.08929146,1.03060067
1591242457.60021782,-0.08381229,-0.09246432,1.03843427
1591242457.61173129,-0.08594032,-0.08549292,1.04197204
1591242457.62430501,-0.08638681,-0.08579288,1.04753137
1591242457.63586235,-0.08860324,-0.08338997,1.05233264
1591242457.64817262,-0.08699875,-0.08345471,1.04904747
1591242457.65973425,-0.08648458,-0.08334564,1.04702604
1591242457.67228246,-0.08904995,-0.08073822,1.04803681
1591242457.68392634,-0.08605251,-0.07931350,1.04854214
1591242457.69609499,-0.08841267,-0.08162782,1.05106914
1591242457.70792818,-0.08835907,-0.08997762,1.05258524
1591242457.72025919,-0.08508635,-0.09209604,1.04550982
1591242457.73181486,-0.08435917,-0.09203246,1.03969777
1591242457.74429083,-0.07979305,-0.09692374,1.03767622
1591242457.75583816,-0.07579028,-0.10637890,1.04146659
1591242457.76816130,-0.07598674,-0.11366571,1.04677331
1591242457.77970457,-0.08137955,-0.11202911,1.05814469
1591242457.79227591,-0.09140558,-0.10038751,1.04626787
1591242457.80389214,-0.10091908,-0.08382621,1.04247737
1591242457.81621504,-0.10484982,-0.07102078,1.03388572
1591242457.82775879,-0.10822425,-0.06825317,1.03641272
1591242457.84008121,-0.11018272,-0.07647771,1.04980564
1591242457.85188246,-0.10754956,-0.08648145,1.06926334
1591242457.86417937,-0.10016811,-0.09926426,1.08568859
1591242457.87570715,-0.09423378,-0.11005592,1.08644664
1591242457.88827491,-0.08958266,-0.11406524,1.09124792
1591242457.89985323,-0.08492103,-0.11116064,1.07911849
1591242457.91216707,-0.08689409,-0.10847877,1.06648362
1591242457.92370224,-0.09342250,-0.09667340,1.06547284
1591242457.93625379,-0.09808494,-0.08523735,1.05966079
1591242457.94782209,-0.10441688,-0.07823306,1.05991352
1591242457.96014524,-0.10886957,-0.08261971,1.06496739
1591242457.97192836,-0.09903326,-0.08077575,1.06218779
1591242457.98421407,-0.09514390,-0.08747328,1.06522012
1591242457.99572396,-0.09580908,-0.09281407,1.06345129
1591242458.00827742,-0.09514561,-0.09100036,1.05763924
1591242458.01985455,-0.08446752,-0.09295516,1.04753137
1591242458.03217030,-0.08404886,-0.09594190,1.03338039
1591242458.04370236,-0.08675933,-0.09586912,1.03666532
1591242458.05626822,-0.08839682,-0.09525542,1.03919232
1591242458.06784701,-0.09443885,-0.09514175,1.04171932
1591242458.08020639,-0.09680183,-0.09392336,1.05157447
1591242458.09177685,-0.09899299,-0.09790082,1.06041896
1591242458.10413289,-0.09301890,-0.10219201,1.06117702
1591242458.11570311,-0.09189754,-0.10795146,1.06597829
1591242458.12831140,-0.08883156,-0.11373816,1.07128489
1591242458.13987350,-0.08640574,-0.11748384,1.07583344
1591242458.15227985,-0.08543228,-0.12013398,1.07861304
1591242458.16385460,-0.09108186,-0.11564746,1.06496739
1591242458.17619181,-0.09257045,-0.09450535,1.03919232
1591242458.18775749,-0.08824866,-0.08595980,1.01922929
1591242458.20009232,-0.08725344,-0.07878849,1.01190114
1591242458.21191192,-0.09472188,-0.07638557,1.01670229
1591242458.22426629,-0.10272898,-0.07532556,1.01948202
1591242458.23581386,-0.10481941,-0.07197514,1.03363299
1591242458.24815345,-0.10782084,-0.07373393,1.04828942
1591242458.25973201,-0.10918972,-0.07954528,1.05283797
1591242458.27207327,-0.10229153,-0.08441591,1.05789185
1591242458.28389788,-0.10023571,-0.08419435,1.04930031
1591242458.29622483,-0.09743540,-0.08494760,1.04980564
1591242458.30779743,-0.09885649,-0.08614053,1.04500437
1591242458.32016706,-0.09712137,-0.08231969,1.04146659
1591242458.33173800,-0.09491741,-0.08295024,1.03969777
1591242458.34408832,-0.09662695,-0.08771180,1.04273009
1591242458.35572052,-0.09383771,-0.08756524,1.04449904
1591242458.36833858,-0.09308205,-0.08518618,1.04525709
1591242458.37991643,-0.09391594,-0.08967306,1.05157447
1591242458.39231920,-0.09395719,-0.09100941,1.06244051
1591242458.40388918,-0.09171681,-0.09109121,1.06395662
1591242458.41623092,-0.08971701,-0.09004579,1.05384874
1591242458.42778778,-0.08993140,-0.08701650,1.04778409
1591242458.44013548,-0.08740751,-0.08931857,1.04500437
1591242458.45195818,-0.08487622,-0.08944128,1.04727864
1591242458.46429825,-0.08484290,-0.09592350,1.05157447
1591242458.47588515,-0.08477604,-0.09835550,1.05031097
1591242458.48822951,-0.08297532,-0.09987828,1.05536497
1591242458.49977207,-0.08414894,-0.10405582,1.05865002
1591242458.51211023,-0.08517358,-0.10473309,1.06193507
1591242458.52391720,-0.09441386,-0.09766887,1.07002139
1591242458.53625560,-0.10155874,-0.08709494,1.06269312
1591242458.54781055,-0.10512014,-0.07728557,1.06926334
1591242458.56021070,-0.11013258,-0.07249331,1.06117702
1591242458.57182741,-0.10837059,-0.07473946,1.06244051
1591242458.58417368,-0.10318346,-0.07629366,1.05536497
1591242458.59574866,-0.09322461,-0.08894911,1.06117702
1591242458.60807776,-0.08506013,-0.10180566,1.05865002
1591242458.61986780,-0.08005689,-0.11051537,1.05789185
1591242458.63220024,-0.07291529,-0.11626577,1.05789185
1591242458.64373326,-0.07159585,-0.11998877,1.05738652
1591242458.65628910,-0.07115237,-0.12219343,1.06117702
1591242458.66795230,-0.07799904,-0.11814764,1.06496739
1591242458.68009162,-0.07737172,-0.11331551,1.06345129
1591242458.69192314,-0.08040243,-0.10897435,1.05713379
1591242458.70426416,-0.08066317,-0.11238377,1.05081642
1591242458.71582913,-0.07351375,-0.11182919,1.04980564
1591242458.72818875,-0.07588547,-0.11597042,1.04778409
1591242458.73983431,-0.07348584,-0.11852053,1.05334342
1591242458.75213361,-0.07410836,-0.11720227,1.05207992
1591242458.76380372,-0.07848564,-0.11228831,1.04904747
1591242458.77619529,-0.08715600,-0.10381959,1.04500437
1591242458.78775525,-0.09149917,-0.09698272,1.04803681
1591242458.80012369,-0.10187240,-0.09298244,1.04803681
1591242458.81194019,-0.10359979,-0.08942305,1.05157447
1591242458.82428956,-0.10800602,-0.08749370,1.05662847
1591242458.83586478,-0.11041700,-0.08662458,1.06294584
1591242458.84820890,-0.10882705,-0.09161852,1.06446207
1591242458.85983443,-0.10740910,-0.09284133,1.06395662
1591242458.87221646,-0.10529673,-0.08964564,1.06496739
1591242458.88378024,-0.10522496,-0.08450115,1.06395662
1591242458.89612246,-0.10607915,-0.08039398,1.05511224
1591242458.90795445,-0.10193969,-0.08211181,1.05106914
1591242458.92014933,-0.09456061,-0.08730277,1.03514922
1591242458.93171644,-0.08006063,-0.09919213,1.03338039
1591242458.94419146,-0.07208715,-0.11260222,1.02706289
1591242458.95578337,-0.05817010,-0.11721162,1.02908444
1591242458.96819448,-0.05510483,-0.12591673,1.03287494
1591242458.97977090,-0.05629834,-0.12967144,1.04222476
1591242458.99211121,-0.06099448,-0.13453528,1.05359614
1591242459.00392032,-0.06078204,-0.13715358,1.06041896
1591242459.01628160,-0.06644705,-0.13535795,1.06420934
1591242459.02780628,-0.06952634,-0.13171676,1.06623089
1591242459.04011321,-0.07665242,-0.12488449,1.06471479
1591242459.05189967,-0.07873789,-0.11470653,1.06142962
1591242459.06428790,-0.08399081,-0.10696962,1.06168246
1591242459.07581234,-0.08573723,-0.10515133,1.06041896
1591242459.08811998,-0.08595276,-0.10801519,1.05789185
1591242459.09971094,-0.08405165,-0.10791975,1.05612302
1591242459.11232352,-0.08236952,-0.10821068,1.05688119
1591242459.12384915,-0.08344393,-0.10740149,1.06041896
1591242459.13616300,-0.08664101,-0.10381943,1.05890274
1591242459.14795613,-0.08891522,-0.10364218,1.05561769
1591242459.16023707,-0.08383411,-0.10383323,1.04525709
1591242459.17182231,-0.08228619,-0.10329689,1.03995049
1591242459.18413711,-0.07987946,-0.10261959,1.03666532
1591242459.19590831,-0.07551442,-0.10660166,1.04096127
1591242459.20820498,-0.07762510,-0.10912909,1.04146659
1591242459.21971869,-0.07894920,-0.10929272,1.04449904
1591242459.23227620,-0.08069906,-0.10499690,1.04828942
1591242459.24378633,-0.08384547,-0.10447420,1.04323554
1591242459.25608611,-0.08168501,-0.10343322,1.04247737
1591242459.26807523,-0.08033901,-0.10657883,1.04980564
1591242459.28018117,-0.07757619,-0.11139274,1.05561769
1591242459.29171300,-0.08154535,-0.11256546,1.06345129
1591242459.30428648,-0.08090941,-0.12053415,1.06749439
1591242459.31581187,-0.07867026,-0.11108342,1.07305372
1591242459.32813048,-0.08643628,-0.10372384,1.07103217
1591242459.33970809,-0.09662411,-0.09722339,1.07103217
1591242459.35228157,-0.09253327,-0.08945032,1.05207992
1591242459.36389089,-0.08807154,-0.08745617,1.04247737
1591242459.37625170,-0.08323836,-0.09566461,1.03287494
1591242459.38778830,-0.07017371,-0.10426065,1.03464389
1591242459.40008855,-0.07056386,-0.11465675,1.04197204
1591242459.41186452,-0.06880365,-0.12119335,1.06117702
1591242459.42417979,-0.07425199,-0.11667940,1.06092429
1591242459.43596649,-0.08004439,-0.10942890,1.06092429
1591242459.44825268,-0.08577507,-0.10045110,1.05207992
1591242459.45977116,-0.08778458,-0.09295516,1.04753137
1591242459.47209644,-0.08924545,-0.08617801,1.04121399
1591242459.48390102,-0.08988420,-0.09069596,1.04273009
1591242459.49618888,-0.08382165,-0.09658271,1.04525709
1591242459.50771809,-0.08264489,-0.09543711,1.05182719
1591242459.52028751,-0.08786959,-0.09618716,1.05182719
1591242459.53181362,-0.08842902,-0.09302779,1.05814469
1591242459.54410601,-0.08759096,-0.08913213,1.05081642
1591242459.55589271,-0.09312268,-0.08311728,1.04727864
1591242459.56818485,-0.09151818,-0.08318202,1.04399359
1591242459.57976174,-0.08893778,-0.09057770,1.04980564
1591242459.59234142,-0.08662285,-0.09815544,1.05587041
1591242459.60385561,-0.08961371,-0.10199194,1.06673634
1591242459.61615777,-0.08768189,-0.10131006,1.06799984
1591242459.62794256,-0.08584902,-0.10124649,1.06218779
1591242459.64022326,-0.08056030,-0.10169214,1.04727864
1591242459.65174532,-0.07222636,-0.10031934,1.04500437
1591242459.66434050,-0.07366320,-0.09873299,1.03413844
1591242459.67589951,-0.07344014,-0.09762384,1.03211689
1591242459.68819666,-0.07822380,-0.09991935,1.04222476
1591242459.69971323,-0.08314338,-0.09895559,1.04753137
1591242459.71228456,-0.08495296,-0.09751445,1.05789185
1591242459.72384286,-0.09028178,-0.09325956,1.06244051
1591242459.73615789,-0.09281284,-0.08933088,1.06825256
1591242459.74794030,-0.09454723,-0.08629399,1.07027400
1591242459.76023746,-0.09337416,-0.08722444,1.05612302
1591242459.77177000,-0.09252899,-0.08813789,1.05511224
1591242459.78413177,-0.09239492,-0.08283095,1.04197204
1591242459.79592133,-0.09265053,-0.08006676,1.04904747
1591242459.80822825,-0.09778392,-0.07918736,1.04171932
1591242459.81974196,-0.09540754,-0.07648449,1.04096127
1591242459.83231187,-0.10420790,-0.08043146,1.05132174
1591242459.84383059,-0.10681841,-0.07443950,1.05688119
1591242459.85642958,-0.10664932,-0.06771128,1.04879487
1591242459.86777687,-0.10915067,-0.06320192,1.04146659
1591242459.88032866,-0.11056996,-0.06027412,1.04550982
1591242459.89186358,-0.10915045,-0.06615363,1.05132174
1591242459.90423012,-0.10684559,-0.06967452,1.04930031
1591242459.91579962,-0.10079835,-0.07752408,1.04677331
1591242459.92809749,-0.09593382,-0.08385348,1.04298282
1591242459.93986464,-0.08827288,-0.09011413,1.04121399
1591242459.95223403,-0.08390728,-0.09387343,1.04601514
1591242459.96380091,-0.08235593,-0.09816463,1.04677331
1591242459.97610450,-0.08085349,-0.10489227,1.05561769
1591242459.98778272,-0.08272982,-0.11099717,1.06218779
1591242460.00012970,-0.08571245,-0.11116078,1.06522012
1591242460.01191497,-0.08502512,-0.10761964,1.06446207
1591242460.02422404,-0.08941828,-0.10747869,1.06648362
1591242460.03573251,-0.09116274,-0.10062374,1.05991352
1591242460.04828906,-0.09329964,-0.09579161,1.05839729
1591242460.05982304,-0.09275703,-0.09598708,1.05738652
1591242460.07218575,-0.08922382,-0.09671447,1.05233264
1591242460.08377147,-0.09200990,-0.10191932,1.05612302
1591242460.09632897,-0.09342189,-0.10026464,1.05789185
1591242460.10795355,-0.09882601,-0.10308301,1.05915534
1591242460.12028456,-0.09857891,-0.10120559,1.06142962
1591242460.13181329,-0.10250229,-0.09925999,1.06244051
1591242460.14410472,-0.10151802,-0.09914187,1.05561769
1591242460.15581608,-0.10206916,-0.09612358,1.04601514
1591242460.16827607,-0.10034434,-0.09877834,1.04424632
1591242460.17982435,-0.09956713,-0.09818286,1.04247737
1591242460.19230747,-0.10472419,-0.09295976,1.04298282
1591242460.20387006,-0.10546557,-0.09477806,1.04424632
1591242460.21617246,-0.10471052,-0.09524179,1.03893960
1591242460.22772098,-0.10545816,-0.09569632,1.04273009
1591242460.24029207,-0.10881564,-0.09244149,1.04727864
1591242460.25181842,-0.10629684,-0.09600072,1.05763924
1591242460.26410747,-0.10759302,-0.10285567,1.06420934
1591242460.27589965,-0.10531876,-0.10919696,1.07052684
1591242460.28827381,-0.10174401,-0.11508369,1.07305372
1591242460.29981089,-0.09926645,-0.11292914,1.06092429
1591242460.31210542,-0.09709004,-0.11092916,1.04702604
1591242460.32391262,-0.09169301,-0.10898815,1.04348826
1591242460.33620620,-0.09383901,-0.10390599,1.04197204
1591242460.34771991,-0.09873874,-0.09660998,1.04576254
1591242460.36029291,-0.10892913,-0.08920490,1.04753137
1591242460.37181377,-0.11620842,-0.08392850,1.05334342
1591242460.38411140,-0.12050753,-0.07511774,1.04702604
1591242460.39594603,-0.11986025,-0.07417017,1.03843427
1591242460.40829802,-0.11325631,-0.07560509,1.03363299
1591242460.41982436,-0.11435134,-0.08206064,1.03666532
1591242460.43218923,-0.11865011,-0.08284459,1.04222476
1591242460.44397449,-0.12839997,-0.08384669,1.05182719
1591242460.45626998,-0.13506752,-0.07875796,1.06067157
1591242460.46778297,-0.13902155,-0.07656637,1.06041896
1591242460.48014402,-0.14003785,-0.07321589,1.05662847
1591242460.49178648,-0.14183368,-0.07087429,1.05359614
1591242460.50421238,-0.14515516,-0.06530493,1.04904747
1591242460.51597476,-0.14383720,-0.06000143,1.04045582
1591242460.52811289,-0.14547177,-0.05711788,1.03186417
1591242460.53997159,-0.14027166,-0.05119745,1.02529407
1591242460.55211282,-0.14396355,-0.05135422,1.01922929
1591242460.56395960,-0.14384001,-0.04679718,1.01998746
1591242460.57630420,-0.14527079,-0.04852527,1.02958989
1591242460.58792639,-0.13979580,-0.04654846,1.04677331
1591242460.60015464,-0.13060655,-0.04860378,1.06244051
1591242460.61183333,-0.13131505,-0.05319836,1.07583344
1591242460.62420607,-0.13469660,-0.04975929,1.07937121
1591242460.63579249,-0.13894512,-0.04230512,1.08922637
1591242460.64815474,-0.15226592,-0.02865442,1.08290899
1591242460.65972614,-0.15408525,-0.00905266,1.08290899
1591242460.67231750,-0.17274712,0.00254956,1.08316159
1591242460.68388343,-0.18510684,0.01070587,1.08897364
1591242460.69625044,-0.19060132,0.01486414,1.08366704
1591242460.70780206,-0.19107431,0.01159889,1.08139277
1591242460.72015166,-0.18947443,0.00915851,1.07280099
1591242460.73195052,-0.18853304,0.01331335,1.07204294
1591242460.74425387,-0.18141589,0.00751905,1.07179034
1591242460.75577855,-0.16299495,-0.00744043,1.06648362
1591242460.76833463,-0.14878406,-0.02243740,1.05738652
1591242460.77984285,-0.13696548,-0.02888952,1.05587041
1591242460.79213166,-0.12795475,-0.03947263,1.05915534
1591242460.80397964,-0.12428748,-0.03390670,1.05915534
1591242460.81629562,-0.13237454,-0.02293845,1.06218779
1591242460.82782769,-0.13996862,-0.00559304,1.05915534
1591242460.84035707,-0.14833769,0.00942782,1.05435419
1591242460.85179615,-0.15642625,0.01757734,1.05132174
1591242460.86412764,-0.15720192,0.02298309,1.04980564
1591242460.87597346,-0.15434584,0.02328646,1.03969777
1591242460.88829446,-0.15469272,0.02578488,1.02478862
1591242460.89984941,-0.15473813,0.01753314,1.02074552
1591242460.91219044,-0.14677395,0.00517428,1.00760531
1591242460.92397547,-0.14238319,-0.00038138,0.99395967
1591242460.93626666,-0.14963305,-0.00389541,0.98284101
1591242460.94780135,-0.15393074,-0.00685392,0.98385179
1591242460.96014071,-0.15601560,-0.02101925,0.97728169
1591242460.97193480,-0.15619008,-0.04067212,0.97374392
1591242460.98423243,-0.15419456,-0.06567626,0.98865306
1591242460.99575996,-0.15242189,-0.08917351,1.00987959
1591242461.00818801,-0.15386733,-0.10859719,1.04550982
1591242461.01977873,-0.14284858,-0.11061540,1.05511224
1591242461.03235507,-0.15544982,-0.12595733,1.06142962
1591242461.04386711,-0.16467041,-0.12455726,1.05865002
1591242461.05618024,-0.14786825,-0.10836542,1.04121399
1591242461.06795526,-0.12230012,-0.10282443,1.01265919
1591242461.08027887,-0.11002821,-0.11961667,0.99951899
1591242461.09181833,-0.10052997,-0.12819923,0.98713684
1591242461.10416508,-0.06936447,-0.15898326,0.98309362
1591242461.11597896,-0.06276412,-0.16913852,0.98132479
1591242461.12829208,-0.07935557,-0.16644272,0.99623394
1591242461.13981700,-0.07023628,-0.16022368,1.03388572
1591242461.15218329,-0.07429905,-0.16889216,1.06016624
1591242461.16389918,-0.08217078,-0.18038806,1.09251142
1591242461.17627454,-0.09586965,-0.17445105,1.11222172
1591242461.18791080,-0.09174503,-0.17235960,1.14759922
1591242461.20024467,-0.10185146,-0.17449608,1.15012622
1591242461.21184731,-0.10298562,-0.16802749,1.14608312
1591242461.22417426,-0.09375654,-0.16138625,1.13420641
1591242461.23596072,-0.10405664,-0.15883170,1.11929727
1591242461.24833679,-0.10175655,-0.15370880,1.10312462
1591242461.25990391,-0.10708364,-0.15494968,1.11222172
1591242461.27222061,-0.11308303,-0.15338585,1.12030804
1591242461.28375363,-0.12027879,-0.15728149,1.12763619
1591242461.29632759,-0.12392596,-0.16351831,1.12738359
1591242461.30791855,-0.13354012,-0.16223651,1.11752832
1591242461.32022357,-0.14503723,-0.15773618,1.11752832
1591242461.33173871,-0.14958541,-0.15771335,1.12637269
1591242461.34429574,-0.14900839,-0.15778153,1.12763619
1591242461.35581756,-0.14130171,-0.14546694,1.13572252
1591242461.36812162,-0.13519844,-0.12210163,1.13824952
1591242461.37997627,-0.12817040,-0.09710447,1.13370097
1591242461.39227796,-0.12169519,-0.09789574,1.10666239
1591242461.40385270,-0.11300263,-0.13490769,1.08366704
1591242461.41623306,-0.09955029,-0.18385200,1.08720481
1591242461.42777872,-0.07552654,-0.23735559,1.10110307
1591242461.44034219,-0.05281770,-0.26954871,1.10464084
1591242461.45192099,-0.04471258,-0.27845410,1.08897364
1591242461.46423101,-0.05580052,-0.27100381,1.06673634
1591242461.47573996,-0.08257651,-0.25434348,1.07305372
1591242461.48831606,-0.10247337,-0.23450997,1.09933424
1591242461.49985170,-0.11729726,-0.23086847,1.12915242
1591242461.51236439,-0.13283122,-0.22735000,1.13344824
1591242461.52396727,-0.14613767,-0.20617601,1.11171639
1591242461.53628325,-0.15508988,-0.18705229,1.08164549
1591242461.54781127,-0.15791953,-0.18127033,1.05789185
1591242461.56017780,-0.15759866,-0.18677992,1.04879487
1591242461.57181168,-0.16033208,-0.19852155,1.05789185
1591242461.58412170,-0.16745366,-0.19108935,1.04525709
1591242461.59596348,-0.17945871,-0.17954779,1.03060067
1591242461.60828781,-0.17644303,-0.14183208,0.98031402
1591242461.61992478,-0.15594560,-0.11685807,0.93912441
1591242461.63231087,-0.13418874,-0.11742200,0.91713983
1591242461.64385366,-0.11154719,-0.15624748,0.91385478
1591242461.65614104,-0.09064144,-0.24237147,0.93457592
1591242461.66792536,-0.08532750,-0.31751704,0.98814762
1591242461.68022919,-0.10457902,-0.35375056,1.06193507
1591242461.69177961,-0.14611739,-0.35441363,1.12056077
1591242461.70433784,-0.17759708,-0.31034234,1.11929727
1591242461.71591973,-0.18687338,-0.27034906,1.08240354
1591242461.72824502,-0.18862608,-0.24925275,1.02504134
1591242461.73975754,-0.18625383,-0.22932459,0.98006129
1591242461.75232077,-0.17890894,-0.23572072,0.95959288
1591242461.76384306,-0.17354898,-0.25967690,0.96338338
1591242461.77614379,-0.17293346,-0.27655065,0.97955596
1591242461.78792524,-0.16599107,-0.28403279,0.99775004
1591242461.80022192,-0.16301918,-0.29280147,1.00735259
1591242461.81174088,-0.16684274,-0.29181045,1.01215386
1591242461.82435775,-0.17279641,-0.28096423,1.01038492
1591242461.83599925,-0.17274132,-0.26991352,1.00482559
1591242461.84822726,-0.18820769,-0.25425786,1.00659442
1591242461.85994267,-0.19915973,-0.24322966,1.01998746
1591242461.87226987,-0.20163336,-0.23531091,1.02150357
1591242461.88387513,-0.20093437,-0.23527442,1.03009522
1591242461.89619780,-0.18706918,-0.23898840,1.02478862
1591242461.90805602,-0.17184436,-0.24196593,1.01973474
1591242461.92011642,-0.16242208,-0.24786647,1.00861609
1591242461.93191314,-0.15385404,-0.25828999,1.00255132
1591242461.94426751,-0.14190283,-0.25757626,1.00785792
1591242461.95581436,-0.12917849,-0.24168421,1.00987959
1591242461.96811700,-0.13508931,-0.21885540,1.00381482
1591242461.97991681,-0.15334466,-0.19719028,1.00078249
1591242461.99226642,-0.14116389,-0.16485177,0.98991644
1591242462.00378513,-0.14182365,-0.17182468,1.01720774
1591242462.01633334,-0.13510945,-0.20230368,1.05384874
1591242462.02793026,-0.11224595,-0.26282123,1.08189809
1591242462.04036474,-0.09077814,-0.32868478,1.09781802
1591242462.05190945,-0.09007672,-0.38055193,1.10918939
1591242462.06427050,-0.08726573,-0.39749858,1.10817862
1591242462.07578349,-0.09981766,-0.39022526,1.11702299
1591242462.08833599,-0.11911251,-0.36123684,1.11727571
1591242462.09986830,-0.14926784,-0.31263357,1.10615706
1591242462.11217332,-0.16896121,-0.26290765,1.07886577
1591242462.12394953,-0.17882800,-0.25608441,1.08215082
1591242462.13623786,-0.17088336,-0.26596683,1.08922637
1591242462.14775014,-0.16446775,-0.29045492,1.08897364
1591242462.16031337,-0.16273183,-0.29683709,1.09604919
1591242462.17203140,-0.16903368,-0.31021976,1.10312462
1591242462.18430591,-0.17307313,-0.30178291,1.09503829
1591242462.19586253,-0.16954377,-0.28590909,1.09276402
1591242462.20818329,-0.18046308,-0.26837173,1.07355917
1591242462.21977711,-0.18955642,-0.24581577,1.05865002
1591242462.23220277,-0.19820893,-0.22753736,1.04424632
1591242462.24373627,-0.21107660,-0.20569961,1.03338039
1591242462.25630236,-0.21429798,-0.18355727,1.02150357
1591242462.26786852,-0.22108951,-0.16607428,1.01720774
1591242462.28024960,-0.21816078,-0.14602737,1.02099824
1591242462.29182601,-0.22464892,-0.16033734,1.03135872
1591242462.30416822,-0.22701213,-0.16730137,1.03995049
1591242462.31597972,-0.22618377,-0.16191450,1.05132174
1591242462.32837820,-0.23327230,-0.17003302,1.07204294
1591242462.33995628,-0.23344618,-0.15754578,1.07229567
1591242462.35232401,-0.22856274,-0.15549110,1.07128489
1591242462.36389494,-0.21365714,-0.14847681,1.08493042
1591242462.37625360,-0.21186471,-0.13899438,1.08063471
1591242462.38782620,-0.20957917,-0.13236663,1.08290899
1591242462.40026855,-0.20949069,-0.13777617,1.07659149
1591242462.41183162,-0.20237100,-0.14935893,1.06420934
1591242462.42420888,-0.18261196,-0.15444569,1.06117702
1591242462.43583727,-0.16943154,-0.16730550,1.07709694
1591242462.44822931,-0.17567691,-0.16717359,1.08391964
1591242462.45978618,-0.19060637,-0.15247694,1.09882879
1591242462.47213602,-0.22080827,-0.11774717,1.10388267
1591242462.48397326,-0.22326271,-0.07974655,1.10590434
1591242462.49656892,-0.21212932,-0.04010673,1.09781802
1591242462.50802588,-0.21205409,-0.02082535,1.09478569
1591242462.52026033,-0.22395660,-0.02915889,1.09225869
1591242462.53190136,-0.22464110,-0.04120421,1.09124792
1591242462.54428482,-0.20800105,-0.05920401,1.08846819
1591242462.55587292,-0.19087113,-0.08128028,1.08947909
1591242462.56823707,-0.18732643,-0.07580294,1.08215082
1591242462.57980943,-0.18843199,-0.05752366,1.08872092
1591242462.59224319,-0.18658288,-0.05576151,1.08745742
1591242462.60381007,-0.18117353,-0.07678463,1.10034502
1591242462.61623287,-0.14571387,-0.11187850,1.11095822
1591242462.62781835,-0.10097114,-0.14562643,1.10160851
1591242462.64028549,-0.08019540,-0.17894281,1.06572556
1591242462.65187645,-0.09703843,-0.18563034,1.00432026
1591242462.66423631,-0.13976374,-0.14069566,0.97778702
1591242462.67579651,-0.20437512,-0.07020272,1.01872396
1591242462.68814611,-0.28104436,0.01076041,1.08796287
1591242462.69997025,-0.32311252,0.09584090,1.15265322
1591242462.71231675,-0.36877641,0.13117224,1.22441924
1591242462.72388196,-0.39332569,0.14001694,1.26232374
1591242462.73627710,-0.38251290,0.13654032,1.27293694
1591242462.74784780,-0.36610997,0.11013874,1.28683519
1591242462.76019645,-0.33321959,0.08361800,1.26257634
1591242462.77190614,-0.31689724,0.03703196,1.22896767
1591242462.78424668,-0.29914927,0.01893678,1.21001542
1591242462.79578280,-0.26951095,0.02057983,1.15265322
1591242462.80833602,-0.26585847,0.00164969,1.09983957
1591242462.81985426,-0.26281089,0.02997709,1.06370389
1591242462.83244038,-0.26201248,0.06175714,1.04879487
1591242462.84393334,-0.26626629,0.06366922,1.06269312
1591242462.85630369,-0.26428473,0.07400014,1.05511224
1591242462.86784911,-0.25836658,0.06564617,1.04399359
1591242462.88019919,-0.25650424,0.09854081,1.01291192
1591242462.89175844,-0.25959420,0.11656459,0.98385179
1591242462.90413642,-0.25809839,0.12578791,0.92952198
1591242462.91599274,-0.24810755,0.13183458,0.88024610
1591242462.92830324,-0.21908820,0.14074098,0.81833535
1591242462.93984890,-0.21642493,0.14162733,0.76602709
1591242462.95218158,-0.22659829,0.16109623,0.74606407
1591242462.96397066,-0.23501380,0.18462789,0.74050474
1591242462.97627401,-0.24818268,0.17723152,0.77891469
1591242462.98778987,-0.24160080,0.14490609,0.80393165
1591242463.00035214,-0.21180794,0.09289366,0.83501339
1591242463.01193070,-0.17638883,0.05302199,0.86533695
1591242463.02424550,-0.14680521,0.01649395,0.90096724
1591242463.03582597,-0.12181326,-0.00792059,0.93634480
1591242463.04813361,-0.11831290,0.00003114,0.96388870
1591242463.05992985,-0.13427258,0.03582273,0.99572849
1591242463.07222962,-0.15597025,0.07233360,1.00078249
1591242463.08374953,-0.15680185,0.06930014,0.99421227
1591242463.09631991,-0.13811654,0.06279360,0.95782399
1591242463.10785770,-0.11349522,0.05852295,0.93381780
1591242463.12019682,-0.08779046,0.05179820,0.91941404
1591242463.13179016,-0.06675188,0.05336611,0.90829539
1591242463.14416671,-0.04677053,0.06219735,0.89262825
1591242463.15597177,-0.03948962,0.07652634,0.87822449
1591242463.16844130,-0.03170077,0.08220147,0.84031999
1591242463.17993021,-0.00688098,0.04317873,0.79660344
1591242463.19227600,0.04804508,-0.06482007,0.77992541
1591242463.20388174,0.13428091,-0.19486529,0.78624290
1591242463.21620631,0.20307237,-0.28392592,0.80115205
1591242463.22800684,0.19338804,-0.33792004,0.85194403
1591242463.24036264,0.12044083,-0.28642973,0.87999338
1591242463.25200462,0.02102857,-0.16514347,0.92118299
1591242463.26413727,-0.06469782,-0.04688217,0.95428622
1591242463.27592850,-0.12203889,0.01269336,0.96692115
1591242463.28826284,-0.13422079,0.02364461,0.95681316
1591242463.29979420,-0.11998197,-0.02564104,0.97323859
1591242463.31235552,-0.09442939,-0.09395126,0.99648654
1591242463.32387638,-0.08427909,-0.14124976,1.02049279
1591242463.33619642,-0.07385202,-0.15515532,1.01872396
1591242463.34798479,-0.08671197,-0.14924558,1.03893960
1591242463.36030960,-0.11639777,-0.14925873,1.08088732
1591242463.37184334,-0.13740090,-0.12964797,1.10666239
1591242463.38415074,-0.15699984,-0.12008832,1.09630179
1591242463.39592981,-0.15238747,-0.10931046,1.08189809
1591242463.40824103,-0.14906797,-0.08862536,1.07760227
1591242463.41977167,-0.16832811,-0.08583732,1.08872092
1591242463.43233490,-0.18714510,-0.07991695,1.10009229
1591242463.44393563,-0.20176896,-0.06661738,1.11373794
1591242463.45623946,-0.22180080,-0.05865197,1.12308776
1591242463.46775889,-0.23477572,-0.06599368,1.12460387
1591242463.48024964,-0.22390664,-0.07006337,1.13723874
1591242463.49180317,-0.21805826,-0.08108279,1.14861012
1591242463.50422812,-0.22100577,-0.08703054,1.17362714
1591242463.51592159,-0.23559664,-0.08550029,1.21254230
