1591242425.85947990,-0.30252850,-0.01898800,1.02933717
1591242425.87174702,-0.29440171,-0.02134316,1.01468074
1591242425.88355112,-0.28501841,-0.03054926,1.01038492
1591242425.89592004,-0.28002894,-0.03319418,1.00558376
1591242425.90733242,-0.26722002,-0.04761177,1.01265919
1591242425.91976380,-0.24855182,-0.06674317,1.01291192
1591242425.93130398,-0.22747305,-0.08252758,1.03186417
1591242425.94387507,-0.20190242,-0.08422498,1.03641272
1591242425.95539403,-0.18235314,-0.07771154,1.04576254
1591242425.96772099,-0.19250628,-0.07987587,1.04550982
1591242425.97950196,-0.19023766,-0.07600050,1.04096127
1591242425.99183035,-0.18106198,-0.08757203,1.03565466
1591242426.00350714,-0.15580228,-0.10389712,1.02327251
1591242426.01582479,-0.11606449,-0.12725355,1.00204599
1591242426.02734995,-0.08450711,-0.13579994,0.97045887
1591242426.03973913,-0.08265612,-0.11920826,0.93634480
1591242426.05153632,-0.08134735,-0.08224229,0.91385478
1591242426.06387448,-0.08646012,-0.04861346,0.89667135
1591242426.07540321,-0.09379974,-0.04644570,0.89237553
1591242426.08772469,-0.07527206,-0.07686237,0.89995646
1591242426.09930658,-0.03507809,-0.11557660,0.90147263
1591242426.11188674,-0.00267787,-0.14777416,0.91436011
1591242426.12342429,0.02122389,-0.16300224,0.93710291
1591242426.13574123,0.03112368,-0.16003373,0.94695801
1591242426.14759040,0.04816702,-0.15260139,0.94822156
1591242426.15990329,0.04097521,-0.11935380,0.92977470
1591242426.17143059,0.05000313,-0.08868821,0.91284394
1591242426.18373752,0.04821616,-0.07227464,0.89566058
1591242426.19551563,0.05307157,-0.06562138,0.87999338
1591242426.20794797,0.04433087,-0.05992594,0.88656348
1591242426.21947408,0.02748635,-0.07025355,0.92547882
1591242426.23192596,0.02277442,-0.07771809,0.96515220
1591242426.24349308,0.01595932,-0.08914639,0.99547577
1591242426.25582266,0.01750667,-0.09278268,1.02579951
1591242426.26734543,-0.00069789,-0.09508705,1.05460691
1591242426.27973914,-0.01420284,-0.10896945,1.08947909
1591242426.29154468,-0.03497137,-0.10162778,1.11095822
1591242426.30393934,-0.04073265,-0.10999188,1.12232959
1591242426.31548476,-0.05626651,-0.11770152,1.12157154
1591242426.32779288,-0.07242686,-0.12330210,1.10489357
1591242426.33940148,-0.07276464,-0.13063902,1.10186124
1591242426.35176682,-0.08534048,-0.11892909,1.10261929
1591242426.36331916,-0.08733781,-0.11090110,1.11601222
1591242426.37587690,-0.11536586,-0.11696938,1.14507234
1591242426.38740969,-0.15421179,-0.09815861,1.17640674
1591242426.39981699,-0.18441120,-0.06036665,1.20420337
1591242426.41147351,-0.21489581,-0.02566912,1.22492456
1591242426.42383003,-0.23078012,-0.01562453,1.22265017
1591242426.43534923,-0.24589355,-0.00728077,1.22947311
1591242426.44793701,-0.25536656,-0.00272715,1.23477972
1591242426.45947170,-0.24918151,-0.00367129,1.23882282
1591242426.47176671,-0.24090257,-0.01800365,1.23983359
1591242426.48355961,-0.23218016,-0.02790169,1.24387681
1591242426.49587417,-0.23076761,-0.03919032,1.23781204
1591242426.50751376,-0.23543477,-0.03250979,1.22163951
1591242426.51983953,-0.23903608,-0.01634019,1.19106317
1591242426.53138161,-0.23086783,-0.00909038,1.15088439
1591242426.54376554,-0.21468276,-0.01326212,1.10261929
1591242426.55553913,-0.19113383,-0.01654093,1.08265615
1591242426.56784272,-0.18415111,-0.01804746,1.08366704
1591242426.57935190,-0.18342635,-0.02396104,1.08114004
1591242426.59191608,-0.18955696,-0.01739642,1.07608604
1591242426.60346723,-0.19708088,-0.00385143,1.08518314
1591242426.61580443,-0.20294005,0.00880737,1.09276402
1591242426.62734628,-0.21639797,0.00725994,1.09453297
1591242426.63985181,-0.19350818,-0.01751235,1.08720481
1591242426.65141320,-0.18016863,-0.04415587,1.08316159
1591242426.66372418,-0.16308568,-0.08211877,1.09604919
1591242426.67552280,-0.13977249,-0.08377521,1.08189809
1591242426.68784475,-0.13010882,-0.08287540,1.08316159
1591242426.69937468,-0.13924226,-0.07775946,1.10944211
1591242426.71174860,-0.15232632,-0.06959300,1.13749135
1591242426.72335863,-0.15352437,-0.05422112,1.14861012
1591242426.73592901,-0.16377097,-0.05286457,1.15037894
1591242426.74749994,-0.16906489,-0.05712856,1.17110002
1591242426.75982141,-0.16476849,-0.04848136,1.14987350
1591242426.77141762,-0.14824750,-0.06145712,1.13471174
1591242426.78373456,-0.13316713,-0.08407871,1.12788892
1591242426.79535460,-0.11491462,-0.09965491,1.11146367
1591242426.80793667,-0.10497611,-0.11508782,1.11020017
1591242426.81947136,-0.07356973,-0.13070719,1.10312462
1591242426.83190989,-0.06429318,-0.15175432,1.08543587
1591242426.84355569,-0.05230583,-0.17066021,1.08366704
1591242426.85591173,-0.03319866,-0.16321898,1.06623089
1591242426.86755753,-0.04099651,-0.16751921,1.07179034
1591242426.87992930,-0.05170677,-0.16472368,1.06168246
1591242426.89149737,-0.07092255,-0.14965001,1.05106914
1591242426.90384698,-0.08252233,-0.12706219,1.04020309
1591242426.91546512,-0.07426644,-0.11575243,1.02984262
1591242426.92784286,-0.07656536,-0.12424381,1.03893960
1591242426.93940663,-0.08047845,-0.12826677,1.04399359
1591242426.95175552,-0.07505546,-0.13570373,1.03818166
1591242426.96339965,-0.06602369,-0.14255439,1.02150357
1591242426.97574711,-0.05980923,-0.14023623,1.00634181
1591242426.98756552,-0.06373347,-0.13628589,1.01190114
1591242426.99992228,-0.06755470,-0.13778599,1.01190114
1591242427.01160073,-0.05827766,-0.14478189,1.01644969
1591242427.02372909,-0.04660258,-0.16011491,1.00406754
1591242427.03558421,-0.03941501,-0.17383417,0.99421227
1591242427.04793620,-0.04389397,-0.17269316,0.99623394
1591242427.05949998,-0.05976835,-0.15773745,1.00634181
1591242427.07185173,-0.06672153,-0.15140964,1.01417542
1591242427.08341384,-0.07207314,-0.15274139,1.02958989
1591242427.09577656,-0.07823184,-0.16255088,1.05384874
1591242427.10736060,-0.08637951,-0.15914592,1.06951594
1591242427.11985517,-0.10057094,-0.15013149,1.08316159
1591242427.13144779,-0.12054484,-0.13187547,1.10160851
1591242427.14379811,-0.13865513,-0.11678341,1.10918939
1591242427.15535522,-0.14292014,-0.10557352,1.10994744
1591242427.16771603,-0.13662645,-0.09967774,1.10261929
1591242427.17935920,-0.14625369,-0.09970516,1.08922637
1591242427.19171762,-0.14914729,-0.09654149,1.07229567
1591242427.20354986,-0.13942361,-0.08654614,1.04803681
1591242427.21589804,-0.12791657,-0.08956415,1.03565466
1591242427.22755361,-0.11942112,-0.09596916,1.03388572
1591242427.23972297,-0.11755802,-0.10551994,1.02554679
1591242427.25155115,-0.11266401,-0.11357947,1.03590727
1591242427.26391602,-0.11253641,-0.10508332,1.04525709
1591242427.27547407,-0.11899627,-0.09504171,1.04449904
1591242427.28780293,-0.11375738,-0.09018689,1.03792882
1591242427.29937100,-0.10159505,-0.09601927,1.02554679
1591242427.31179476,-0.08828688,-0.11182491,1.02655756
1591242427.32341790,-0.07831830,-0.12073009,1.02478862
1591242427.33577871,-0.06986678,-0.12481219,1.02630484
1591242427.34735298,-0.06276719,-0.12908515,1.03135872
1591242427.35987568,-0.06204469,-0.13835847,1.03641272
1591242427.37146497,-0.06113043,-0.14351784,1.04399359
1591242427.38391304,-0.06493063,-0.14440425,1.04652059
1591242427.39548993,-0.06797837,-0.15089107,1.04626787
1591242427.40784097,-0.07848079,-0.14895450,1.05207992
1591242427.41957021,-0.08401749,-0.14881340,1.06799984
1591242427.43175507,-0.10036342,-0.14040808,1.08366704
1591242427.44331908,-0.12282255,-0.12305668,1.10034502
1591242427.45588470,-0.13865438,-0.09986418,1.09680724
1591242427.46739745,-0.15067777,-0.08376843,1.09074247
1591242427.47980618,-0.15457359,-0.07323300,1.07937121
1591242427.49132729,-0.15656900,-0.06945985,1.06774712
1591242427.50388336,-0.15328814,-0.07239787,1.05940819
1591242427.51542330,-0.14164609,-0.07531205,1.05511224
1591242427.52778268,-0.13301715,-0.08112676,1.04626787
1591242427.53932214,-0.12745732,-0.08850938,1.04854214
1591242427.55189610,-0.12376569,-0.09629624,1.05384874
1591242427.56349754,-0.12345600,-0.09896447,1.06623089
1591242427.57580376,-0.12706280,-0.10464209,1.06951594
1591242427.58757877,-0.12983072,-0.10418296,1.07027400
1591242427.59970546,-0.12736453,-0.10501942,1.06724167
1591242427.61148691,-0.12366664,-0.10800600,1.06698906
1591242427.62393117,-0.11488283,-0.11119725,1.05662847
1591242427.63546276,-0.11121850,-0.11823404,1.06193507
1591242427.64777064,-0.10823191,-0.11651120,1.06244051
1591242427.65956616,-0.10666667,-0.11490202,1.06041896
1591242427.67189479,-0.11182770,-0.11123815,1.05738652
1591242427.68354201,-0.11136361,-0.10549694,1.04828942
1591242427.69586754,-0.11267155,-0.09651914,1.03944504
1591242427.70738935,-0.11098802,-0.08964612,1.02327251
1591242427.71984863,-0.11272383,-0.08314785,1.01644969
1591242427.73153162,-0.11228614,-0.08260590,1.01089036
1591242427.74392843,-0.10834457,-0.08246271,0.99926627
1591242427.75547147,-0.10865366,-0.08085054,1.00078249
1591242427.76778507,-0.11238961,-0.08035976,1.00962687
1591242427.77956820,-0.11470690,-0.08596322,1.02377784
1591242427.79188514,-0.12441324,-0.08708803,1.03565466
1591242427.80340552,-0.13540438,-0.08588153,1.05814469
1591242427.81571722,-0.13864930,-0.07705377,1.06496739
1591242427.82754874,-0.14194132,-0.07690722,1.06673634
1591242427.83991170,-0.14188534,-0.07880230,1.06597829
1591242427.85153055,-0.14125998,-0.07900681,1.06976867
1591242427.86384034,-0.13629353,-0.08006682,1.06698906
1591242427.87536359,-0.13505074,-0.07945669,1.06016624
1591242427.88792062,-0.12392092,-0.08443975,1.05384874
1591242427.89944625,-0.11242192,-0.09408239,1.05915534
1591242427.91174412,-0.11186224,-0.09287335,1.04601514
1591242427.92335081,-0.10880423,-0.09561452,1.04121399
1591242427.93570757,-0.09786740,-0.09303252,1.03969777
1591242427.94755745,-0.10181830,-0.10086933,1.05056381
1591242427.95984626,-0.09611982,-0.10761948,1.07836044
1591242427.97136021,-0.11075682,-0.09959181,1.06395662
1591242427.98391891,-0.10664408,-0.09512796,1.05536497
1591242427.99544859,-0.10444240,-0.08762663,1.05460691
1591242428.00773478,-0.11832923,-0.07849885,1.03792882
1591242428.01951861,-0.11461855,-0.07730935,1.04727864
1591242428.03177905,-0.11462264,-0.08133471,1.05460691
1591242428.04332447,-0.11466605,-0.08972745,1.06648362
1591242428.05589986,-0.10945607,-0.09946893,1.07558072
1591242428.06742239,-0.10634884,-0.10391931,1.07002139
1591242428.07981157,-0.10653707,-0.10753323,1.06749439
1591242428.09158111,-0.11322070,-0.10402839,1.07204294
1591242428.10388756,-0.12025357,-0.09852341,1.07659149
1591242428.11541200,-0.12030736,-0.09243214,1.07027400
1591242428.12771249,-0.11867213,-0.09393685,1.06572556
1591242428.13956165,-0.12123923,-0.09875536,1.06698906
1591242428.15188384,-0.12190299,-0.09642339,1.06547284
1591242428.16339970,-0.12773602,-0.09175041,1.05763924
1591242428.17596269,-0.13178931,-0.08659388,1.05789185
1591242428.18756890,-0.13417292,-0.08198231,1.05763924
1591242428.19988632,-0.12836269,-0.08308323,1.05561769
1591242428.21142554,-0.11790854,-0.09487334,1.05991352
1591242428.22375011,-0.13678366,-0.09275064,1.04374087
1591242428.23552585,-0.11713871,-0.08865952,1.03742349
1591242428.24782181,-0.12148348,-0.08547243,1.03262222
1591242428.25936079,-0.12583715,-0.08653587,1.03439116
1591242428.27192140,-0.12249334,-0.08595985,1.03717077
1591242428.28346705,-0.11809511,-0.08930494,1.04475176
1591242428.29578590,-0.11830238,-0.09936002,1.05966079
1591242428.30758238,-0.11976635,-0.10327390,1.06269312
1591242428.31973863,-0.12165183,-0.10296474,1.06623089
1591242428.33153248,-0.11961567,-0.09910540,1.06420934
1591242428.34390712,-0.11960657,-0.09700538,1.05309069
1591242428.35543966,-0.11730818,-0.09490077,1.04652059
1591242428.36773849,-0.11278705,-0.09215517,1.04197204
1591242428.37952638,-0.11148682,-0.09606904,1.04500437
1591242428.39183784,-0.10903996,-0.09685096,1.04096127
1591242428.40335345,-0.10569874,-0.09691913,1.04222476
1591242428.41591620,-0.11144161,-0.09317347,1.03767622
1591242428.42752767,-0.10948081,-0.08688694,1.03641272
1591242428.43982244,-0.10229868,-0.08687331,1.03615999
1591242428.45140886,-0.09808438,-0.09454627,1.03995049
1591242428.46371579,-0.09405495,-0.09499620,1.04828942
1591242428.47549200,-0.09792433,-0.09095947,1.05688119
1591242428.48779058,-0.10125804,-0.08290940,1.05688119
1591242428.49958086,-0.10557036,-0.07918400,1.05511224
1591242428.51189446,-0.10958153,-0.07661405,1.05233264
1591242428.52343273,-0.11063007,-0.07699239,1.05485952
1591242428.53578162,-0.10847907,-0.08042468,1.06016624
1591242428.54750729,-0.11229104,-0.08427957,1.05536497
1591242428.55983996,-0.11233992,-0.08305595,1.05511224
1591242428.57137346,-0.11034104,-0.08540775,1.05384874
1591242428.58393884,-0.10542921,-0.09196413,1.05233264
1591242428.59545708,-0.10207827,-0.09822361,1.05713379
1591242428.60776687,-0.11319936,-0.10521030,1.07077944
1591242428.61955500,-0.09776733,-0.09666881,1.07002139
1591242428.63199258,-0.12536874,-0.10406929,1.07280099
1591242428.64338756,-0.12033463,-0.09784612,1.07330644
1591242428.65571523,-0.11934356,-0.09505503,1.07254839
1591242428.66753745,-0.11423998,-0.09833252,1.07305372
1591242428.67983150,-0.10587007,-0.12287514,1.07381177
1591242428.69142914,-0.12511922,-0.11509289,1.06395662
1591242428.70374703,-0.12215433,-0.10187842,1.05536497
1591242428.71556616,-0.10393983,-0.09765096,1.04652059
1591242428.72797155,-0.11088271,-0.10271963,1.03388572
1591242428.73944497,-0.11562398,-0.09778303,1.02579951
1591242428.75182414,-0.10423447,-0.08652560,1.02074552
1591242428.76336074,-0.10383486,-0.09571472,1.02453601
1591242428.77591634,-0.10988821,-0.10475609,1.03919232
1591242428.78752613,-0.10816550,-0.09630543,1.04475176
1591242428.79986167,-0.10649761,-0.09453706,1.04904747
1591242428.81138492,-0.10995712,-0.09738271,1.05081642
1591242428.82377172,-0.11198196,-0.09443703,1.05182719
1591242428.83557343,-0.11353046,-0.08772206,1.05637574
1591242428.84789991,-0.11585582,-0.08566338,1.05410147
1591242428.85942316,-0.11692305,-0.08282074,1.04626787
1591242428.87176299,-0.11461508,-0.08678471,1.04348826
1591242428.88355589,-0.10949361,-0.09421429,1.05233264
1591242428.89584303,-0.10352770,-0.10599238,1.05283797
1591242428.90738273,-0.10143714,-0.11181556,1.04955292
1591242428.91979384,-0.10237990,-0.10857897,1.04980564
1591242428.93157125,-0.10166331,-0.10075121,1.04374087
1591242428.94388580,-0.10363121,-0.10222864,1.03868699
1591242428.95545530,-0.10330302,-0.10719253,1.04727864
1591242428.96777225,-0.09870820,-0.11037000,1.05056381
1591242428.97955918,-0.10182820,-0.11137450,1.05991352
1591242428.99186039,-0.10592817,-0.11038347,1.06471479
1591242429.00339985,-0.10869100,-0.10791959,1.07002139
1591242429.01595402,-0.11165881,-0.10991974,1.07002139
1591242429.02753878,-0.11042687,-0.10770145,1.06597829
1591242429.03985763,-0.10559945,-0.10661054,1.05966079
1591242429.05141830,-0.10596658,-0.10590598,1.05587041
1591242429.06375051,-0.10255171,-0.10338312,1.05081642
1591242429.07553506,-0.10491556,-0.09824184,1.05283797
1591242429.08782744,-0.10253556,-0.09659176,1.05005836
1591242429.09945798,-0.10410506,-0.09796456,1.05233264
1591242429.11178350,-0.10323682,-0.09986925,1.05056381
1591242429.12357259,-0.10098791,-0.10042381,1.05157447
1591242429.13587475,-0.09754686,-0.10144657,1.05662847
1591242429.14738846,-0.10227251,-0.09845538,1.06142962
1591242429.15983415,-0.10851366,-0.09239583,1.06496739
1591242429.17137790,-0.11152978,-0.08595313,1.06395662
1591242429.18393373,-0.11481214,-0.08583384,1.06623089
1591242429.19545269,-0.11556382,-0.08844127,1.06522012
1591242429.20776772,-0.11604019,-0.09042296,1.06547284
1591242429.21957111,-0.11442146,-0.09075938,1.06244051
1591242429.23191619,-0.11492652,-0.09111848,1.06446207
1591242429.24351335,-0.11847820,-0.09425947,1.07633877
1591242429.25589967,-0.11771718,-0.09429134,1.07229567
1591242429.26752996,-0.11553965,-0.09419590,1.07052684
1591242429.27989626,-0.11384040,-0.10159639,1.07330644
1591242429.29146385,-0.11168730,-0.10580118,1.07709694
1591242429.30381465,-0.11017890,-0.10974692,1.07608604
1591242429.31539679,-0.11284328,-0.10835145,1.06875789
1591242429.32775211,-0.11310972,-0.11017434,1.06547284
1591242429.33958316,-0.10546121,-0.10969254,1.06117702
1591242429.35195208,-0.10783381,-0.10991085,1.05132174
1591242429.36357331,-0.10411237,-0.10702431,1.04879487
1591242429.37594724,-0.10212939,-0.10301499,1.04399359
1591242429.38756990,-0.10467380,-0.09803748,1.03514922
1591242429.39994884,-0.10353252,-0.10127866,1.03034794
1591242429.41153860,-0.09785054,-0.10216047,1.03742349
1591242429.42389154,-0.10047174,-0.09909208,1.03615999
1591242429.43545723,-0.10007929,-0.09941931,1.04222476
1591242429.44779801,-0.10848800,-0.09527810,1.04424632
1591242429.45934749,-0.10794488,-0.09143683,1.05182719
1591242429.47195673,-0.10323260,-0.09394160,1.04727864
1591242429.48353744,-0.10833783,-0.09749638,1.04828942
1591242429.49589324,-0.10273319,-0.09816003,1.05132174
1591242429.50740695,-0.09760915,-0.10104656,1.05384874
1591242429.51980948,-0.09818672,-0.10120115,1.05207992
1591242429.53134608,-0.09671533,-0.09820554,1.04753137
1591242429.54390550,-0.09800677,-0.09274605,1.04828942
1591242429.55542636,-0.09567393,-0.09667815,1.04702604
1591242429.56778574,-0.08988154,-0.10392867,1.04702604
1591242429.57938027,-0.08645979,-0.11106090,1.05410147
1591242429.59194303,-0.08190704,-0.11781582,1.06345129
1591242429.60346127,-0.08021298,-0.11724301,1.06673634
1591242429.61575580,-0.08013558,-0.12127516,1.06269312
1591242429.62754059,-0.07823874,-0.12094334,1.06117702
1591242429.63982582,-0.07615049,-0.12149347,1.05283797
1591242429.65141106,-0.07713763,-0.11656129,1.05410147
1591242429.66382146,-0.08368472,-0.11445667,1.04753137
1591242429.67553663,-0.08497158,-0.11102919,1.04424632
1591242429.68783545,-0.08498918,-0.11647046,1.04778409
1591242429.69957232,-0.08859345,-0.11923872,1.05738652
1591242429.71191192,-0.09199182,-0.12292984,1.06092429
1591242429.72342825,-0.09569283,-0.11926138,1.06244051
1591242429.73576617,-0.09962448,-0.11247461,1.05713379
1591242429.74760437,-0.10072903,-0.11202911,1.05814469
1591242429.75996614,-0.10142669,-0.10578771,1.06294584
1591242429.77160811,-0.10115542,-0.10397846,1.06648362
1591242429.78375769,-0.10223867,-0.09620079,1.05207992
1591242429.79554558,-0.10210700,-0.09142335,1.03767622
1591242429.80787587,-0.09970649,-0.09319630,1.02883184
1591242429.81951070,-0.09585392,-0.09426914,1.02554679
1591242429.83179927,-0.09139164,-0.09830113,1.03540194
1591242429.84359121,-0.08931249,-0.10095128,1.03818166
1591242429.85591936,-0.08927321,-0.10700165,1.04374087
1591242429.86757565,-0.08659910,-0.11223838,1.04348826
1591242429.87993526,-0.08224086,-0.11889341,1.04171932
1591242429.89152145,-0.08852830,-0.12233897,1.05460691
1591242429.90383434,-0.08832073,-0.11877958,1.05814469
1591242429.91537428,-0.09279130,-0.11460648,1.06420934
1591242429.92794752,-0.09538148,-0.11274730,1.06218779
1591242429.93946743,-0.09288824,-0.11635217,1.05485952
1591242429.95176482,-0.08992609,-0.11657952,1.04980564
1591242429.96357489,-0.08812907,-0.11764318,1.05561769
1591242429.97573400,-0.09295453,-0.11369742,1.05662847
1591242429.98759604,-0.09295767,-0.11301553,1.05789185
1591242429.99992585,-0.08924446,-0.11145186,1.05207992
1591242430.01145244,-0.08766528,-0.10775629,1.03919232
1591242430.02377033,-0.08631418,-0.10419707,1.02883184
1591242430.03554678,-0.08547098,-0.10446073,1.02908444
1591242430.04783416,-0.08625247,-0.10481982,1.03110611
1591242430.05937290,-0.08982631,-0.10902002,1.03944504
1591242430.07194376,-0.09140980,-0.10631517,1.04955292
1591242430.08347464,-0.09215863,-0.10105117,1.04930031
1591242430.09578156,-0.09294808,-0.09836471,1.04121399
1591242430.10756755,-0.09495014,-0.09795107,1.03818166
1591242430.11991525,-0.09503351,-0.09670083,1.05207992
1591242430.13144326,-0.09014947,-0.10058744,1.05460691
1591242430.14375877,-0.09229913,-0.10121019,1.05688119
1591242430.15554285,-0.10011606,-0.09515966,1.06522012
1591242430.16783762,-0.10121665,-0.09315492,1.06976867
1591242430.17943144,-0.10099485,-0.09165482,1.06976867
1591242430.19173956,-0.10512944,-0.08629057,1.06572556
1591242430.20352125,-0.10746223,-0.08542487,1.07659149
1591242430.21582556,-0.10549719,-0.08768123,1.07355917
1591242430.22760987,-0.10463810,-0.09016835,1.07002139
1591242430.23992443,-0.10773958,-0.09111848,1.06446207
1591242430.25151515,-0.10075416,-0.08537705,1.04879487
1591242430.26381874,-0.09103535,-0.08602460,1.03388572
1591242430.27539062,-0.07917222,-0.09656021,1.02630484
1591242430.28794789,-0.07232721,-0.10743827,1.02403057
1591242430.29947209,-0.06920102,-0.10986567,1.02731562
1591242430.31176496,-0.07091737,-0.11007018,1.03110611
1591242430.32359791,-0.07523234,-0.10202412,1.03489649
1591242430.33591866,-0.07550053,-0.10070127,1.03818166
1591242430.34750175,-0.07488027,-0.10526057,1.04854214
1591242430.35980940,-0.07753161,-0.10490590,1.05587041
1591242430.37141180,-0.07776879,-0.10479224,1.05839729
1591242430.38379049,-0.08227571,-0.10578310,1.06749439
1591242430.39558578,-0.07967813,-0.10856058,1.06799984
1591242430.40790629,-0.07863955,-0.10814694,1.06496739
1591242430.41942644,-0.08336946,-0.10256934,1.05890274
1591242430.43176985,-0.08844296,-0.09276412,1.05789185
1591242430.44356012,-0.09363008,-0.08576225,1.06041896
1591242430.45587921,-0.09648013,-0.08400010,1.05915534
1591242430.46739697,-0.09817088,-0.08772892,1.06547284
1591242430.47983503,-0.09214623,-0.09233670,1.06850517
1591242430.49138212,-0.09091337,-0.10020536,1.07532799
1591242430.50376892,-0.08620562,-0.10449211,1.06673634
1591242430.51554799,-0.08380454,-0.10604233,1.05839729
1591242430.52785659,-0.08319224,-0.10520603,1.04753137
1591242430.53938174,-0.07939856,-0.10454237,1.04449904
1591242430.55192757,-0.07940792,-0.10631073,1.04020309
1591242430.56345391,-0.07904588,-0.10902002,1.03944504
1591242430.57577157,-0.08002932,-0.10454698,1.03995049
1591242430.58759141,-0.08224726,-0.10138759,1.04626787
1591242430.59992146,-0.08810359,-0.10056937,1.04500437
1591242430.61145520,-0.08739322,-0.09754188,1.04449904
1591242430.62376285,-0.08822275,-0.09956025,1.04020309
1591242430.63552928,-0.08908837,-0.10472421,1.04323554
1591242430.64782214,-0.08883386,-0.10376506,1.04399359
1591242430.65959907,-0.09551863,-0.10070571,1.04753137
1591242430.67188764,-0.09749343,-0.09722812,1.05258524
1591242430.68345070,-0.10287909,-0.09852816,1.05814469
1591242430.69576883,-0.10146032,-0.09750986,1.06244051
1591242430.70753741,-0.10868652,-0.09997357,1.07103217
1591242430.71982622,-0.10664408,-0.09747799,1.06648362
1591242430.73138976,-0.10216734,-0.09303682,1.06294584
1591242430.74376535,-0.09887275,-0.08995035,1.05207992
1591242430.75554943,-0.08952246,-0.09160963,1.04576254
1591242430.76785040,-0.08161542,-0.09242342,1.03767622
1591242430.77939248,-0.07989575,-0.09326892,1.03944504
1591242430.79177880,-0.08228233,-0.09175961,1.04854214
1591242430.80356669,-0.09161586,-0.09160028,1.06875789
1591242430.81586480,-0.10125338,-0.09505931,1.09579647
1591242430.82737279,-0.10672206,-0.10071871,1.10337734
1591242430.83977413,-0.10331454,-0.10579167,1.11399055
1591242430.85155630,-0.10844256,-0.10681441,1.11904454
1591242430.86378622,-0.11751582,-0.10874639,1.11778116
1591242430.87541556,-0.11332881,-0.10763280,1.10640967
1591242430.88794661,-0.10264213,-0.11152431,1.07659149
1591242430.89961147,-0.08963604,-0.11504754,1.05384874
1591242430.91193104,-0.07930030,-0.11995721,1.03363299
1591242430.92345691,-0.07399254,-0.11866178,1.02352512
1591242430.93583202,-0.07373991,-0.11506166,1.01240647
1591242430.94760346,-0.07268871,-0.11129776,1.01215386
1591242430.95997787,-0.07416008,-0.11135229,1.01316464
1591242430.97152424,-0.08255655,-0.10814297,1.01392269
1591242430.98386836,-0.08247437,-0.10837476,1.01821852
1591242430.99556732,-0.08624902,-0.10729732,1.02605212
1591242431.00792527,-0.08898567,-0.10602900,1.03034794
1591242431.01944375,-0.09557062,-0.10392423,1.03767622
1591242431.03197575,-0.09959264,-0.10674259,1.03893960
1591242431.04361939,-0.10214019,-0.10343322,1.04247737
1591242431.05599380,-0.10425914,-0.10111949,1.03666532
1591242431.06756163,-0.10592194,-0.10088311,1.03691816
1591242431.07996464,-0.10488424,-0.09889661,1.03717077
1591242431.09159851,-0.10663636,-0.09549180,1.03893960
1591242431.10396385,-0.10171256,-0.09287795,1.04146659
1591242431.11553359,-0.10019938,-0.08733688,1.04475176
1591242431.12786078,-0.10997308,-0.08696881,1.05587041
1591242431.13943005,-0.11478680,-0.08438528,1.07077944
1591242431.15179801,-0.11327254,-0.08801524,1.07077944
1591242431.16361523,-0.11515374,-0.09517774,1.07482266
1591242431.17595887,-0.11379427,-0.10643773,1.06572556
1591242431.18753719,-0.10699514,-0.11665657,1.06976867
1591242431.19996262,-0.10145669,-0.12464350,1.06951594
1591242431.21152925,-0.09759894,-0.13368964,1.06572556
1591242431.22385025,-0.08909464,-0.14236304,1.05966079
1591242431.23539543,-0.08506969,-0.14605893,1.04475176
1591242431.24800849,-0.08213735,-0.14609554,1.02226174
1591242431.25956488,-0.07583767,-0.14358188,1.00811064
1591242431.27191854,-0.07558660,-0.13779518,1.00280404
1591242431.28356624,-0.08163926,-0.12375329,1.00204599
1591242431.29596925,-0.08771218,-0.10191996,1.00052977
1591242431.30760908,-0.10491313,-0.07952811,1.01215386
1591242431.31996202,-0.12974477,-0.05703608,1.03034794
1591242431.33153391,-0.15126881,-0.02657177,1.04879487
1591242431.34387589,-0.16401041,-0.00387523,1.06319857
1591242431.35544920,-0.18443948,0.01901906,1.06496739
1591242431.36781597,-0.19877094,0.04655561,1.06142962
1591242431.37937355,-0.21372142,0.06620507,1.06951594
1591242431.39198542,-0.21699288,0.08240181,1.07431722
1591242431.40363479,-0.22642045,0.08487289,1.07785499
1591242431.41579413,-0.22223614,0.09249410,1.08012927
1591242431.42762733,-0.21762539,0.09361206,1.07734954
1591242431.43996596,-0.20767364,0.08162807,1.08417249
1591242431.45153475,-0.18981266,0.06734003,1.07987654
1591242431.46388936,-0.16753015,0.03694725,1.07355917
1591242431.47544599,-0.12109137,-0.02435643,1.08846819
1591242431.48780107,-0.05900871,-0.10200067,1.09933424
1591242431.49947834,-0.01671269,-0.16402769,1.10438812
1591242431.51180315,-0.00599267,-0.17346969,1.06623089
1591242431.52354479,-0.03808077,-0.12224384,1.02504134
1591242431.53592348,-0.10254809,-0.03771716,1.01316464
1591242431.54759121,-0.15282241,0.04676365,1.01720774
1591242431.55998158,-0.20167907,0.09519708,1.04348826
1591242431.57142639,-0.22875635,0.12312554,1.05511224
1591242431.58400702,-0.21954393,0.10194561,1.07987654
1591242431.59555435,-0.18874305,0.05719657,1.08846819
1591242431.60801125,-0.14865696,-0.01020132,1.09074247
1591242431.61956811,-0.12207970,-0.06562892,1.10438812
1591242431.63192463,-0.09227028,-0.09455007,1.10489357
1591242431.64346695,-0.08566770,-0.09972768,1.10817862
1591242431.65578961,-0.07888141,-0.10072331,1.09882879
1591242431.66756368,-0.07445414,-0.09424125,1.08063471
1591242431.67985678,-0.06469721,-0.09739175,1.05561769
1591242431.69138813,-0.05222155,-0.11133835,1.04070854
1591242431.70398378,-0.03302889,-0.13021713,1.02453601
1591242431.71555424,-0.01148963,-0.14848204,1.02478862
1591242431.72784543,-0.00029342,-0.16167843,1.02377784
1591242431.73963690,0.00872326,-0.17635211,1.03161144
1591242431.75194645,0.01055302,-0.18471175,1.03363299
1591242431.76348400,0.01456250,-0.19490334,1.03717077
1591242431.77578568,0.02398065,-0.20768151,1.03767622
1591242431.78757548,0.06148830,-0.23264220,1.05081642
1591242431.79989505,0.07050042,-0.25823945,1.05258524
1591242431.81142068,0.07329665,-0.27566314,1.07431722
1591242431.82400441,0.05856696,-0.27481750,1.08644664
1591242431.83549142,0.03972678,-0.26859877,1.09630179
1591242431.84799981,0.02737454,-0.27799478,1.10363007
1591242431.85959339,0.01939370,-0.28104940,1.11853921
1591242431.87188816,0.02468635,-0.28330874,1.10944211
1591242431.88346601,0.02299439,-0.27674028,1.09428024
1591242431.89580226,0.01592156,-0.28639567,1.07861304
1591242431.90763879,0.01412475,-0.29865572,1.06951594
1591242431.91983199,0.01458653,-0.30898839,1.05713379
1591242431.93163919,0.00083560,-0.29884675,1.05915534
1591242431.94393420,-0.02181730,-0.28164533,1.07861304
1591242431.95552850,-0.05201090,-0.26571205,1.10767317
1591242431.96782851,-0.07736210,-0.25702503,1.11348522
1591242431.97962475,-0.09716775,-0.25729772,1.11853921
1591242431.99193668,-0.10919071,-0.25175184,1.12232959
1591242432.00345016,-0.11805218,-0.24654680,1.13243747
1591242432.01599479,-0.12847400,-0.24677858,1.13673329
1591242432.02759099,-0.14707141,-0.23221397,1.13092124
1591242432.03989124,-0.15588981,-0.20449391,1.12687814
1591242432.05141473,-0.16789417,-0.16986910,1.09680724
1591242432.06397271,-0.17135359,-0.13899010,1.05738652
1591242432.07549715,-0.18479688,-0.10757017,1.01720774
1591242432.08780670,-0.17393787,-0.11027074,0.98385179
1591242432.09959960,-0.15030590,-0.17320238,0.98713684
1591242432.11196709,-0.13442552,-0.25313985,0.98587334
1591242432.12349868,-0.10421422,-0.29226527,0.98814762
1591242432.13581538,-0.09807955,-0.27718273,0.95883477
1591242432.14760542,-0.10098077,-0.28363326,0.95327550
1591242432.15995359,-0.12257738,-0.29238847,0.94872695
1591242432.17161059,-0.14751203,-0.31027144,0.95580244
1591242432.18390179,-0.17827356,-0.31721726,0.96868998
1591242432.19544864,-0.19974540,-0.28428754,0.97930324
1591242432.20786500,-0.21581963,-0.25535813,0.98991644
1591242432.21942067,-0.23656879,-0.23266090,1.00482559
1591242432.23196721,-0.24349076,-0.23418796,1.03312767
1591242432.24350405,-0.25403231,-0.23833346,1.05435419
1591242432.25581455,-0.26176962,-0.22926007,1.05763924
1591242432.26759529,-0.25978005,-0.23076017,1.05763924
1591242432.27998781,-0.25851423,-0.23480137,1.05839729
1591242432.29156017,-0.26028842,-0.24713387,1.07381177
1591242432.30385637,-0.25352263,-0.25557059,1.09579647
1591242432.31545472,-0.25918481,-0.24689257,1.10640967
1591242432.32778144,-0.25619513,-0.23968758,1.10261929
1591242432.33955002,-0.24798244,-0.22770067,1.07507527
1591242432.35184336,-0.25237733,-0.21736386,1.05031097
1591242432.36362982,-0.24869376,-0.21212713,1.05056381
1591242432.37593770,-0.25073799,-0.20296288,1.04753137
1591242432.38754129,-0.25155166,-0.19874430,1.05738652
1591242432.39983559,-0.25960129,-0.18228404,1.05814469
1591242432.41145897,-0.25944281,-0.16501904,1.07179034
1591242432.42378354,-0.26523721,-0.15282716,1.08215082
1591242432.43556261,-0.28238648,-0.14293568,1.07027400
1591242432.44786000,-0.30191329,-0.11857079,1.03110611
1591242432.45944858,-0.29146874,-0.10384290,0.99446511
1591242432.47179604,-0.27569297,-0.12418516,1.00078249
1591242432.48357892,-0.25927979,-0.15384625,1.00836337
1591242432.49586964,-0.25568259,-0.19330795,1.02150357
1591242432.50762582,-0.25366920,-0.22591916,1.03742349
1591242432.51999331,-0.26329213,-0.23469704,1.03792882
1591242432.53157353,-0.27318090,-0.20842251,1.03287494
1591242432.54389644,-0.30207413,-0.16340129,1.02327251
1591242432.55542135,-0.31676093,-0.11958465,1.01746047
1591242432.56800461,-0.32635331,-0.08010412,1.00937414
1591242432.57960510,-0.33983260,-0.06930291,1.01998746
1591242432.59192586,-0.34503168,-0.06706360,1.02782094
1591242432.60345554,-0.34137246,-0.05439796,1.02630484
1591242432.61581063,-0.33376068,-0.05394807,1.03590727
1591242432.62740445,-0.32592398,-0.05717248,1.05081642
1591242432.63995934,-0.32424724,-0.06964046,1.05763924
1591242432.65148664,-0.30957022,-0.05873017,1.06623089
1591242432.66379809,-0.29947394,-0.07980776,1.06218779
1591242432.67558908,-0.29219013,-0.09438266,1.03691816
1591242432.68790770,-0.28427643,-0.10833386,1.01746047
1591242432.69943213,-0.27871600,-0.09060544,1.00861609
1591242432.71201015,-0.28498039,-0.07277261,1.00356209
1591242432.72360301,-0.29241532,-0.04740731,1.02681029
1591242432.73594475,-0.29102740,-0.00400466,1.03868699
1591242432.74752951,-0.29702818,0.02081880,1.03161144
1591242432.75984573,-0.31746703,0.02546107,1.02630484
1591242432.77163100,-0.32958803,0.02729819,1.03262222
1591242432.78394175,-0.33812702,0.02447939,1.04449904
1591242432.79547048,-0.35259143,0.00815303,1.06901062
1591242432.80802417,-0.33507803,-0.00736547,1.07406449
1591242432.81959891,-0.32326397,-0.01250195,1.07507527
1591242432.83208561,-0.33321196,-0.00925375,1.08215082
1591242432.84365988,-0.33531970,0.01823852,1.06597829
1591242432.85585451,-0.34198689,0.04034212,1.04652059
1591242432.86766076,-0.33981499,0.05538691,1.02782094
1591242432.88000274,-0.32704693,0.05688662,1.01796579
1591242432.89152980,-0.31380367,0.03550908,1.01948202
1591242432.90383625,-0.28143817,0.02398175,1.04475176
1591242432.91561747,-0.25752321,-0.00125416,1.06395662
1591242432.92782187,-0.25964093,0.00316996,1.06269312
1591242432.93964434,-0.27352852,0.04125900,1.04298282
1591242432.95195675,-0.29643956,0.06860809,1.03843427
1591242432.96349359,-0.31598118,0.07436147,1.03944504
1591242432.97579384,-0.31278479,0.08264735,1.03388572
1591242432.98757458,-0.31005567,0.10245705,1.02554679
1591242432.99986553,-0.32340381,0.12695329,1.02453601
1591242433.01164937,-0.34138241,0.15941837,1.02832639
1591242433.02401543,-0.36480546,0.18174684,1.03161144
1591242433.03553915,-0.37807328,0.18730259,1.02731562
1591242433.04789567,-0.36349669,0.18229908,1.01240647
1591242433.05942583,-0.35314909,0.18286833,0.98840034
1591242433.07197928,-0.35988951,0.17227158,0.99193811
1591242433.08349347,-0.34819731,0.16244511,1.00811064
1591242433.09580994,-0.33373266,0.13775101,1.05763924
1591242433.10758996,-0.30978450,0.10925321,1.08796287
1591242433.11986876,-0.28112063,0.09502998,1.06901062
1591242433.13151407,-0.24401677,0.10634947,1.01619697
1591242433.14382792,-0.22137049,0.11451960,0.96793187
1591242433.15560579,-0.22380982,0.13009611,0.93937713
1591242433.16808438,-0.22189988,0.11961529,0.93179619
1591242433.17964029,-0.20976123,0.10639746,0.93457592
1591242433.19184351,-0.20783445,0.09834675,0.94923228
1591242433.20364213,-0.21562225,0.11381066,0.96313059
1591242433.21601605,-0.22356668,0.13167070,0.97298574
1591242433.22761512,-0.24776986,0.13948956,0.98056674
1591242433.23996496,-0.26753184,0.15793587,0.97955596
1591242433.25150728,-0.27938557,0.16960968,0.97399664
1591242433.26386642,-0.26907507,0.15131335,0.97222769
1591242433.27541733,-0.24850745,0.10636322,0.98006129
1591242433.28799367,-0.24172190,0.06316847,0.97778702
1591242433.29951549,-0.24206696,0.05889089,0.98081946
1591242433.31183410,-0.24583614,0.07297784,0.98435712
1591242433.32363677,-0.26718867,0.09309770,0.97475469
1591242433.33580041,-0.28965607,0.10790387,0.96944809
1591242433.34760213,-0.30731642,0.09253865,1.00305665
1591242433.35996747,-0.30020967,0.05442918,1.01417542
1591242433.37149405,-0.29704696,0.02034850,1.01341736
1591242433.38385391,-0.29200178,0.00417224,0.99926627
1591242433.39564037,-0.28845572,0.00821459,1.00507832
1591242433.40795159,-0.30210760,0.01807166,1.01973474
1591242433.41947293,-0.31806305,0.04091134,1.04045582
1591242433.43179798,-0.32573882,0.05627640,1.06067157
1591242433.44354153,-0.32871383,0.06468832,1.06623089
1591242433.45591116,-0.32871905,0.05970867,1.05536497
1591242433.46753311,-0.30745488,0.03093493,1.04146659
1591242433.47988009,-0.30223680,0.00241682,1.02731562
1591242433.49142623,-0.29230490,-0.01932207,1.04449904
1591242433.50401402,-0.27895138,-0.03145610,1.07204294
1591242433.51554132,-0.27299848,-0.04745865,1.09503829
1591242433.52794051,-0.26920682,-0.04801767,1.10539901
1591242433.53961253,-0.27185416,-0.03723346,1.10287201
1591242433.55180621,-0.27584898,-0.01543324,1.09352219
1591242433.56364751,-0.28302503,0.00064422,1.09604919
1591242433.57598019,-0.28163144,0.00530012,1.09048986
1591242433.58756185,-0.28685418,-0.00806767,1.09604919
1591242433.59993720,-0.29269499,-0.01395741,1.09756529
1591242433.61150146,-0.29239991,-0.01774083,1.12283504
1591242433.62392330,-0.28829634,-0.02165711,1.12814164
1591242433.63556743,-0.28780580,-0.02256713,1.12258232
1591242433.64793205,-0.28536355,-0.01271674,1.09251142
1591242433.65948367,-0.27043015,-0.00804720,1.08669937
1591242433.67181778,-0.25693733,-0.02335776,1.08341432
1591242433.68359900,-0.24089634,-0.04669518,1.09882879
1591242433.69589472,-0.22653671,-0.07452827,1.10337734
1591242433.70740962,-0.18890136,-0.08836643,1.10868394
1591242433.71980619,-0.14399569,-0.10990991,1.13471174
1591242433.73167181,-0.09305526,-0.13467036,1.16730964
1591242433.74398112,-0.05738488,-0.12839694,1.19005239
1591242433.75555658,-0.05557550,-0.11073163,1.22871494
1591242433.76788187,-0.04877140,-0.11058165,1.22593534
1591242433.77942896,-0.03977218,-0.11668257,1.18146062
1591242433.79198265,-0.02993666,-0.14623062,1.13597524
1591242433.80351114,-0.01874900,-0.20314854,1.11121094
1591242433.81582546,-0.01549529,-0.26190725,1.10666239
1591242433.82761621,-0.03416725,-0.28100878,1.08998442
1591242433.84005904,-0.06381122,-0.26326215,1.08543587
1591242433.85150766,-0.09469756,-0.22138634,1.09705997
1591242433.86383963,-0.12115313,-0.19740748,1.08821559
1591242433.87543249,-0.14711513,-0.19187096,1.06901062
1591242433.88801265,-0.16812098,-0.17630185,1.05384874
1591242433.89956617,-0.19252184,-0.15927339,1.05334342
1591242433.91191077,-0.20283113,-0.17697929,1.04323554
1591242433.92351937,-0.20604527,-0.20910424,1.04550982
1591242433.93583226,-0.21080294,-0.22149146,1.04803681
1591242433.94756293,-0.23300087,-0.21866834,1.06522012
1591242433.95992732,-0.23747867,-0.19923055,1.07103217
1591242433.97145748,-0.25746882,-0.17073773,1.06193507
1591242433.98388815,-0.26067635,-0.13418095,1.03312767
1591242433.99545717,-0.27222213,-0.11688454,1.00912142
1591242434.00803256,-0.28053176,-0.12591705,1.00507832
1591242434.01960468,-0.28038040,-0.13150384,1.00204599
1591242434.03188992,-0.26746565,-0.13543135,1.00533092
1591242434.04365134,-0.25274953,-0.15298696,1.02024007
1591242434.05599523,-0.24139908,-0.16626056,1.02529407
1591242434.06754017,-0.24802409,-0.17121065,1.04753137
1591242434.07983994,-0.26533309,-0.14561327,1.05966079
1591242434.09161878,-0.27675450,-0.11532484,1.05435419
1591242434.10392261,-0.27651429,-0.09762828,1.04146659
1591242434.11543536,-0.25253975,-0.10807005,1.03110611
1591242434.12809348,-0.22800148,-0.13042164,1.02832639
1591242434.13963270,-0.20837674,-0.16135564,1.02706289
1591242434.15198922,-0.18898746,-0.18915769,1.01872396
1591242434.16353965,-0.17057809,-0.22494224,1.00078249
1591242434.17588019,-0.15434290,-0.25332168,0.98460984
1591242434.18757796,-0.13917562,-0.24358478,0.97096431
1591242434.20000100,-0.14783472,-0.22449705,0.97399664
1591242434.21155667,-0.16564234,-0.18627608,0.98385179
1591242434.22385287,-0.16843882,-0.16937032,0.98562074
1591242434.23563886,-0.16953254,-0.17937072,1.01341736
1591242434.24779749,-0.17759916,-0.17664303,1.03236961
1591242434.25961637,-0.18428732,-0.17727020,1.04399359
1591242434.27194333,-0.19153064,-0.17027432,1.03944504
1591242434.28346705,-0.19185317,-0.16543299,1.04702604
1591242434.29602504,-0.19064254,-0.17289688,1.06951594
1591242434.30754948,-0.18729761,-0.17577423,1.08114004
1591242434.31985378,-0.18558198,-0.16820094,1.08442509
1591242434.33164120,-0.18631533,-0.14639027,1.08796287
1591242434.34396768,-0.18827540,-0.13242115,1.08391964
1591242434.35559869,-0.18678746,-0.13675785,1.08088732
1591242434.36791253,-0.17826650,-0.13225310,1.07153749
1591242434.37943339,-0.18620957,-0.13369884,1.05662847
1591242434.39200759,-0.19671944,-0.11127017,1.03944504
1591242434.40359569,-0.22319351,-0.08969574,1.05662847
1591242434.41590405,-0.23499112,-0.07285808,1.08139277
1591242434.42743349,-0.24602380,-0.04856641,1.10211384
1591242434.43983912,-0.25982359,-0.03711765,1.12763619
1591242434.45141482,-0.25844744,-0.03549189,1.14684117
1591242434.46400642,-0.24839403,-0.05384278,1.14608312
1591242434.47554255,-0.23924911,-0.09565431,1.13926029
1591242434.48784375,-0.19846664,-0.13195726,1.10312462
1591242434.49960089,-0.16300476,-0.16033244,1.06370389
1591242434.51202583,-0.14795749,-0.17996602,1.02908444
