1591008990.37452054,0.49651127,-0.26068587,-0.02190737
1591008990.38679767,0.49869642,-0.26126008,-0.02326698
1591008990.39852977,0.50078034,-0.26227412,-0.02451315
1591008990.41087031,0.50297073,-0.26411020,-0.02608046
1591008990.42243123,0.50517333,-0.26692891,-0.02798286
1591008990.43482327,0.50709494,-0.27052603,-0.03010693
1591008990.44638348,0.50863781,-0.27425580,-0.03227463
1591008990.45880246,0.50999742,-0.27779882,-0.03447898
1591008990.47035933,0.51120345,-0.28111495,-0.03682470
1591008990.48271179,0.51225588,-0.28403837,-0.03934845
1591008990.49459195,0.51322977,-0.28633872,-0.04194026
1591008990.50695467,0.51447594,-0.28857448,-0.04482180
1591008990.51849723,0.51589838,-0.29094988,-0.04771905
1591008990.53085518,0.51731384,-0.29374415,-0.05060233
1591008990.54250193,0.51866997,-0.29720514,-0.05371251
1591008990.55482268,0.52000165,-0.30101519,-0.05707750
1591008990.56635022,0.52125480,-0.30461755,-0.06047740
1591008990.57895684,0.52243464,-0.30787957,-0.06370626
1591008990.59043598,0.52351325,-0.31082918,-0.06655639
1591008990.60291314,0.52452555,-0.31341576,-0.06878866
1591008990.61438775,0.52565652,-0.31611054,-0.07060380
1591008990.62687564,0.52701613,-0.31952790,-0.07244513
1591008990.63853502,0.52862532,-0.32350550,-0.07444353
1591008990.65079379,0.53055217,-0.32831039,-0.07667580
1591008990.66244745,0.53272161,-0.33372615,-0.07942819
1591008990.67482185,0.53476365,-0.33915587,-0.08263261
1591008990.68640852,0.53661893,-0.34436742,-0.08610233
1591008990.69885564,0.53832586,-0.34886514,-0.08949176
1591008990.71045613,0.53992459,-0.35263854,-0.09282359
1591008990.72281551,0.54148840,-0.35612920,-0.09625142
1591008990.73439121,0.54315519,-0.35926555,-0.09982585
1591008990.74680829,0.54497033,-0.36173869,-0.10358006
1591008990.75838947,0.54710312,-0.36412630,-0.10768332
1591008990.77075505,0.54963734,-0.36670589,-0.11215137
1591008990.78233242,0.55229722,-0.36922964,-0.11686550
1591008990.79499197,0.55500423,-0.37141654,-0.12169483
1591008990.80635881,0.55764840,-0.37275171,-0.12652590
1591008990.81872940,0.55996969,-0.37279186,-0.13111961
1591008990.83031964,0.56201347,-0.37158409,-0.13551958
1591008990.84294677,0.56390890,-0.36926280,-0.13968045
1591008990.85434437,0.56562107,-0.36614041,-0.14356729
1591008990.86670756,0.56685153,-0.36174392,-0.14672634
1591008990.87855768,0.56749555,-0.35586042,-0.14865493
1591008990.89092636,0.56769626,-0.34872028,-0.14935306
1591008990.90234160,0.56720059,-0.34006519,-0.14844374
1591008990.91471505,0.56594395,-0.32968048,-0.14579259
1591008990.92655611,0.56406249,-0.31749808,-0.14169106
1591008990.93892837,0.56184068,-0.30402937,-0.13691759
1591008990.95052433,0.55954209,-0.28989919,-0.13214935
1591008990.96290374,0.55745642,-0.27594179,-0.12795707
1591008990.97447586,0.55554005,-0.26228983,-0.12406324
1591008990.98692465,0.55373538,-0.24889791,-0.12004549
1591008990.99855685,0.55209128,-0.23567006,-0.11573802
1591008991.01071405,0.55068454,-0.22272496,-0.11128917
1591008991.02231932,0.54949946,-0.20998056,-0.10678622
1591008991.03473306,0.54850462,-0.19711749,-0.10233913
1591008991.04631972,0.54780649,-0.18493858,-0.09839817
1591008991.05894136,0.54758658,-0.17420829,-0.09490402
1591008991.07049727,0.54765814,-0.16540485,-0.09172229
1591008991.08285403,0.54776984,-0.15866963,-0.08871683
1591008991.09444952,0.54787980,-0.15404625,-0.08581609
1591008991.10687208,0.54790947,-0.15144571,-0.08317367
1591008991.11849976,0.54780126,-0.15025365,-0.08082445
1591008991.13084245,0.54745394,-0.14958519,-0.07807730
1591008991.14241862,0.54678547,-0.14856068,-0.07415206
1591008991.15478277,0.54593201,-0.14717489,-0.06915693
1591008991.16635966,0.54494939,-0.14563725,-0.06340258
1591008991.17871046,0.54396328,-0.14376452,-0.05718920
1591008991.19055223,0.54323548,-0.14087076,-0.05045398
1591008991.20271182,0.54299811,-0.13696122,-0.04346568
1591008991.21456528,0.54321802,-0.13210397,-0.03658559
1591008991.22692251,0.54379747,-0.12573352,-0.03013660
1591008991.23849964,0.54497208,-0.11825827,-0.02455678
1591008991.25088763,0.54662840,-0.10981088,-0.01965939
1591008991.26245117,0.54863029,-0.09977524,-0.01500110
1591008991.27480912,0.55180155,-0.08827003,-0.01143714
1591008991.28641558,0.55591878,-0.07572111,-0.00919090
1591008991.29878974,0.56040602,-0.06209532,-0.00744383
1591008991.31050372,0.56517775,-0.04782726,-0.00600568
1591008991.32290506,0.57052021,-0.03296054,-0.00467923
1591008991.33447194,0.57646654,-0.01781807,-0.00327598
1591008991.34683132,0.58264850,-0.00306305,-0.00151495
1591008991.35840130,0.58871352,0.01109506,0.00110305
1591008991.37074065,0.59461797,0.02430720,0.00497593
1591008991.38254666,0.60026236,0.03651229,0.01011418
1591008991.39474154,0.60536920,0.04625646,0.01513200
1591008991.40657210,0.60977092,0.05281366,0.01946915
1591008991.41876864,0.61323714,0.05709147,0.02302787
1591008991.43050265,0.61569456,0.05913350,0.02571394
1591008991.44290996,0.61732470,0.05958729,0.02787116
1591008991.45447779,0.61837364,0.05992588,0.03036698
1591008991.46683025,0.61928296,0.06174277,0.03353825
1591008991.47843099,0.62045233,0.06511125,0.03550000
1591008991.49078298,0.62115570,0.06773797,0.03812672
1591008991.50235796,0.62173864,0.07120594,0.04034154
1591008991.51478004,0.62214181,0.07632150,0.04103095
1591008991.52635622,0.62170199,0.08245459,0.03997153
1591008991.53870440,0.61993222,0.08958251,0.03798360
1591008991.55055285,0.61702451,0.09735970,0.03573038
1591008991.56290269,0.61332964,0.10602701,0.03333579
1591008991.57446837,0.60934506,0.11564203,0.03079983
1591008991.58692527,0.60538316,0.12656604,0.02889044
1591008991.59854674,0.60191694,0.13843253,0.02805617
1591008991.61096096,0.59938970,0.15025540,0.02853962
1591008991.62253976,0.59781716,0.16118116,0.03055722
1591008991.63491464,0.59727785,0.17113477,0.03390651
1591008991.64654684,0.59774385,0.17974448,0.03752981
1591008991.65893126,0.59905983,0.18688462,0.04067664
1591008991.67052841,0.60119262,0.19264421,0.04306425
1591008991.68289924,0.60398690,0.19717683,0.04426504
1591008991.69448352,0.60698363,0.20067621,0.04427377
1591008991.70682287,0.60991229,0.20362233,0.04330336
1591008991.71845579,0.61286888,0.20661208,0.04124562
1591008991.73080969,0.61617278,0.20979556,0.03805167
1591008991.74237442,0.61982925,0.21330367,0.03419624
1591008991.75473547,0.62359392,0.21694268,0.02993065
1591008991.76631927,0.62737082,0.22074052,0.02530378
1591008991.77892947,0.63121054,0.22439524,0.02050413
1591008991.79051971,0.63503107,0.22791208,0.01565037
1591008991.80290556,0.63861423,0.23113046,0.01080708
1591008991.81447506,0.64201413,0.23401724,0.00599521
1591008991.82682014,0.64529186,0.23704713,0.00115890
1591008991.83840060,0.64847883,0.24007702,-0.00376642
1591008991.85076904,0.65185430,0.24299521,-0.00882438
1591008991.86233068,0.65519137,0.24571094,-0.01388758
1591008991.87494731,0.65807116,0.24788737,-0.01879196
1591008991.88653040,0.66048146,0.24960826,-0.02320066
1591008991.89892149,0.66277133,0.25096089,-0.02694090
1591008991.91048741,0.66508564,0.25205172,-0.03026575
1591008991.92291594,0.66740518,0.25289123,-0.03343527
1591008991.93451071,0.66966538,0.25350384,-0.03636044
1591008991.94695163,0.67188020,0.25397333,-0.03886150
1591008991.95852828,0.67400776,0.25426131,-0.04088957
1591008991.97090530,0.67614579,0.25439396,-0.04231900
1591008991.98247409,0.67831872,0.25431891,-0.04310440
1591008991.99488020,0.68062081,0.25422117,-0.04320388
1591008992.00645614,0.68311314,0.25422815,-0.04286180
1591008992.01884103,0.68578350,0.25443584,-0.04260000
1591008992.03040767,0.68856381,0.25473953,-0.04239405
1591008992.04277229,0.69134761,0.25492628,-0.04207116
1591008992.05433512,0.69409999,0.25487567,-0.04152138
1591008992.06695008,0.69676685,0.25444806,-0.04104142
1591008992.07853675,0.69932900,0.25376564,-0.04102396
1591008992.09090543,0.70159618,0.25274811,-0.04190536
1591008992.10246634,0.70365218,0.25127331,-0.04342030
1591008992.11483145,0.70563313,0.24913702,-0.04509058
1591008992.12646818,0.70753379,0.24644224,-0.04648684
1591008992.13882542,0.70943794,0.24363400,-0.04759338
1591008992.15040469,0.71134035,0.24076817,-0.04854284
1591008992.16278076,0.71309092,0.23830202,-0.04966683
1591008992.17434859,0.71460063,0.23629489,-0.05106310
1591008992.18695211,0.71563037,0.23478518,-0.05279796
1591008992.19853020,0.71624124,0.23390728,-0.05473178
1591008992.21090937,0.71683639,0.23344302,-0.05657136
1591008992.22246981,0.71748566,0.23315504,-0.05806536
1591008992.23488903,0.71808780,0.23288801,-0.05923124
1591008992.24645710,0.71864456,0.23261225,-0.06011263
1591008992.25881267,0.71921179,0.23231554,-0.06072699
1591008992.27039719,0.71964812,0.23204501,-0.06098180
1591008992.28274560,0.71993784,0.23182161,-0.06084392
1591008992.29457450,0.72018568,0.23163661,-0.06036047
1591008992.30692816,0.72035149,0.23161392,-0.05964488
1591008992.31851697,0.72048239,0.23168548,-0.05886821
1591008992.33076167,0.72069357,0.23189143,-0.05811248
1591008992.34235501,0.72089428,0.23227889,-0.05742831
1591008992.35496259,0.72106882,0.23268381,-0.05673891
1591008992.36654663,0.72127477,0.23312188,-0.05585752
1591008992.37890887,0.72158718,0.23345350,-0.05486792
1591008992.39047575,0.72207064,0.23358440,-0.05388879
1591008992.40281653,0.72265881,0.23335227,-0.05310164
1591008992.41448808,0.72327317,0.23249531,-0.05254837
1591008992.42689013,0.72377582,0.23136957,-0.05224469
1591008992.43845677,0.72409522,0.23013737,-0.05202303
1591008992.45080423,0.72441985,0.22896800,-0.05178915
1591008992.46242261,0.72479335,0.22815991,-0.05136679
1591008992.47478175,0.72514940,0.22769565,-0.05062677
1591008992.48634505,0.72559620,0.22755952,-0.04969301
1591008992.49894738,0.72609886,0.22759966,-0.04861091
1591008992.51052904,0.72666609,0.22752985,-0.04747994
1591008992.52289414,0.72738516,0.22731517,-0.04629835
1591008992.53450274,0.72816184,0.22699752,-0.04497539
1591008992.54687929,0.72878666,0.22679157,-0.04359483
1591008992.55845642,0.72932248,0.22675318,-0.04230504
1591008992.57080030,0.73000490,0.22691898,-0.04129100
1591008992.58236694,0.73064893,0.22721394,-0.04057716
1591008992.59495854,0.73093167,0.22769740,-0.03996280
1591008992.60652065,0.73098229,0.22829954,-0.03925944
1591008992.61891532,0.73098054,0.22884932,-0.03847753
1591008992.63053083,0.73102069,0.22907097,-0.03774275
1591008992.64292145,0.73103814,0.22904305,-0.03692593
1591008992.65447903,0.73101545,0.22880045,-0.03616148
1591008992.66684747,0.73093342,0.22837982,-0.03545462
1591008992.67844367,0.73078507,0.22791382,-0.03497814
1591008992.69078374,0.73073271,0.22734659,-0.03479837
1591008992.70233965,0.73074318,0.22689978,-0.03474427
1591008992.71496224,0.73092469,0.22661879,-0.03470936
1591008992.72652721,0.73129470,0.22639015,-0.03460988
1591008992.73893571,0.73164377,0.22616500,-0.03451214
1591008992.75051785,0.73197713,0.22587702,-0.03438473
1591008992.76287413,0.73251469,0.22559951,-0.03426954
1591008992.77446151,0.73317791,0.22523649,-0.03424336
1591008992.78681564,0.73374689,0.22487520,-0.03436728
1591008992.79840136,0.73417450,0.22467623,-0.03458544
1591008992.81077838,0.73457418,0.22476525,-0.03478267
1591008992.82235646,0.73490753,0.22505323,-0.03487866
1591008992.83475065,0.73511697,0.22558555,-0.03492404
1591008992.84633517,0.73521646,0.22629765,-0.03505668
1591008992.85893703,0.73529325,0.22711446,-0.03528532
1591008992.87050319,0.73529674,0.22782306,-0.03559948
1591008992.88285112,0.73530721,0.22849676,-0.03587524
1591008992.89444876,0.73527405,0.22900465,-0.03607246
1591008992.90680361,0.73503843,0.22934848,-0.03603930
1591008992.91837907,0.73473475,0.22945669,-0.03585255
1591008992.93073130,0.73456196,0.22932579,-0.03556283
1591008992.94234967,0.73449215,0.22909366,-0.03531499
1591008992.95471001,0.73435950,0.22882314,-0.03506366
1591008992.96653605,0.73404010,0.22843742,-0.03479139
1591008992.97889352,0.73347811,0.22816515,-0.03447374
1591008992.99045706,0.73273285,0.22811977,-0.03403043
1591008993.00279593,0.73191953,0.22826463,-0.03335499
1591008993.01436186,0.73113762,0.22852992,-0.03268827
1591008993.02696681,0.73039411,0.22880568,-0.03218736
1591008993.03852749,0.72966107,0.22891564,-0.03189240
1591008993.05090117,0.72885648,0.22901338,-0.03166900
1591008993.06246591,0.72796985,0.22899418,-0.03141767
1591008993.07493258,0.72722634,0.22917220,-0.03102846
1591008993.08652806,0.72666260,0.22943924,-0.03058690
1591008993.09892154,0.72624372,0.22985463,-0.03021165
1591008993.11048436,0.72591909,0.23036775,-0.02994112
1591008993.12281442,0.72580215,0.23101702,-0.02974390
1591008993.13438821,0.72579691,0.23159123,-0.02966885
1591008993.14678192,0.72585451,0.23199964,-0.02952748
1591008993.15834093,0.72599239,0.23236441,-0.02915049
1591008993.17095256,0.72638335,0.23276235,-0.02866878
1591008993.18258142,0.72696803,0.23313235,-0.02822721
1591008993.19472766,0.72757715,0.23352331,-0.02784149
1591008993.20655799,0.72813915,0.23386365,-0.02740516
1591008993.21891356,0.72853185,0.23402771,-0.02691821
1591008993.23048091,0.72883204,0.23384619,-0.02627593
1591008993.24286103,0.72908337,0.23354774,-0.02550450
1591008993.25442934,0.72935041,0.23346746,-0.02481160
1591008993.26680017,0.72984084,0.23399106,-0.02441716
1591008993.27837420,0.73045345,0.23490910,-0.02445904
1591008993.29073238,0.73092120,0.23615003,-0.02467197
1591008993.30254650,0.73120918,0.23735256,-0.02467197
1591008993.31472301,0.73124583,0.23859698,-0.02411172
1591008993.32655621,0.73110446,0.23989027,-0.02323033
1591008993.33891511,0.73085313,0.24109455,-0.02235243
1591008993.35047555,0.73050930,0.24208415,-0.02167350
1591008993.36286044,0.73024925,0.24270898,-0.02118655
1591008993.37445164,0.73011660,0.24296379,-0.02091952
1591008993.38679504,0.73017595,0.24302837,-0.02089508
1591008993.39838767,0.73034699,0.24293063,-0.02087239
1591008993.41075778,0.73038713,0.24267931,-0.02057918
1591008993.42233610,0.73040982,0.24243845,-0.02017775
1591008993.43496084,0.73059657,0.24221505,-0.01969953
1591008993.44654727,0.73090898,0.24195150,-0.01917593
1591008993.45891786,0.73135579,0.24159022,-0.01843940
1591008993.47048259,0.73195444,0.24104742,-0.01750391
1591008993.48282027,0.73259846,0.24027773,-0.01646718
1591008993.49438858,0.73324074,0.23930384,-0.01546187
1591008993.50693750,0.73390571,0.23809956,-0.01461713
1591008993.51853251,0.73455149,0.23678358,-0.01391726
1591008993.53090501,0.73520948,0.23540826,-0.01335526
1591008993.54247117,0.73583256,0.23403294,-0.01299921
1591008993.55486083,0.73642422,0.23257734,-0.01292242
1591008993.56644893,0.73695131,0.23114442,-0.01295907
1591008993.57879281,0.73720613,0.22970802,-0.01291893
1591008993.59036875,0.73727595,0.22841473,-0.01277406
1591008993.60296774,0.73721486,0.22737626,-0.01263444
1591008993.61440206,0.73712934,0.22658737,-0.01245991
1591008993.62677121,0.73713283,0.22604108,-0.01230457
1591008993.63835287,0.73721137,0.22565187,-0.01215098
1591008993.65073752,0.73744524,0.22548432,-0.01195551
1591008993.66258407,0.73784841,0.22544418,-0.01169894
1591008993.67495871,0.73835630,0.22572169,-0.01152092
1591008993.68652964,0.73889212,0.22637444,-0.01133940
1591008993.69890451,0.73937383,0.22720871,-0.01116313
1591008993.71048069,0.73972464,0.22812501,-0.01078788
1591008993.72281599,0.73980318,0.22931881,-0.01002168
1591008993.73438716,0.73976129,0.23081107,-0.00904953
1591008993.74681020,0.73983285,0.23255465,-0.00832522
1591008993.75854826,0.74000040,0.23423191,-0.00810705
1591008993.77074623,0.74021333,0.23566134,-0.00846485
1591008993.78258181,0.74044372,0.23650957,-0.00952077
1591008993.79493022,0.74053797,0.23678184,-0.01091529
1591008993.80652928,0.74066188,0.23646419,-0.01229410
1591008993.81890321,0.74114010,0.23541350,-0.01372701
1591008993.83045387,0.74195692,0.23386714,-0.01530828
1591008993.84280396,0.74293779,0.23195077,-0.01705012
1591008993.85442185,0.74396056,0.22973071,-0.01877451
1591008993.86679363,0.74505662,0.22743735,-0.02020393
1591008993.87837100,0.74621552,0.22517889,-0.02130872
1591008993.89073944,0.74739187,0.22318223,-0.02221630
1591008993.90258455,0.74851761,0.22153115,-0.02297900
1591008993.91493964,0.74939551,0.22035654,-0.02371553
1591008993.92653489,0.75002732,0.21965492,-0.02434036
1591008993.93890524,0.75058234,0.21910863,-0.02474353
1591008993.95048189,0.75110244,0.21876830,-0.02488490
1591008993.96292377,0.75148642,0.21840178,-0.02481335
1591008993.97452259,0.75182152,0.21802653,-0.02464056
1591008993.98692393,0.75222294,0.21741043,-0.02451140
1591008993.99849057,0.75266102,0.21644177,-0.02449744
1591008994.01091480,0.75333996,0.21535269,-0.02453409
1591008994.02248979,0.75418644,0.21433690,-0.02458645
1591008994.03483844,0.75519524,0.21357070,-0.02457773
1591008994.04642248,0.75632447,0.21315008,-0.02459693
1591008994.05879760,0.75735421,0.21297729,-0.02480986
1591008994.07036805,0.75825131,0.21316055,-0.02521128
1591008994.08271813,0.75896864,0.21383250,-0.02572615
1591008994.09460568,0.75952715,0.21484479,-0.02609965
1591008994.10696578,0.76035443,0.21620266,-0.02634575
1591008994.11855650,0.76140687,0.21768619,-0.02645570
1591008994.13091874,0.76221495,0.21916099,-0.02639810
1591008994.14248371,0.76284327,0.22071783,-0.02595130
1591008994.15484309,0.76335989,0.22207395,-0.02528284
1591008994.16644382,0.76372816,0.22301643,-0.02455678
1591008994.17882085,0.76404581,0.22363253,-0.02388134
1591008994.19038892,0.76422383,0.22392400,-0.02318495
1591008994.20275712,0.76439138,0.22409679,-0.02245541
1591008994.21460414,0.76460955,0.22431146,-0.02166826
1591008994.22695684,0.76496036,0.22454359,-0.02093173
1591008994.23853064,0.76545778,0.22501308,-0.02020044
1591008994.25090408,0.76599185,0.22570249,-0.01948311
1591008994.26246548,0.76656432,0.22652279,-0.01878498
1591008994.27490258,0.76705301,0.22726456,-0.01831723
1591008994.28647184,0.76745094,0.22790858,-0.01802402
1591008994.29882288,0.76771100,0.22858054,-0.01784425
1591008994.31040454,0.76778605,0.22933277,-0.01782679
1591008994.32277179,0.76781223,0.23014261,-0.01777443
1591008994.33435035,0.76779826,0.23099433,-0.01770986
1591008994.34696937,0.76772321,0.23180416,-0.01762783
1591008994.35857844,0.76756788,0.23263319,-0.01751263
1591008994.37075067,0.76751203,0.23342732,-0.01732065
1591008994.38259912,0.76749807,0.23380605,-0.01718626
1591008994.39497781,0.76725721,0.23355647,-0.01710423
1591008994.40658975,0.76688720,0.23280947,-0.01717753
1591008994.41894984,0.76665507,0.23168897,-0.01744282
1591008994.43056035,0.76649625,0.23035728,-0.01775349
1591008994.44293094,0.76632695,0.22899069,-0.01796293
1591008994.45451760,0.76622747,0.22779688,-0.01793500
1591008994.46694255,0.76621874,0.22697134,-0.01771684
1591008994.47854376,0.76629553,0.22658562,-0.01736952
1591008994.49091697,0.76636884,0.22653501,-0.01706932
1591008994.50248122,0.76640025,0.22641109,-0.01671327
1591008994.51484847,0.76633393,0.22626623,-0.01629788
1591008994.52644897,0.76622921,0.22611613,-0.01572367
1591008994.53881025,0.76600756,0.22593985,-0.01505521
1591008994.55039811,0.76570736,0.22565711,-0.01450194
1591008994.56280994,0.76569863,0.22540578,-0.01414938
1591008994.57439566,0.76587142,0.22528186,-0.01408132
1591008994.58678222,0.76611228,0.22522427,-0.01423141
1591008994.59835505,0.76640375,0.22545116,-0.01442864
1591008994.61097360,0.76668823,0.22584735,-0.01460841
1591008994.62254953,0.76700588,0.22644076,-0.01477770
1591008994.63494158,0.76700239,0.22702545,-0.01492431
1591008994.64652467,0.76675630,0.22754730,-0.01493653
1591008994.65891695,0.76651370,0.22796967,-0.01474978
1591008994.67050433,0.76631473,0.22825940,-0.01446878
1591008994.68285060,0.76618907,0.22835713,-0.01428901
1591008994.69442248,0.76612275,0.22841473,-0.01425236
1591008994.70678973,0.76616638,0.22857705,-0.01426458
1591008994.71835518,0.76625016,0.22889993,-0.01420873
1591008994.73097038,0.76637582,0.22944098,-0.01415811
1591008994.74255562,0.76654686,0.23028572,-0.01416509
1591008994.75493073,0.76670045,0.23134514,-0.01425410
1591008994.76656055,0.76676852,0.23233648,-0.01437977
1591008994.77894187,0.76660271,0.23313061,-0.01440246
1591008994.79053164,0.76628681,0.23363501,-0.01426807
1591008994.80290198,0.76620303,0.23395091,-0.01395391
1591008994.81447935,0.76632695,0.23403644,-0.01359961
1591008994.82685280,0.76656257,0.23395091,-0.01330290
1591008994.83844995,0.76685055,0.23376067,-0.01304459
1591008994.85080814,0.76710013,0.23382525,-0.01281246
1591008994.86239409,0.76727816,0.23403469,-0.01270076
1591008994.87478232,0.76721881,0.23458970,-0.01252972
1591008994.88636136,0.76702508,0.23534543,-0.01234297
1591008994.89872384,0.76691513,0.23624253,-0.01217193
1591008994.91056824,0.76686800,0.23713963,-0.01207244
1591008994.92292690,0.76696749,0.23808560,-0.01195551
1591008994.93450904,0.76714726,0.23913629,-0.01181064
1591008994.94690609,0.76705650,0.24019047,-0.01157328
1591008994.95849347,0.76669696,0.24098285,-0.01132893
1591008994.97092628,0.76637582,0.24163211,-0.01111426
1591008994.98252368,0.76609133,0.24211906,-0.01096590
1591008994.99490356,0.76589585,0.24242798,-0.01082977
1591008995.00649118,0.76578066,0.24250826,-0.01070759
1591008995.01887155,0.76567420,0.24244543,-0.01054528
1591008995.03050613,0.76560089,0.24216967,-0.01034282
1591008995.04284859,0.76551712,0.24179791,-0.01012291
1591008995.05443215,0.76542287,0.24141743,-0.00992918
1591008995.06681490,0.76541589,0.24107186,-0.00972847
1591008995.07842326,0.76546127,0.24081006,-0.00963073
1591008995.09079123,0.76541589,0.24053953,-0.00956091
1591008995.10235357,0.76528499,0.24043656,-0.00940383
1591008995.11496162,0.76530593,0.24059713,-0.00918043
1591008995.12656164,0.76549094,0.24114167,-0.00881740
1591008995.13892937,0.76556948,0.24191136,-0.00838805
1591008995.15050888,0.76556773,0.24280322,-0.00793776
1591008995.16286635,0.76564802,0.24366891,-0.00752411
1591008995.17446756,0.76574401,0.24433213,-0.00712792
1591008995.18683696,0.76589585,0.24477719,-0.00678759
1591008995.19840693,0.76604944,0.24505470,-0.00656069
1591008995.21078372,0.76612275,0.24524843,-0.00637220
1591008995.22236013,0.76614020,0.24551547,-0.00600568
1591008995.23496890,0.76605817,0.24584359,-0.00560251
1591008995.24656987,0.76592378,0.24605652,-0.00530929
1591008995.25894547,0.76585222,0.24614204,-0.00519759
1591008995.27057338,0.76575972,0.24607048,-0.00515396
1591008995.28294086,0.76575274,0.24584010,-0.00513650
1591008995.29460645,0.76584349,0.24542994,-0.00501957
1591008995.30696964,0.76616464,0.24491507,-0.00486598
1591008995.31853819,0.76665507,0.24436878,-0.00482060
1591008995.33091116,0.76700763,0.24392896,-0.00478744
1591008995.34248519,0.76717518,0.24373698,-0.00483631
1591008995.35484123,0.76721009,0.24373348,-0.00479616
1591008995.36650395,0.76714551,0.24394292,-0.00469319
1591008995.37889791,0.76699541,0.24426581,-0.00463210
1591008995.39051604,0.76680692,0.24454332,-0.00462338
1591008995.40301251,0.76681913,0.24478941,-0.00466352
1591008995.41447830,0.76701112,0.24501979,-0.00461116
1591008995.42693830,0.76716645,0.24520654,-0.00443314
1591008995.43858433,0.76731481,0.24532872,-0.00398633
1591008995.45077372,0.76737938,0.24537933,-0.00339117
1591008995.46237278,0.76735320,0.24550325,-0.00273842
1591008995.47490478,0.76718914,0.24582439,-0.00216072
1591008995.48650789,0.76690116,0.24615775,-0.00152193
1591008995.49885511,0.76666729,0.24639337,-0.00065624
1591008995.51056123,0.76657479,0.24657488,0.00035256
1591008995.52293444,0.76658002,0.24645445,0.00142244
1591008995.53451943,0.76658177,0.24612110,0.00236492
1591008995.54697800,0.76650846,0.24568651,0.00321490
1591008995.55858517,0.76633917,0.24531999,0.00387812
1591008995.57075047,0.76590807,0.24509135,0.00429002
1591008995.58241844,0.76526055,0.24509484,0.00458323
1591008995.59489465,0.76466365,0.24512975,0.00472810
1591008995.60638642,0.76416100,0.24514546,0.00462338
1591008995.61897874,0.76373514,0.24513149,0.00424988
1591008995.63040471,0.76338258,0.24497965,0.00396713
1591008995.64280057,0.76309635,0.24479464,0.00386590
1591008995.65446162,0.76288167,0.24462884,0.00396364
1591008995.66685128,0.76307889,0.24470389,0.00413294
1591008995.67841864,0.76353093,0.24473705,0.00414516
1591008995.69082189,0.76380320,0.24477196,0.00417483
1591008995.70241642,0.76393759,0.24477545,0.00443314
1591008995.71484137,0.76404406,0.24459044,0.00486249
1591008995.72644114,0.76408944,0.24430421,0.00518712
1591008995.73880553,0.76427619,0.24406684,0.00551350
1591008995.75047684,0.76457289,0.24393420,0.00576308
1591008995.76284528,0.76477884,0.24389406,0.00601964
1591008995.77441430,0.76495163,0.24386264,0.00617672
1591008995.78678942,0.76526754,0.24362702,0.00611912
1591008995.79836226,0.76559217,0.24308073,0.00597601
1591008995.81098294,0.76584873,0.24254142,0.00583464
1591008995.82255030,0.76600232,0.24196023,0.00575435
1591008995.83493400,0.76592902,0.24150121,0.00581020
1591008995.84650373,0.76565849,0.24130573,0.00581020
1591008995.85886168,0.76517154,0.24135809,0.00548557
1591008995.87053442,0.76437393,0.24150295,0.00462861
1591008995.88292074,0.76324644,0.24152913,0.00363901
1591008995.89450741,0.76176990,0.24116436,0.00276286
1591008995.90685296,0.75988320,0.24015556,0.00195477
1591008995.91844702,0.75773819,0.23876104,0.00131947
1591008995.93089604,0.75534010,0.23708378,0.00095993
1591008995.94246006,0.75277272,0.23520406,0.00059865
1591008995.95489693,0.75026818,0.23275536,0.00004712
1591008995.96647525,0.74799925,0.22960854,-0.00069115
1591008995.97891831,0.74580362,0.22552097,-0.00161792
1591008995.99051881,0.74358357,0.22039843,-0.00271748
1591008996.00287104,0.74141238,0.21433167,-0.00418704
1591008996.01445913,0.73940001,0.20782508,-0.00598822
1591008996.02684474,0.73755171,0.20088216,-0.00821876
1591008996.03842664,0.73596520,0.19347847,-0.01051735
1591008996.05080152,0.73459337,0.18542727,-0.01268331
1591008996.06239438,0.73335419,0.17667793,-0.01478294
1591008996.07482147,0.73230176,0.16737708,-0.01727178
1591008996.08646321,0.73132786,0.15784583,-0.02021615
1591008996.09881186,0.73035921,0.14821511,-0.02396686
1591008996.11038065,0.72936611,0.13862976,-0.02810155
1591008996.12274122,0.72838175,0.12928875,-0.03210708
1591008996.13459349,0.72743229,0.12036663,-0.03599393
1591008996.14694929,0.72639731,0.11203618,-0.03989474
1591008996.15853858,0.72514765,0.10405653,-0.04361752
1591008996.17090631,0.72343374,0.09665808,-0.04690747
1591008996.18263006,0.72092745,0.09003630,-0.04966858
1591008996.19503617,0.71741410,0.08375486,-0.05138773
1591008996.20648503,0.71288497,0.07681543,-0.05209633
1591008996.21894622,0.70764724,0.06898588,-0.05141391
1591008996.23053265,0.70229431,0.06044948,-0.04991118
1591008996.24291277,0.69732187,0.05108055,-0.04864407
1591008996.25456667,0.69297774,0.04100302,-0.04756895
1591008996.26695061,0.68932302,0.03095516,-0.04655840
1591008996.27859092,0.68621459,0.02155831,-0.04579046
1591008996.29085636,0.68347966,0.01354725,-0.04531573
1591008996.30250549,0.68113045,0.00680678,-0.04508535
1591008996.31476092,0.67900289,0.00092852,-0.04493874
1591008996.32647586,0.67678109,-0.00458673,-0.04464552
1591008996.33891749,0.67425385,-0.01013338,-0.04412367
1591008996.35053635,0.67162364,-0.01566433,-0.04339238
1591008996.36291504,0.66923254,-0.02096489,-0.04270646
1591008996.37448263,0.66742089,-0.02615550,-0.04250575
1591008996.38694978,0.66612585,-0.03126234,-0.04280420
1591008996.39854455,0.66514847,-0.03638488,-0.04329987
1591008996.41090631,0.66427755,-0.04187394,-0.04366814
1591008996.42253327,0.66325828,-0.04791976,-0.04416032
1591008996.43490815,0.66206971,-0.05494646,-0.04506091
1591008996.44656157,0.66090034,-0.06286152,-0.04664916
1591008996.45893908,0.65970653,-0.07126005,-0.04868421
1591008996.47053456,0.65852843,-0.07971442,-0.05107532
1591008996.48298192,0.65757199,-0.08829272,-0.05403888
1591008996.49445629,0.65691401,-0.09711012,-0.05774596
1591008996.50683570,0.65626649,-0.10597116,-0.06199235
1591008996.51841903,0.65531005,-0.11441855,-0.06616718
1591008996.53078651,0.65381256,-0.12237900,-0.06970321
1591008996.54234719,0.65180194,-0.13029057,-0.07229328
1591008996.55496335,0.64953999,-0.13940468,-0.07454301
1591008996.56655073,0.64699530,-0.15089768,-0.07747691
1591008996.57891464,0.64386767,-0.16374679,-0.08099026
1591008996.59053540,0.63995813,-0.17590126,-0.08392939
1591008996.60290504,0.63515149,-0.18675896,-0.08446695
1591008996.61448002,0.62962404,-0.19691154,-0.08149640
1591008996.62681961,0.62327278,-0.20721596,-0.07471580
1591008996.63840151,0.61615010,-0.21749770,-0.06514790
1591008996.65076256,0.60946897,-0.22678808,-0.05526236
1591008996.66259789,0.60419284,-0.23460541,-0.04671025
1591008996.67496228,0.60038628,-0.24196721,-0.04036947
1591008996.68653512,0.59735464,-0.24976185,-0.03528183
1591008996.69893813,0.59477854,-0.25786891,-0.03098832
1591008996.71052003,0.59300877,-0.26575081,-0.02772805
1591008996.72289371,0.59202441,-0.27294855,-0.02546784
1591008996.73446798,0.59159331,-0.27906244,-0.02379233
1591008996.74680877,0.59186209,-0.28457244,-0.02258980
1591008996.75839257,0.59285519,-0.29032505,-0.02199289
1591008996.77075434,0.59419909,-0.29613350,-0.02193006
1591008996.78258967,0.59541907,-0.30178663,-0.02240479
1591008996.79473948,0.59608579,-0.30721635,-0.02303486
1591008996.80657458,0.59621320,-0.31256229,-0.02361081
1591008996.81893682,0.59586762,-0.31760105,-0.02385167
1591008996.83052611,0.59535275,-0.32170258,-0.02406285
1591008996.84289980,0.59522011,-0.32493842,-0.02480287
1591008996.85446596,0.59550634,-0.32749184,-0.02603508
1591008996.86683083,0.59605612,-0.32931396,-0.02768441
1591008996.87840748,0.59702652,-0.33048857,-0.02994636
1591008996.89083958,0.59856939,-0.33120066,-0.03274238
1591008996.90241981,0.60046133,-0.33182025,-0.03602360
1591008996.91479039,0.60223459,-0.33230894,-0.03943397
1591008996.92635846,0.60355929,-0.33276273,-0.04226315
1591008996.93894768,0.60451573,-0.33315717,-0.04442910
1591008996.95050883,0.60540585,-0.33349053,-0.04629660
1591008996.96286035,0.60659093,-0.33416074,-0.04798085
1591008996.97444630,0.60809540,-0.33482222,-0.04957259
1591008996.98681140,0.60996465,-0.33588512,-0.05138424
1591008996.99847007,0.61209395,-0.33762696,-0.05365666
1591008997.01093292,0.61447632,-0.33970565,-0.05647362
1591008997.02252150,0.61691455,-0.34171976,-0.05939705
1591008997.03490233,0.61917301,-0.34365708,-0.06211976
1591008997.04657173,0.62128485,-0.34558741,-0.06490181
1591008997.05893683,0.62326580,-0.34767482,-0.06750934
1591008997.07051468,0.62503906,-0.34950044,-0.06989520
1591008997.08286595,0.62640565,-0.35081642,-0.07149218
1591008997.09445691,0.62734464,-0.35158785,-0.07216238
1591008997.10681820,0.62789616,-0.35195786,-0.07195120
1591008997.11864042,0.62808291,-0.35231565,-0.07087084
1591008997.13097978,0.62794852,-0.35258269,-0.06906093
1591008997.14260864,0.62763960,-0.35294223,-0.06668205
1591008997.15496492,0.62730973,-0.35356007,-0.06380749
1591008997.16637731,0.62687340,-0.35471025,-0.06048264
1591008997.17879033,0.62640041,-0.35648001,-0.05667608
1591008997.19061112,0.62598153,-0.35892522,-0.05254837
1591008997.20286107,0.62545270,-0.36159557,-0.04815363
1591008997.21447325,0.62466905,-0.36416469,-0.04335049
1591008997.22683716,0.62351015,-0.36647202,-0.03797836
1591008997.23864484,0.62189223,-0.36788748,-0.03171961
1591008997.25086999,0.61992001,-0.36857514,-0.02487443
1591008997.26246667,0.61768249,-0.36924535,-0.01788264
1591008997.27482462,0.61531583,-0.37010056,-0.01096416
1591008997.28641868,0.61273972,-0.37108492,-0.00426733
1591008997.29879189,0.60998036,-0.37195933,0.00195477
1591008997.31039023,0.60716165,-0.37254751,0.00730769
1591008997.32278991,0.60420855,-0.37303969,0.01185951
1591008997.33462334,0.60118390,-0.37280058,0.01582490
1591008997.34698057,0.59854845,-0.37129611,0.01885828
1591008997.35855079,0.59637377,-0.36855594,0.02108881
1591008997.37093139,0.59442424,-0.36496405,0.02271371
1591008997.38249612,0.59250961,-0.36091489,0.02429498
1591008997.39484048,0.59039951,-0.35668421,0.02648886
1591008997.40649033,0.58805204,-0.35218301,0.02968107
1591008997.41891837,0.58562429,-0.34778652,0.03346843
1591008997.43048286,0.58332743,-0.34400614,0.03724009
1591008997.44283700,0.58123653,-0.34089596,0.04094368
1591008997.45442152,0.57936205,-0.33800570,0.04446924
1591008997.46677351,0.57780870,-0.33474542,0.04776443
1591008997.47859859,0.57663060,-0.33053569,0.05114338
1591008997.49078584,0.57553105,-0.32555801,0.05493424
1591008997.50240922,0.57442800,-0.32070076,0.05897468
1591008997.51479554,0.57312075,-0.31658178,0.06334149
1591008997.52640200,0.57156740,-0.31320632,0.06791774
1591008997.53874350,0.56982731,-0.31032827,0.07252716
1591008997.55060744,0.56788651,-0.30773471,0.07692364
1591008997.56278753,0.56569437,-0.30534361,0.08092743
1591008997.57436514,0.56346035,-0.30265929,0.08463974
1591008997.58696222,0.56157539,-0.29932048,0.08808851
1591008997.59855866,0.56010059,-0.29529226,0.09145874
1591008997.61098242,0.55896089,-0.29037915,0.09509601
1591008997.62256265,0.55818422,-0.28488137,0.09903696
1591008997.63493490,0.55770775,-0.27893154,0.10341250
1591008997.64655185,0.55734297,-0.27262217,0.10814758
1591008997.65874147,0.55703405,-0.26591138,0.11303625
1591008997.67060351,0.55689617,-0.25846232,0.11802440
1591008997.68297315,0.55734995,-0.25040064,0.12242961
1591008997.69461608,0.55822960,-0.24179093,0.12640373
1591008997.70674062,0.55903769,-0.23275885,0.13061521
1591008997.71858549,0.55935359,-0.22351908,0.13530316
1591008997.73074436,0.55928552,-0.21331763,0.13955129
1591008997.74257708,0.55887188,-0.20264494,0.14269463
1591008997.75493455,0.55800096,-0.19142771,0.14550112
1591008997.76651883,0.55677574,-0.17940414,0.14887484
1591008997.77885985,0.55549990,-0.16759524,0.15301127
1591008997.79049468,0.55417520,-0.15732921,0.15768701
1591008997.80285716,0.55269341,-0.14881899,0.16297186
1591008997.81447291,0.55105979,-0.14207678,0.16885537
1591008997.82688713,0.54922894,-0.13703627,0.17534450
1591008997.83846521,0.54711534,-0.13357703,0.18258413
1591008997.85082960,0.54465617,-0.13150358,0.19052363
1591008997.86242390,0.54213592,-0.13017015,0.19868828
1591008997.87479687,0.54002058,-0.12865869,0.20662778
1591008997.88637161,0.53838346,-0.12673534,0.21433341
1591008997.89873886,0.53747414,-0.12451702,0.22183484
1591008997.91047454,0.53721060,-0.12205437,0.22895927
1591008997.92291331,0.53710937,-0.11918853,0.23572591
1591008997.93450856,0.53705003,-0.11613944,0.24212255
1591008997.94688225,0.53692786,-0.11286870,0.24829228
1591008997.95846486,0.53692786,-0.10965206,0.25413914
1591008997.97091460,0.53746542,-0.10686476,0.25931055
1591008997.98248506,0.53851087,-0.10482971,0.26334575
1591008997.99485207,0.53988095,-0.10401988,0.26595327
1591008998.00645065,0.54142906,-0.10452253,0.26746298
1591008998.01889110,0.54313599,-0.10604446,0.26807908
1591008998.03047919,0.54503491,-0.10821565,0.26771256
1591008998.04281902,0.54720959,-0.11050552,0.26641753
1591008998.05467677,0.54966701,-0.11233288,0.26441738
1591008998.06698442,0.55235308,-0.11372914,0.26211704
1591008998.07845068,0.55501645,-0.11449709,0.26004882
1591008998.09080029,0.55752623,-0.11489328,0.25814641
1591008998.10247540,0.55973058,-0.11507130,0.25658085
1591008998.11483264,0.56138166,-0.11511843,0.25568375
1591008998.12641072,0.56253707,-0.11540117,0.25548828
1591008998.13878703,0.56321251,-0.11590382,0.25595079
1591008998.15036511,0.56345861,-0.11613595,0.25694737
1591008998.16297317,0.56356332,-0.11602600,0.25835585
1591008998.17464375,0.56361568,-0.11568391,0.25984287
1591008998.18685889,0.56355460,-0.11528423,0.26128103
1591008998.19846487,0.56332596,-0.11493168,0.26278899
1591008998.21092606,0.56297166,-0.11446044,0.26468442
1591008998.22252107,0.56250566,-0.11369773,0.26683815
1591008998.23489928,0.56183894,-0.11243760,0.26933048
1591008998.24653649,0.56104656,-0.11088426,0.27191183
1591008998.25892138,0.56007092,-0.10925412,0.27465723
1591008998.27048421,0.55889108,-0.10753672,0.27763825
1591008998.28290415,0.55759953,-0.10568492,0.28090027
1591008998.29449081,0.55620153,-0.10355911,0.28435253
1591008998.30681849,0.55472498,-0.10110692,0.28790777
1591008998.31845093,0.55327112,-0.09842959,0.29170910
1591008998.33081317,0.55223090,-0.09555154,0.29560118
1591008998.34238863,0.55157989,-0.09277996,0.29974110
1591008998.35473990,0.55105106,-0.09013753,0.30428070
1591008998.36658764,0.55058331,-0.08751430,0.30907861
1591008998.37892962,0.55016792,-0.08502022,0.31422384
1591008998.39050388,0.54981188,-0.08251393,0.31967102
1591008998.40285707,0.54952215,-0.07985579,0.32521942
1591008998.41448069,0.54908058,-0.07778932,0.33115354
1591008998.42683768,0.54856746,-0.07592880,0.33732851
1591008998.43841386,0.54807004,-0.07460061,0.34365184
1591008998.45078397,0.54757960,-0.07294953,0.34991757
1591008998.46261120,0.54715199,-0.07100872,0.35620425
1591008998.47496772,0.54660396,-0.06899112,0.36263404
1591008998.48655152,0.54624442,-0.06686182,0.36849486
1591008998.49892068,0.54636660,-0.06468539,0.37342017
1591008998.51047301,0.54673311,-0.06210754,0.37773986
1591008998.52287078,0.54707345,-0.05914921,0.38179950
1591008998.53448701,0.54760229,-0.05568648,0.38550833
1591008998.54683232,0.54870185,-0.05165826,0.38849109
1591008998.55844760,0.55034420,-0.04726177,0.39034987
1591008998.57080483,0.55216458,-0.04266632,0.39129060
1591008998.58236074,0.55391514,-0.03792077,0.39176708
1591008998.59499002,0.55562033,-0.03338291,0.39191368
1591008998.60657334,0.55738835,-0.02900563,0.39181944
1591008998.61892653,0.55897485,-0.02492330,0.39187703
1591008998.63048267,0.56007790,-0.02129651,0.39266068
1591008998.64282775,0.56104307,-0.01827011,0.39389114
1591008998.65439606,0.56178832,-0.01596278,0.39558411
1591008998.66684484,0.56239570,-0.01400976,0.39755808
1591008998.67844987,0.56302576,-0.01197121,0.39939591
1591008998.69080877,0.56351446,-0.00947190,0.40054783
1591008998.70236278,0.56379371,-0.00664447,0.40145365
1591008998.71497846,0.56404853,-0.00324980,0.40279232
1591008998.72654128,0.56469430,0.00031940,0.40432821
1591008998.73891020,0.56584971,0.00389383,0.40580825
1591008998.75047684,0.56754093,0.00757996,0.40717659
1591008998.76281905,0.56961438,0.01196074,0.40842275
1591008998.77439594,0.57179953,0.01753183,0.41030771
1591008998.78681135,0.57423427,0.02388309,0.41301995
1591008998.79839587,0.57683132,0.03045949,0.41588054
1591008998.81076741,0.57914213,0.03678107,0.41857882
1591008998.82238173,0.58105676,0.04281642,0.42085473
1591008998.83474946,0.58217028,0.04879242,0.42229812
1591008998.84658694,0.58234307,0.05509830,0.42290899
1591008998.85893965,0.58204113,0.06179687,0.42274318
1591008998.87052631,0.58145295,0.06851639,0.42178674
1591008998.88290834,0.58063963,0.07496189,0.42029274
1591008998.89447713,0.57997815,0.08090648,0.41863642
1591008998.90683722,0.57992753,0.08631700,0.41746007
1591008998.91841578,0.58067453,0.09117251,0.41681081
1591008998.93078423,0.58228547,0.09563357,0.41627499
1591008998.94261861,0.58453520,0.09964434,0.41571823
1591008998.95497608,0.58724221,0.10320655,0.41523303
1591008998.96653461,0.59022148,0.10611951,0.41477575
1591008998.97890782,0.59335260,0.10849316,0.41398512
1591008998.99046493,0.59668618,0.11045316,0.41277037
1591008999.00276017,0.60026585,0.11248298,0.41124670
1591008999.01461291,0.60389439,0.11486710,0.40965146
1591008999.02693892,0.60760845,0.11791095,0.40838087
1591008999.03854108,0.61154243,0.12193045,0.40717833
1591008999.05092907,0.61590400,0.12700237,0.40525673
1591008999.06258392,0.62067573,0.13321924,0.40211164
1591008999.07495093,0.62571799,0.14073986,0.39778672
1591008999.08652329,0.63098714,0.14966198,0.39298357
1591008999.09887338,0.63659837,0.15966447,0.38789768
1591008999.11064219,0.64239985,0.17044536,0.38305090
1591008999.12278914,0.64771263,0.18108315,0.37818318
1591008999.13442183,0.65197123,0.18947992,0.37253180
1591008999.14682746,0.65550029,0.19532678,0.36710557
1591008999.15842056,0.65865235,0.19936896,0.36283999
1591008999.17079425,0.66183758,0.20219116,0.35974727
1591008999.18244410,0.66519734,0.20447056,0.35764763
1591008999.19482541,0.66887998,0.20648816,0.35635085
1591008999.20640349,0.67304783,0.20812528,0.35563702
1591008999.21877503,0.67783003,0.20918644,0.35488303
1591008999.23047853,0.68302762,0.21051638,0.35403131
1591008999.24284673,0.68858475,0.21301394,0.35377649
1591008999.25441647,0.69433212,0.21607351,0.35373810
1591008999.26683044,0.70014407,0.21907722,0.35351120
1591008999.27846456,0.70609040,0.22187498,0.35289161
1591008999.29080629,0.71221127,0.22428528,0.35220221
1591008999.30239129,0.71842115,0.22629066,0.35144124
1591008999.31475210,0.72493821,0.22858054,0.35032947
1591008999.32661343,0.73173278,0.23177449,0.34861556
1591008999.33896542,0.73858320,0.23612385,0.34626983
1591008999.35053587,0.74523116,0.24107709,0.34330452
1591008999.36290002,0.75168713,0.24589420,0.33980862
1591008999.37447143,0.75798428,0.25056645,0.33604569
1591008999.38683748,0.76414878,0.25540625,0.33204540
1591008999.39839983,0.77003927,0.26005231,0.32747089
1591008999.41077137,0.77586343,0.26452908,0.32274803
1591008999.42258978,0.78154448,0.26876151,0.31785762
1591008999.43500638,0.78709288,0.27285779,0.31285376
1591008999.44659567,0.79256623,0.27736249,0.30750432
1591008999.45893836,0.79776382,0.28229304,0.30171856
1591008999.47051883,0.80239592,0.28743129,0.29551217
1591008999.48289251,0.80657599,0.29290639,0.28978225
1591008999.49447083,0.81024991,0.29838672,0.28505066
1591008999.50681186,0.81337754,0.30408872,0.28142562
1591008999.51838803,0.81594841,0.30963886,0.27860342
1591008999.53078890,0.81812134,0.31477188,0.27602033
1591008999.54262948,0.81990158,0.31912647,0.27313705
1591008999.55499029,0.82130133,0.32236406,0.27015253
1591008999.56656313,0.82236249,0.32474992,0.26734430
1591008999.57893157,0.82320199,0.32673611,0.26505617
1591008999.59050870,0.82420207,0.32902249,0.26339811
1591008999.60291314,0.82560880,0.33203144,0.26211355
1591008999.61448121,0.82746933,0.33573153,0.26120947
1591008999.62682962,0.82931937,0.33957824,0.26017798
1591008999.63853693,0.83113452,0.34310206,0.25905224
1591008999.65091109,0.83322368,0.34605865,0.25756522
1591008999.66247916,0.83563223,0.34892797,0.25589145
1591008999.67484808,0.83823277,0.35191248,0.25442886
1591008999.68644667,0.84108638,0.35502964,0.25350733
1591008999.69880390,0.84428732,0.35805081,0.25306576
1591008999.71037722,0.84784779,0.36120112,0.25295057
1591008999.72297215,0.85158454,0.36452249,0.25256485
1591008999.73444963,0.85535794,0.36802013,0.25160666
1591008999.74681735,0.85916101,0.37183891,0.25043380
1591008999.75836825,0.86293267,0.37627902,0.24952274
1591008999.77092791,0.86647220,0.38086749,0.24921731
1591008999.78247428,0.86977087,0.38509992,0.24915797
1591008999.79480124,0.87288279,0.38878605,0.24949133
1591008999.80662441,0.87579400,0.39189972,0.25005681
1591008999.81895256,0.87895479,0.39464338,0.25063452
1591008999.83050990,0.88251352,0.39725439,0.25126982
1591008999.84290791,0.88614904,0.40003994,0.25172535
1591008999.85447097,0.88965017,0.40306459,0.25189464
1591008999.86680150,0.89303436,0.40650464,0.25187196
1591008999.87861395,0.89601364,0.41038276,0.25141991
1591008999.89094162,0.89861244,0.41482113,0.25116335
1591008999.90247607,0.90110651,0.41957017,0.25149147
1591008999.91479731,0.90394442,0.42428256,0.25207092
1591008999.92659521,0.90713488,0.42866159,0.25225767
1591008999.93889499,0.91047020,0.43243848,0.25137803
1591008999.95050955,0.91377411,0.43514374,0.24936043
1591008999.96283031,0.91691570,0.43674596,0.24655743
1591008999.97437334,0.91995607,0.43735508,0.24310517
1591008999.98678684,0.92296327,0.43719800,0.23926544
1591008999.99860525,0.92582386,0.43651034,0.23546411
1591009000.01088357,0.92853087,0.43586806,0.23193855
1591009000.02267861,0.93087659,0.43522926,0.22818609
1591009000.03501773,0.93277551,0.43433915,0.22436557
1591009000.04659486,0.93405658,0.43293590,0.22051013
1591009000.05896854,0.93473377,0.43107015,0.21655173
1591009000.07050824,0.93509854,0.42904905,0.21277134
1591009000.08282328,0.93534638,0.42664574,0.20922833
1591009000.09437561,0.93572512,0.42404869,0.20572545
1591009000.10694599,0.93646339,0.42126489,0.20201313
1591009000.11848354,0.93752630,0.41832401,0.19810534
1591009000.13081956,0.93867298,0.41519987,0.19400207
1591009000.14241457,0.93971669,0.41187676,0.18960035
1591009000.15477276,0.94062775,0.40885385,0.18489494
1591009000.16657710,0.94149343,0.40652383,0.18019303
1591009000.17891240,0.94256332,0.40495478,0.17543352
1591009000.19046021,0.94383741,0.40376621,0.17018356
1591009000.20278263,0.94524763,0.40306285,0.16418836
1591009000.21459389,0.94649380,0.40266491,0.15725591
1591009000.22692513,0.94721462,0.40252005,0.14945254
1591009000.23846674,0.94731236,0.40257939,0.14101737
1591009000.25087714,0.94705405,0.40339271,0.13235704
1591009000.26240849,0.94665088,0.40459176,0.12358327
1591009000.27498269,0.94646413,0.40598802,0.11474842
1591009000.28651857,0.94649729,0.40726560,0.10587516
1591009000.29888439,0.94672942,0.40822553,0.09735447
1591009000.31043363,0.94710292,0.40887828,0.08968898
1591009000.32275748,0.94770157,0.40920292,0.08312480
1591009000.33455467,0.94863183,0.40839483,0.07820297
1591009000.34691978,0.94946959,0.40790614,0.07240149
1591009000.35846400,0.95020611,0.40694795,0.06553013
1591009000.37077451,0.95055343,0.40475058,0.05884552
1591009000.38258791,0.95035796,0.40348347,0.05214695
1591009000.39489794,0.94963714,0.40198947,0.04562989
1591009000.40644383,0.94832639,0.39987064,0.03983539
1591009000.41877508,0.94721287,0.39762440,0.03634299
1591009000.43057752,0.94672942,0.39583195,0.03530627
1591009000.44293165,0.94736646,0.39424195,0.03591539
1591009000.45447278,0.94884650,0.39273748,0.03630983
1591009000.46679211,0.95039286,0.39134471,0.03600614
1591009000.47859788,0.95195668,0.39031322,0.03573562
1591009000.49097991,0.95367234,0.38987688,0.03575656
1591009000.50253463,0.95559918,0.39012821,0.03557156
1591009000.51486039,0.95769532,0.39113178,0.03467795
1591009000.52638602,0.95959424,0.39302720,0.03270747
1591009000.53894901,0.96122438,0.39609898,0.03000745
1591009000.55063915,0.96240247,0.40013767,0.02655344
1591009000.56292701,0.96328561,0.40457779,0.02260550
1591009000.57459521,0.96412861,0.40884338,0.01857030
1591009000.58691669,0.96521595,0.41238989,0.01483879
1591009000.59839344,0.96660872,0.41435164,0.01130450
1591009000.61079597,0.96826155,0.41527492,0.00793776
1591009000.62262011,0.97016395,0.41590498,0.00480315
1591009000.63503218,0.97233165,0.41637622,0.00179420
1591009000.64665055,0.97466341,0.41677415,-0.00135088
1591009000.65883207,0.97716971,0.41732568,-0.00469145
1591009000.67051530,0.97986275,0.41776550,-0.00822399
1591009000.68290639,0.98263608,0.41828037,-0.01174956
1591009000.69463921,0.98536926,0.41909893,-0.01507092
1591009000.70685768,0.98831363,0.42055977,-0.01806067
1591009000.71851659,0.99148490,0.42266115,-0.02079211
1591009000.73095322,0.99480451,0.42522155,-0.02334901
1591009000.74238133,0.99813809,0.42763185,-0.02559874
1591009000.75491285,1.00164795,0.42957091,-0.02725157
1591009000.76653433,1.00518399,0.43081184,-0.02825339
1591009000.77891564,1.00840586,0.43163389,-0.02876826
1591009000.79053950,1.01131358,0.43239485,-0.02925695
1591009000.80291820,1.01409913,0.43327450,-0.02974914
1591009000.81450486,1.01697019,0.43355375,-0.02944021
1591009000.82692790,1.02016938,0.43312789,-0.02774724
1591009000.83856487,1.02377000,0.43276137,-0.02465627
1591009000.85082078,1.02755213,0.43333907,-0.02124066
1591009000.86253834,1.03151577,0.43526941,-0.01819331
1591009000.87487197,1.03572899,0.43856110,-0.01545838
1591009000.88649440,1.04027907,0.44220709,-0.01322436
1591009000.89889359,1.04522882,0.44578851,-0.01207768
1591009000.91046476,1.04987838,0.44901038,-0.01262048
1591009000.92282248,1.05361862,0.45141719,-0.01486148
1591009000.93448186,1.05625406,0.45308747,-0.01783552
1591009000.94684410,1.05766953,0.45397061,-0.02079909
1591009000.95861769,1.05800638,0.45422194,-0.02422168
1591009000.97106218,1.05766953,0.45424812,-0.02871416
1591009000.98257136,1.05653681,0.45424637,-0.03459941
1591009000.99497008,1.05450524,0.45430222,-0.04121595
1591009001.00657225,1.05185234,0.45463209,-0.04791976
1591009001.01896548,1.04890972,0.45528135,-0.05479810
1591009001.03054261,1.04579256,0.45581542,-0.06211278
1591009001.04291606,1.04244153,0.45636171,-0.06997549
1591009001.05457211,1.03906257,0.45697258,-0.07825533
1591009001.06697249,1.03600475,0.45743334,-0.08675508
1591009001.07857203,1.03335884,0.45776845,-0.09523215
1591009001.09094548,1.03131331,0.45790633,-0.10365161
1591009001.10255599,1.02974949,0.45767420,-0.11218802
1591009001.11498499,1.02837068,0.45675441,-0.12080471
1591009001.12656569,1.02706518,0.45530404,-0.12908630
1591009001.13892126,1.02570382,0.45292516,-0.13713401
1591009001.15048647,1.02422029,0.44956714,-0.14499148
1591009001.16293764,1.02258317,0.44583214,-0.15240215
1591009001.17461324,1.02080643,0.44194529,-0.15917403
1591009001.18696833,1.01894940,0.43771461,-0.16553052
1591009001.19854331,1.01684628,0.43332511,-0.17172295
1591009001.21091485,1.01412182,0.42924628,-0.17758551
1591009001.22247767,1.01086154,0.42591095,-0.18306060
1591009001.23484492,1.00760650,0.42336103,-0.18800861
1591009001.24640751,1.00452949,0.42144640,-0.19285365
1591009001.25880504,1.00151879,0.41979532,-0.19824846
1591009001.27047014,0.99859886,0.41778644,-0.20408659
1591009001.28282285,0.99559689,0.41461693,-0.21001372
1591009001.29439306,0.99273455,0.41044384,-0.21528636
1591009001.30677366,0.99012703,0.40615732,-0.21968110
1591009001.31861281,0.98804311,0.40219018,-0.22359064
1591009001.33095932,0.98649849,0.39873967,-0.22733612
1591009001.34253097,0.98526280,0.39526472,-0.23119504
1591009001.35491586,0.98431159,0.39101135,-0.23512203
1591009001.36659431,0.98353667,0.38607905,-0.23856033
1591009001.37895322,0.98271462,0.38091636,-0.24105440
1591009001.39054275,0.98189780,0.37607133,-0.24280671
1591009001.40291262,0.98118396,0.37200122,-0.24407731
1591009001.41449809,0.98040729,0.36849486,-0.24510008
1591009001.42683983,0.97939500,0.36550511,-0.24602859
1591009001.43841767,0.97797256,0.36228323,-0.24722763
1591009001.45080495,0.97624643,0.35882399,-0.24848951
1591009001.46241379,0.97441732,0.35516578,-0.24945816
1591009001.47482872,0.97270166,0.35110265,-0.24998525
1591009001.48644662,0.97144503,0.34713552,-0.25023135
1591009001.49881244,0.97056014,0.34330277,-0.25084047
1591009001.51039171,0.96982187,0.33933564,-0.25240079
1591009001.52302098,0.96920751,0.33562158,-0.25471161
1591009001.53442121,0.96847273,0.33215710,-0.25736974
1591009001.54679966,0.96738714,0.32883574,-0.25989523
1591009001.55861998,0.96619682,0.32577618,-0.26228808
1591009001.57079315,0.96532241,0.32298540,-0.26458144
1591009001.58238983,0.96494018,0.32035867,-0.26700745
1591009001.59477091,0.96473249,0.31719614,-0.27006527
1591009001.60660505,0.96436772,0.31271762,-0.27392419
1591009001.61896777,0.96383888,0.30732281,-0.27765396
1591009001.63054633,0.96330481,0.30133110,-0.28069432
1591009001.64291549,0.96299414,0.29494144,-0.28287947
1591009001.65448761,0.96307443,0.28918360,-0.28445376
1591009001.66685009,0.96350727,0.28456197,-0.28611008
1591009001.67848039,0.96410243,0.28058088,-0.28841217
1591009001.69085121,0.96475692,0.27631006,-0.29184698
1591009001.70244122,0.96531019,0.27118053,-0.29618761
1591009001.71483231,0.96560515,0.26593407,-0.30077084
1591009001.72645307,0.96580063,0.26083073,-0.30515686
1591009001.73883057,0.96601007,0.25580418,-0.30973660
1591009001.75044703,0.96613573,0.25094169,-0.31454324
1591009001.76281738,0.96618809,0.24625549,-0.31915265
1591009001.77454424,0.96619508,0.24175777,-0.32305346
1591009001.78693485,0.96607290,0.23754106,-0.32640100
1591009001.79867196,0.96597342,0.23376242,-0.32953213
1591009001.81093240,0.96594026,0.23023336,-0.33290934
1591009001.82257199,0.96581110,0.22691724,-0.33653613
1591009001.83498168,0.96539397,0.22403570,-0.34013675
1591009001.84656501,0.96472900,0.22166903,-0.34320154
1591009001.85878372,0.96417224,0.21958162,-0.34585968
1591009001.87042475,0.96393662,0.21736680,-0.34834154
1591009001.88280749,0.96397153,0.21465455,-0.35091415
1591009001.89466286,0.96400992,0.21136112,-0.35368050
1591009001.90685201,0.96395931,0.20776923,-0.35674530
1591009001.91862559,0.96390520,0.20388762,-0.36022374
1591009001.93103051,0.96362421,0.19974246,-0.36403554
1591009001.94261360,0.96302207,0.19567410,-0.36766931
1591009001.95496416,0.96244960,0.19191815,-0.37061718
1591009001.96655869,0.96205341,0.18832801,-0.37254926
1591009001.97880125,0.96176892,0.18467503,-0.37329277
1591009001.99055338,0.96154377,0.18084578,-0.37294195
1591009002.00295782,0.96147570,0.17693799,-0.37190697
1591009002.01464629,0.96157868,0.17242980,-0.37090690
1591009002.02681351,0.96177241,0.16728632,-0.37034316
1591009002.03841138,0.96188760,0.16152848,-0.37036934
1591009002.05078673,0.96173925,0.15549138,-0.37057180
1591009002.06262207,0.96136051,0.14968816,-0.37026986
1591009002.07488728,0.96088055,0.14410486,-0.36929247
1591009002.08655167,0.96034473,0.13866466,-0.36800616
1591009002.09893751,0.95997298,0.13328730,-0.36653311
1591009002.11051679,0.95975830,0.12811764,-0.36508274
1591009002.12291813,0.95943542,0.12302477,-0.36371614
1591009002.13451076,0.95897639,0.11810643,-0.36217327
1591009002.14685750,0.95840393,0.11359650,-0.36045936
1591009002.15841174,0.95787858,0.10876892,-0.35926730
1591009002.17079759,0.95741956,0.10351897,-0.35891823
1591009002.18242359,0.95679124,0.09793217,-0.35902819
1591009002.19480467,0.95602330,0.09223891,-0.35943136
1591009002.20646071,0.95518903,0.08647583,-0.36030926
1591009002.21880198,0.95424481,0.08110196,-0.36161651
1591009002.23061872,0.95324473,0.07618537,-0.36333915
1591009002.24297237,0.95227433,0.07162308,-0.36544577
1591009002.25461316,0.95111718,0.06707126,-0.36781767
1591009002.26678681,0.94956732,0.06278822,-0.37050897
1591009002.27841973,0.94763175,0.05887170,-0.37341843
1591009002.29079914,0.94547453,0.05499532,-0.37648497
1591009002.30264568,0.94328588,0.05110673,-0.37960039
1591009002.31500959,0.94120371,0.04717101,-0.38275769
1591009002.32657909,0.93931002,0.04307298,-0.38596037
1591009002.33893847,0.93762927,0.03881787,-0.38903913
1591009002.35051775,0.93604451,0.03465351,-0.39177057
1591009002.36287093,0.93446324,0.03093945,-0.39414421
1591009002.37443709,0.93292386,0.02763031,-0.39649866
1591009002.38683987,0.93138448,0.02413441,-0.39909397
1591009002.39841676,0.92974038,0.02010794,-0.40169974
1591009002.41077828,0.92801076,0.01572716,-0.40396169
1591009002.42260814,0.92617293,0.01096067,-0.40615906
1591009002.43496799,0.92418675,0.00601790,-0.40850304
1591009002.44654560,0.92210108,0.00134041,-0.41082956
1591009002.45891523,0.92009395,-0.00302116,-0.41296584
1591009002.47048545,0.91849697,-0.00757647,-0.41501312
1591009002.48286986,0.91750563,-0.01208990,-0.41718605
1591009002.49446988,0.91691745,-0.01655270,-0.41965744
1591009002.50684214,0.91626993,-0.02100678,-0.42261228
1591009002.51843810,0.91528557,-0.02484825,-0.42536990
1591009002.53078818,0.91396784,-0.02834066,-0.42727929
1591009002.54261422,0.91246511,-0.03195872,-0.42812752
1591009002.55496907,0.91104791,-0.03622605,-0.42819035
1591009002.56654096,0.90988028,-0.04092797,-0.42783954
1591009002.57891297,0.90888021,-0.04533144,-0.42723566
1591009002.59053922,0.90786443,-0.04925494,-0.42626700
1591009002.60291266,0.90661652,-0.05321160,-0.42509414
1591009002.61448860,0.90488515,-0.05741959,-0.42353207
1591009002.62684178,0.90249056,-0.06201504,-0.42108337
1591009002.63843966,0.89949906,-0.06732782,-0.41782135
1591009002.65080571,0.89616548,-0.07343996,-0.41401304
1591009002.66261864,0.89284238,-0.08034623,-0.40980680
1591009002.67499232,0.88973744,-0.08774992,-0.40543649
1591009002.68661022,0.88683495,-0.09545904,-0.40094227
1591009002.69896650,0.88410351,-0.10385756,-0.39663305
1591009002.71057916,0.88164958,-0.11252138,-0.39309178
1591009002.72306323,0.87923055,-0.12051673,-0.39092234
1591009002.73468423,0.87662827,-0.12762546,-0.39005665
1591009002.74696016,0.87380607,-0.13376203,-0.39011250
1591009002.75856280,0.87068891,-0.13921793,-0.39029053
1591009002.77093959,0.86740071,-0.14370517,-0.38980009
1591009002.78252602,0.86418931,-0.14684851,-0.38853298
1591009002.79491067,0.86146310,-0.14949967,-0.38740899
1591009002.80653286,0.85913309,-0.15182270,-0.38681383
1591009002.81893039,0.85720799,-0.15441626,-0.38682081
1591009002.83053088,0.85554120,-0.15775508,-0.38742644
1591009002.84300327,0.85354105,-0.16234355,-0.38817170
1591009002.85460734,0.85102778,-0.16818342,-0.38859581
1591009002.86683130,0.84811133,-0.17448580,-0.38842128
1591009002.87843466,0.84471318,-0.18026633,-0.38726762
1591009002.89093161,0.84069019,-0.18498919,-0.38474038
1591009002.90254235,0.83625706,-0.18942582,-0.38096872
1591009002.91492343,0.83182392,-0.19420628,-0.37675899
1591009002.92657518,0.82770494,-0.19977911,-0.37304493
1591009002.93895316,0.82383729,-0.20648641,-0.36999235
1591009002.95053244,0.82003771,-0.21416761,-0.36730454
1591009002.96291709,0.81592746,-0.22244396,-0.36517524
1591009002.97466850,0.81126045,-0.23017402,-0.36323792
1591009002.98685598,0.80598607,-0.23735431,-0.36150132
1591009002.99845028,0.79995945,-0.24466724,-0.35942962
1591009003.01080394,0.79347904,-0.25163459,-0.35718861
1591009003.02239394,0.78717840,-0.25822670,-0.35526177
1591009003.03501725,0.78113956,-0.26554836,-0.35388820
1591009003.04658556,0.77494190,-0.27345470,-0.35281307
1591009003.05894017,0.76841611,-0.28088107,-0.35160356
1591009003.07050729,0.76214340,-0.28764597,-0.35077278
1591009003.08283114,0.75628956,-0.29443704,-0.35031376
1591009003.09447813,0.75068531,-0.30155973,-0.35025442
1591009003.10684133,0.74514389,-0.30877143,-0.35090019
1591009003.11840367,0.73979271,-0.31575101,-0.35273977
1591009003.13101768,0.73445898,-0.32284053,-0.35560211
1591009003.14259243,0.72863133,-0.32974506,-0.35932664
1591009003.15493727,0.72256631,-0.33461452,-0.36399016
1591009003.16658354,0.71714706,-0.33823085,-0.36920870
1591009003.17895246,0.71251845,-0.34201996,-0.37433124
1591009003.19058275,0.70821621,-0.34590855,-0.37867536
1591009003.20293260,0.70413738,-0.34988616,-0.38213809
1591009003.21450949,0.70045648,-0.35447288,-0.38516799
1591009003.22687626,0.69720668,-0.35978392,-0.38803905
1591009003.23845124,0.69426754,-0.36550511,-0.39059771
1591009003.25080991,0.69163035,-0.37146715,-0.39252629
1591009003.26264811,0.68949756,-0.37757929,-0.39374977
1591009003.27500391,0.68832819,-0.38402654,-0.39492089
1591009003.28658104,0.68801403,-0.39096772,-0.39630319
1591009003.29899168,0.68832644,-0.39808517,-0.39792809
1591009003.31058335,0.68938411,-0.40581000,-0.39985668
1591009003.32293534,0.69084321,-0.41447206,-0.40213259
1591009003.33451009,0.69229707,-0.42340466,-0.40465808
1591009003.34686613,0.69346993,-0.43188696,-0.40726560
1591009003.35843778,0.69439321,-0.43950881,-0.40973350
1591009003.37080145,0.69515242,-0.44642381,-0.41183487
1591009003.38261867,0.69586103,-0.45277681,-0.41378964
1591009003.39496732,0.69710370,-0.45901461,-0.41635527
1591009003.40655708,0.69921555,-0.46492604,-0.41998207
1591009003.41892409,0.70197317,-0.47046048,-0.42442219
1591009003.43049598,0.70487740,-0.47565633,-0.42918694
1591009003.44283795,0.70751285,-0.48020116,-0.43399183
1591009003.45447445,0.71003659,-0.48444406,-0.43913008
1591009003.46683741,0.71248703,-0.48830647,-0.44461739
1591009003.47841382,0.71461459,-0.49134858,-0.45023561
1591009003.49079633,0.71617841,-0.49372223,-0.45570896
1591009003.50242543,0.71697428,-0.49537157,-0.46071282
1591009003.51479602,0.71719593,-0.49604701,-0.46517562
1591009003.52647400,0.71711390,-0.49576601,-0.46923701
1591009003.53891993,0.71723084,-0.49569620,-0.47325650
1591009003.55048943,0.71727098,-0.49586898,-0.47663895
1591009003.56283736,0.71733381,-0.49643971,-0.47939657
1591009003.57442737,0.71763750,-0.49794942,-0.48201980
1591009003.58679914,0.71778236,-0.49991117,-0.48414910
1591009003.59862685,0.71754849,-0.50189386,-0.48577749
1591009003.61098313,0.71692366,-0.50368631,-0.48702715
1591009003.62256575,0.71582759,-0.50514017,-0.48780382
1591009003.63501287,0.71426378,-0.50623275,-0.48833789
1591009003.64660478,0.71246609,-0.50737943,-0.48905522
1591009003.65909910,0.71023032,-0.50812992,-0.48953868
1591009003.67069674,0.70784271,-0.50844757,-0.48978651
1591009003.68294978,0.70531722,-0.50850691,-0.48968703
1591009003.69466209,0.70271843,-0.50857149,-0.48905871
1591009003.70686960,0.70030813,-0.50921726,-0.48786840
1591009003.71847081,0.69804094,-0.51041456,-0.48620510
1591009003.73091936,0.69592735,-0.51232395,-0.48464652
1591009003.74257541,0.69375267,-0.51457368,-0.48326945
1591009003.75497365,0.69125685,-0.51644118,-0.48186795
1591009003.76662278,0.68839102,-0.51754597,-0.48021687
1591009003.77891493,0.68504697,-0.51824934,-0.47820276
1591009003.79042315,0.68115837,-0.51843260,-0.47565982
1591009003.80285645,0.67681774,-0.51742206,-0.47250775
1591009003.81447387,0.67262197,-0.51572560,-0.46940805
1591009003.82693791,0.66875781,-0.51390522,-0.46668882
1591009003.83853006,0.66542947,-0.51225937,-0.46437103
1591009003.85089898,0.66304186,-0.51143383,-0.46268155
1591009003.86254644,0.66154262,-0.51169388,-0.46164133
1591009003.87500048,0.66056000,-0.51248452,-0.46105665
1591009003.88658142,0.65980253,-0.51344270,-0.46065697
1591009003.89879274,0.65907298,-0.51455972,-0.46056446
1591009003.91057038,0.65827187,-0.51590536,-0.46054527
1591009003.92296839,0.65731892,-0.51724927,-0.46033059
1591009003.93461847,0.65607625,-0.51850241,-0.45958359
1591009003.94697714,0.65453512,-0.52006623,-0.45821700
1591009003.95861053,0.65286310,-0.52221124,-0.45641058
1591009003.97097397,0.65131673,-0.52507881,-0.45453086
1591009003.98254108,0.64974070,-0.52815234,-0.45253420
1591009003.99500108,0.64791160,-0.53105133,-0.45019372
1591009004.00664783,0.64571597,-0.53361697,-0.44728076
1591009004.01900482,0.64322190,-0.53593476,-0.44394195
1591009004.03058887,0.64065452,-0.53831190,-0.44038497
1591009004.04293990,0.63822153,-0.54113584,-0.43674072
1591009004.05450821,0.63588453,-0.54456716,-0.43282595
1591009004.06694436,0.63326305,-0.54848368,-0.42829682
1591009004.07855201,0.63004990,-0.55180155,-0.42268733
1591009004.09091616,0.62627999,-0.55393609,-0.41611616
1591009004.10248756,0.62209120,-0.55463946,-0.40919593
1591009004.11494732,0.61738055,-0.55433228,-0.40194235
1591009004.12654233,0.61242382,-0.55352768,-0.39455088
1591009004.13892770,0.60763114,-0.55271785,-0.38743342
1591009004.15052366,0.60318753,-0.55211920,-0.38079245
1591009004.16289353,0.59915582,-0.55163051,-0.37446388
1591009004.17447567,0.59567040,-0.55142805,-0.36845995
1591009004.18683839,0.59258990,-0.55186787,-0.36288362
1591009004.19841814,0.58953557,-0.55252935,-0.35752197
1591009004.21078706,0.58638700,-0.55277894,-0.35257396
1591009004.22260284,0.58292252,-0.55201972,-0.34807450
1591009004.23495293,0.57915435,-0.54976824,-0.34389793
1591009004.24653077,0.57515231,-0.54692859,-0.33990462
1591009004.25891113,0.57111013,-0.54431758,-0.33647155
1591009004.27048039,0.56722328,-0.54210974,-0.33401239
1591009004.28281713,0.56342544,-0.54009388,-0.33259518
1591009004.29463768,0.55971836,-0.53751603,-0.33173648
1591009004.30680037,0.55610204,-0.53478285,-0.33084636
1591009004.31842494,0.55241242,-0.53247028,-0.32944137
1591009004.33079123,0.54874199,-0.53094138,-0.32714626
1591009004.34261394,0.54516755,-0.53036891,-0.32407448
1591009004.35497880,0.54163675,-0.53075113,-0.32057684
1591009004.36653829,0.53797156,-0.53130615,-0.31670046
1591009004.37891626,0.53416849,-0.53149814,-0.31264083
1591009004.39048505,0.53027117,-0.53126426,-0.30843109
1591009004.40281796,0.52616965,-0.53088378,-0.30395433
1591009004.41445327,0.52195991,-0.53012282,-0.29924194
1591009004.42683554,0.51777636,-0.52868117,-0.29398326
1591009004.43842912,0.51383366,-0.52662867,-0.28791300
1591009004.45080400,0.51028715,-0.52491824,-0.28103466
1591009004.46264863,0.50703560,-0.52419044,-0.27337092
1591009004.47501445,0.50388179,-0.52445399,-0.26514169
1591009004.48659348,0.50084143,-0.52569317,-0.25656165
1591009004.49893904,0.49804017,-0.52757464,-0.24804096
1591009004.51052737,0.49541345,-0.52946657,-0.23949757
1591009004.52292657,0.49299792,-0.53112987,-0.23078838
1591009004.53459620,0.49074644,-0.53272510,-0.22172837
1591009004.54697275,0.48853686,-0.53357333,-0.21189519
1591009004.55855942,0.48615972,-0.53249646,-0.20090136
1591009004.57092166,0.48370928,-0.52950148,-0.18917100
1591009004.58248472,0.48127978,-0.52472975,-0.17726786
1591009004.59510398,0.47950478,-0.51986726,-0.16682381
1591009004.60650349,0.47829352,-0.51576225,-0.15750026
1591009004.61903524,0.47764600,-0.51296448,-0.14923438
1591009004.63040400,0.47742434,-0.51214593,-0.14198952
1591009004.64278650,0.47734581,-0.51297496,-0.13520193
1591009004.65462446,0.47708924,-0.51482675,-0.12812462
1591009004.66680527,0.47662847,-0.51700143,-0.12064065
1591009004.67840648,0.47581341,-0.51852510,-0.11243411
1591009004.69078946,0.47481857,-0.51941871,-0.10380869
1591009004.70253968,0.47379057,-0.52015350,-0.09525483
1591009004.71499777,0.47294059,-0.52077309,-0.08681966
