1591242464.52388144,-0.17715415,-0.08075905,1.16503537
1591242464.53639460,-0.14793679,-0.08035667,1.11272705
1591242464.54794264,-0.12752548,-0.08353995,1.05511224
1591242464.56033254,-0.11932237,-0.09648316,1.00634181
1591242464.57188773,-0.09540815,-0.09913822,0.97677624
1591242464.58421040,-0.08316246,-0.10857086,0.96161443
1591242464.59580398,-0.06563653,-0.13276803,0.96060365
1591242464.60838604,-0.05865689,-0.15223739,0.97854519
1591242464.61979032,-0.06306638,-0.15925579,1.00204599
1591242464.63236332,-0.07837886,-0.15631440,1.02630484
1591242464.64387512,-0.09399879,-0.14682706,1.05435419
1591242464.65615773,-0.12439179,-0.11536099,1.07355917
1591242464.66779351,-0.15002853,-0.08478068,1.07810771
1591242464.68018818,-0.17992362,-0.05079880,1.06724167
1591242464.69178915,-0.20002536,-0.01593754,1.04904747
1591242464.70439672,-0.20151003,0.00111133,1.04702604
1591242464.71596336,-0.20603141,0.00278140,1.06092429
1591242464.72832942,-0.21878782,-0.00070542,1.06724167
1591242464.73990846,-0.23369688,0.00250187,1.07507527
1591242464.75238299,-0.23807946,0.00521153,1.08316159
1591242464.76386261,-0.23593929,0.00028979,1.08467782
1591242464.77623749,-0.21273266,-0.00957414,1.07911849
1591242464.78781772,-0.18406761,-0.02284307,1.07836044
1591242464.80028820,-0.16288826,-0.04225738,1.07937121
1591242464.81186485,-0.15124293,-0.06315435,1.08543587
1591242464.82422543,-0.14332065,-0.07977719,1.09301686
1591242464.83579659,-0.14167263,-0.09086136,1.10110307
1591242464.84815454,-0.15306503,-0.09941854,1.11171639
1591242464.85997510,-0.16432610,-0.10017747,1.13041592
1591242464.87219262,-0.18114294,-0.09402230,1.14608312
1591242464.88403416,-0.20011643,-0.09103878,1.15821254
1591242464.89633751,-0.21167122,-0.09075931,1.16200304
1591242464.90787125,-0.21686268,-0.09754522,1.15113699
1591242464.92022562,-0.21362460,-0.10562330,1.12940514
1591242464.93201089,-0.20665193,-0.11566967,1.11171639
1591242464.94438434,-0.20628124,-0.12412967,1.08316159
1591242464.95588923,-0.19807161,-0.12143894,1.05182719
1591242464.96823144,-0.19952509,-0.11608884,1.02681029
1591242464.98001194,-0.19774570,-0.10937959,0.99977171
1591242464.99234271,-0.19849446,-0.10557954,0.98031402
1591242465.00392509,-0.19070524,-0.09675631,0.96970081
1591242465.01621771,-0.18672690,-0.10816167,0.96793187
1591242465.02779913,-0.18686873,-0.11694860,0.97323859
1591242465.04023623,-0.18592289,-0.11705308,0.97980869
1591242465.05205250,-0.18573624,-0.13729958,1.01215386
1591242465.06436276,-0.17976072,-0.14764099,1.03236961
1591242465.07590294,-0.17017673,-0.14312243,1.03666532
1591242465.08833265,-0.17433986,-0.13545845,1.01973474
1591242465.09996581,-0.17485413,-0.12088943,1.00457299
1591242465.11236382,-0.16763002,-0.10262023,0.98107207
1591242465.12388754,-0.16366738,-0.10210212,0.97146964
1591242465.13619637,-0.15104237,-0.10700719,0.95580244
1591242465.14808297,-0.14138213,-0.10931632,0.96616298
1591242465.16021752,-0.13624585,-0.11548480,0.97854519
1591242465.17200160,-0.12792586,-0.12474893,0.99269617
1591242465.18416214,-0.12439436,-0.12849459,0.99724472
1591242465.19598031,-0.12089103,-0.13226737,1.01619697
1591242465.20830512,-0.11984681,-0.13197629,1.02933717
1591242465.21984029,-0.12769414,-0.13065787,1.04197204
1591242465.23215818,-0.13409600,-0.12077989,1.04424632
1591242465.24394083,-0.13985208,-0.10455142,1.04930031
1591242465.25625205,-0.14881396,-0.09010050,1.04096127
1591242465.26783276,-0.15203735,-0.08257875,1.04626787
1591242465.28037238,-0.15454707,-0.08316839,1.04374087
1591242465.29195189,-0.15176222,-0.08834919,1.05005836
1591242465.30425072,-0.14891489,-0.10045552,1.06142962
1591242465.31579232,-0.14341116,-0.10912418,1.07381177
1591242465.32836294,-0.14453501,-0.11478817,1.07684422
1591242465.33989143,-0.14558062,-0.12224321,1.08063471
1591242465.35222292,-0.14630806,-0.12432516,1.08215082
1591242465.36400747,-0.14932941,-0.11821567,1.08012927
1591242465.37640285,-0.15007192,-0.12047945,1.08038199
1591242465.38796186,-0.16164690,-0.12449780,1.08998442
1591242465.40028691,-0.17154315,-0.13249362,1.10843134
1591242465.41180038,-0.17925853,-0.13524349,1.13622797
1591242465.42436123,-0.19761615,-0.13256131,1.15138972
1591242465.43587279,-0.20798603,-0.12341054,1.16250837
1591242465.44817328,-0.21215829,-0.11168255,1.15366399
1591242465.45997286,-0.20665635,-0.10399130,1.13622797
1591242465.47233605,-0.19184931,-0.09615482,1.09756529
1591242465.48390293,-0.17356852,-0.08988203,1.06471479
1591242465.49620891,-0.16071308,-0.08358078,1.03792882
1591242465.50806522,-0.15328935,-0.07648101,1.01847124
1591242465.52036905,-0.15056588,-0.06720668,1.00356209
1591242465.53189063,-0.14930765,-0.06273144,1.00583637
1591242465.54421473,-0.15388308,-0.06112612,1.01644969
1591242465.55600619,-0.16621046,-0.05644643,1.03287494
1591242465.56830168,-0.17664686,-0.04686547,1.05713379
1591242465.57987928,-0.19229174,-0.03684478,1.06875789
1591242465.59222674,-0.20201230,-0.02572998,1.07355917
1591242465.60402107,-0.20839202,-0.01967663,1.06901062
1591242465.61633301,-0.21451069,-0.01379710,1.06319857
1591242465.62786412,-0.21176261,-0.00993194,1.05435419
1591242465.64017534,-0.20461568,-0.01928459,1.04828942
1591242465.65194869,-0.19965962,-0.02717506,1.04652059
1591242465.66424847,-0.19327912,-0.03670496,1.04374087
1591242465.67580485,-0.19615579,-0.04272426,1.05662847
1591242465.68836403,-0.20368537,-0.03971463,1.05915534
1591242465.69993496,-0.21201929,-0.02991546,1.06142962
1591242465.71225572,-0.21834844,-0.02465628,1.05814469
1591242465.72378469,-0.22493067,-0.01968000,1.05561769
1591242465.73634410,-0.23138934,-0.02104338,1.06294584
1591242465.74785686,-0.23198248,-0.01767248,1.06774712
1591242465.76021814,-0.23834157,-0.01679993,1.06951594
1591242465.77201414,-0.24617012,-0.01754641,1.07886577
1591242465.78437328,-0.24869595,-0.01483332,1.08240354
1591242465.79590511,-0.24701756,-0.01597514,1.08114004
1591242465.80821443,-0.24639904,-0.01733504,1.06597829
1591242465.82001376,-0.23714425,-0.01354483,1.04955292
1591242465.83232641,-0.23013590,-0.01486720,1.02024007
1591242465.84384584,-0.21445860,-0.02411079,1.01215386
1591242465.85641360,-0.20580786,-0.03358957,1.01291192
1591242465.86794209,-0.20082837,-0.03807165,1.01973474
1591242465.88036251,-0.20264280,-0.03971452,1.02327251
1591242465.89192843,-0.20291086,-0.03517796,1.03338039
1591242465.90421581,-0.20187116,-0.03455762,1.03085339
1591242465.91599584,-0.19891667,-0.03409747,1.02681029
1591242465.92828369,-0.19493651,-0.03831707,1.02428329
1591242465.93986702,-0.18971309,-0.04413869,1.04247737
1591242465.95216298,-0.18483183,-0.05172925,1.05309069
1591242465.96394324,-0.18116322,-0.06162386,1.05258524
1591242465.97625017,-0.17585701,-0.06763968,1.04298282
1591242465.98781848,-0.16910118,-0.06720337,1.03489649
1591242466.00037503,-0.16625983,-0.06446981,1.02908444
1591242466.01191020,-0.16514629,-0.06918025,1.03565466
1591242466.02427673,-0.16873035,-0.06681825,1.04121399
1591242466.03580213,-0.16891858,-0.06554693,1.04904747
1591242466.04838467,-0.16521649,-0.06650472,1.05334342
1591242466.05997229,-0.16657388,-0.06766015,1.05233264
1591242466.07227612,-0.16834722,-0.07671291,1.05865002
1591242466.08389640,-0.16393831,-0.08440228,1.05763924
1591242466.09621859,-0.15812615,-0.08746301,1.05157447
1591242466.10800958,-0.15985858,-0.08638595,1.04955292
1591242466.12032390,-0.16333529,-0.07929301,1.03919232
1591242466.13183570,-0.16931014,-0.06444255,1.02857912
1591242466.14438319,-0.17662734,-0.05187569,1.01543880
1591242466.15593195,-0.18433109,-0.04229468,1.02175629
1591242466.16821790,-0.19908792,-0.03647660,1.04399359
1591242466.17999840,-0.21733810,-0.04040657,1.06749439
1591242466.19235682,-0.22205739,-0.03743791,1.08872092
1591242466.20389628,-0.23063956,-0.03883199,1.10110307
1591242466.21621180,-0.22988905,-0.03774129,1.09882879
1591242466.22807503,-0.22186692,-0.03992948,1.09453297
1591242466.24038744,-0.21289074,-0.04637817,1.08846819
1591242466.25191498,-0.20319341,-0.05295636,1.07583344
1591242466.26425838,-0.19453201,-0.05743154,1.05561769
1591242466.27606845,-0.18248373,-0.06700914,1.04475176
1591242466.28837180,-0.17375404,-0.06907117,1.03363299
1591242466.29996181,-0.17351231,-0.06919046,1.03135872
1591242466.31228924,-0.17232937,-0.07309990,1.02756834
1591242466.32385254,-0.17339349,-0.07126278,1.03388572
1591242466.33641887,-0.16925801,-0.07275224,1.03009522
1591242466.34795260,-0.16945225,-0.07298404,1.03439116
1591242466.36025500,-0.16677278,-0.07339644,1.02857912
1591242466.37205410,-0.16413155,-0.07904075,1.02554679
1591242466.38435698,-0.16064076,-0.08027116,1.01695514
1591242466.39586926,-0.15675217,-0.08292970,1.01240647
1591242466.40817237,-0.15242469,-0.08352956,1.00558376
1591242466.41994882,-0.15462771,-0.07843056,1.00078249
1591242466.43230772,-0.15919894,-0.08000532,1.02099824
1591242466.44383788,-0.16639343,-0.07399287,1.01720774
1591242466.45638943,-0.16780832,-0.06573769,1.01670229
1591242466.46791530,-0.17149895,-0.06068645,1.02175629
1591242466.48036575,-0.17664528,-0.05325614,1.02756834
1591242466.49181509,-0.17690463,-0.05265286,1.02984262
1591242466.50418544,-0.18286860,-0.04720964,1.03211689
1591242466.51600695,-0.18568109,-0.04338201,1.03742349
1591242466.52835035,-0.19205749,-0.04072347,1.04197204
1591242466.53998590,-0.19682166,-0.03619712,1.04778409
1591242466.55233884,-0.19720328,-0.03438043,1.04550982
1591242466.56390810,-0.19779985,-0.03186844,1.04828942
1591242466.57624912,-0.19902007,-0.02872248,1.04828942
1591242466.58786154,-0.19985846,-0.02978249,1.04550982
1591242466.60024786,-0.19866145,-0.02839183,1.03767622
1591242466.61184740,-0.20181125,-0.02634678,1.03565466
1591242466.62418580,-0.19968718,-0.02740336,1.02832639
1591242466.63600016,-0.20041354,-0.02856223,1.03186417
1591242466.64833426,-0.20541361,-0.02979606,1.02782094
1591242466.65994620,-0.20514452,-0.02673533,1.03388572
1591242466.67229867,-0.21346779,-0.02339169,1.03919232
1591242466.68385386,-0.21187954,-0.02440743,1.04904747
1591242466.69625545,-0.20772943,-0.03258080,1.04803681
1591242466.70809793,-0.20145494,-0.04050874,1.04247737
1591242466.72036028,-0.19745600,-0.04369561,1.04323554
1591242466.73196054,-0.19108036,-0.05377431,1.05511224
1591242466.74430895,-0.18156901,-0.06030144,1.06395662
1591242466.75587893,-0.17669365,-0.06514138,1.06395662
1591242466.76823330,-0.17510256,-0.06733978,1.05536497
1591242466.78007174,-0.16660568,-0.06583326,1.05435419
1591242466.79221487,-0.16174912,-0.07226838,1.06597829
1591242466.80407143,-0.16065644,-0.08030545,1.08038199
1591242466.81643033,-0.16407222,-0.08232665,1.08644664
1591242466.82806611,-0.16616350,-0.07862853,1.08518314
1591242466.84019303,-0.17242667,-0.07398967,1.08442509
1591242466.85206175,-0.17461044,-0.07319894,1.08771014
1591242466.86441588,-0.17879425,-0.07157314,1.08897364
1591242466.87597704,-0.18037941,-0.07156292,1.09326947
1591242466.88831687,-0.18253180,-0.06725809,1.08973169
1591242466.89995480,-0.18586111,-0.06843744,1.10261929
1591242466.91231608,-0.18677923,-0.07287520,1.10413551
1591242466.92389846,-0.19084798,-0.07548262,1.10312462
1591242466.93621898,-0.19461772,-0.07433397,1.09529102
1591242466.94802403,-0.19465405,-0.07062899,1.08493042
1591242466.96035480,-0.20314512,-0.06768070,1.07962382
1591242466.97195458,-0.20719862,-0.06347130,1.07785499
1591242466.98427463,-0.21341646,-0.05427199,1.07330644
1591242466.99606752,-0.22197996,-0.04742790,1.07204294
1591242467.00835657,-0.23467432,-0.03615627,1.06496739
1591242467.01987267,-0.24094112,-0.02942463,1.05233264
1591242467.03218722,-0.23762861,-0.02810899,1.05485952
1591242467.04399633,-0.23017226,-0.03777181,1.05005836
1591242467.05630064,-0.22005045,-0.04945584,1.05132174
1591242467.06781673,-0.21050394,-0.06064225,1.05233264
1591242467.08026576,-0.19558026,-0.07053342,1.04727864
1591242467.09181261,-0.18399760,-0.08330816,1.05081642
1591242467.10442829,-0.17899050,-0.09780997,1.05410147
1591242467.11596560,-0.17728215,-0.10781053,1.06799984
1591242467.12826872,-0.17899324,-0.11360182,1.06875789
1591242467.13986564,-0.18643615,-0.11086082,1.05966079
1591242467.15218759,-0.18643962,-0.09751920,1.03944504
1591242467.16397190,-0.18360463,-0.08752786,1.01644969
1591242467.17625618,-0.17941149,-0.07878500,0.98941112
1591242467.18807673,-0.17531675,-0.07100014,0.97071159
1591242467.20040083,-0.16584525,-0.06747577,0.95024312
1591242467.21193504,-0.15763789,-0.06623846,0.93179619
1591242467.22435999,-0.14655189,-0.07296326,0.93533397
1591242467.23594642,-0.14561038,-0.07601384,0.95150656
1591242467.24825001,-0.14671038,-0.07637519,0.96717381
1591242467.25985479,-0.15336268,-0.07536635,0.98435712
1591242467.27230525,-0.15881401,-0.07375766,1.00836337
1591242467.28384066,-0.16369252,-0.06903706,1.02403057
1591242467.29638791,-0.17058387,-0.06301104,1.03792882
1591242467.30801368,-0.17099276,-0.06124552,1.05005836
1591242467.32035899,-0.17221858,-0.06550609,1.06623089
1591242467.33193827,-0.17577466,-0.07194805,1.08695209
1591242467.34422731,-0.17708673,-0.08000219,1.10615706
1591242467.35601258,-0.17299488,-0.08618508,1.12207687
1591242467.36832285,-0.16493267,-0.10025023,1.12713087
1591242467.37985086,-0.14477342,-0.11689217,1.13900769
1591242467.39241171,-0.12063227,-0.12690650,1.13926029
1591242467.40396714,-0.09963728,-0.13672981,1.14987350
1591242467.41628170,-0.08517683,-0.14717600,1.14886272
1591242467.42807531,-0.07136738,-0.14983535,1.14254534
1591242467.44036627,-0.06380880,-0.15037185,1.13395369
1591242467.45189786,-0.06403889,-0.14703077,1.12763619
1591242467.46421051,-0.08072255,-0.13729832,1.12334037
1591242467.47600055,-0.09562749,-0.12827946,1.12763619
1591242467.48831415,-0.10849337,-0.11810152,1.12435126
1591242467.49982929,-0.11900288,-0.10833259,1.12864697
1591242467.51244092,-0.12556936,-0.10235944,1.12915242
1591242467.52396917,-0.13350391,-0.10662797,1.12485659
1591242467.53627920,-0.13271388,-0.10439160,1.11121094
1591242467.54807925,-0.13239050,-0.10229173,1.08619392
1591242467.56039834,-0.12842469,-0.10391948,1.05612302
1591242467.57194519,-0.12111200,-0.10103785,1.02125084
1591242467.58423734,-0.11680897,-0.09555140,0.99370694
1591242467.59601593,-0.11346912,-0.09573342,0.97854519
1591242467.60835576,-0.11478124,-0.09649725,0.96489954
1591242467.61996841,-0.12065006,-0.09676550,0.96060365
1591242467.63229752,-0.11813784,-0.09481530,0.96616298
1591242467.64382505,-0.12775262,-0.09229231,0.97500741
1591242467.65636802,-0.13483353,-0.09079663,0.98435712
1591242467.66800213,-0.14775990,-0.08178440,0.99117994
1591242467.68021536,-0.16324125,-0.07187958,0.99598122
1591242467.69207525,-0.17503738,-0.06592510,0.99775004
1591242467.70438957,-0.17924428,-0.06640567,0.99320161
1591242467.71596837,-0.18044502,-0.06995724,0.99623394
1591242467.72827816,-0.18169756,-0.07479382,1.00962687
1591242467.73986411,-0.18161176,-0.07768084,1.04070854
1591242467.75242805,-0.18322392,-0.07641980,1.06218779
1591242467.76398015,-0.18565565,-0.07462360,1.06926334
1591242467.77627492,-0.18263093,-0.07371014,1.07027400
1591242467.78807306,-0.17892367,-0.07281712,1.06269312
1591242467.80038071,-0.17377123,-0.07449061,1.05334342
1591242467.81196570,-0.16350342,-0.08155280,1.04070854
1591242467.82426858,-0.14705959,-0.08692785,1.03717077
1591242467.83607459,-0.13201477,-0.09788290,1.03691816
1591242467.84836411,-0.12423651,-0.10382435,1.02655756
1591242467.85988736,-0.11904678,-0.10342436,1.02377784
1591242467.87221050,-0.12183068,-0.09541015,1.02352512
1591242467.88398385,-0.12366303,-0.09143698,1.03792882
1591242467.89627886,-0.11777397,-0.10131022,1.05410147
1591242467.90806675,-0.09316061,-0.12947105,1.07558072
1591242467.92021751,-0.06249396,-0.17315118,1.09276402
1591242467.93202090,-0.02822389,-0.22430918,1.10489357
1591242467.94436049,0.00086268,-0.25842968,1.11171639
1591242467.95588374,0.00856166,-0.27252612,1.11348522
1591242467.96844268,0.00945446,-0.26786676,1.10590434
1591242467.97995114,-0.00053278,-0.24720187,1.08897364
1591242467.99224854,-0.02324198,-0.21901824,1.07633877
1591242468.00402021,-0.06003627,-0.17616090,1.05587041
1591242468.01632023,-0.09530821,-0.12798505,1.03413844
1591242468.02783251,-0.12646872,-0.08488274,1.01720774
1591242468.04039907,-0.15322906,-0.05181774,1.00987959
1591242468.05194664,-0.17177407,-0.02943129,1.00760531
1591242468.06423879,-0.18752189,-0.01825175,1.01569164
1591242468.07602811,-0.20070787,-0.00389553,1.01872396
1591242468.08833051,-0.20167723,0.00019115,1.01922929
1591242468.09984660,-0.19749624,0.00031044,1.02150357
1591242468.11242032,-0.18759346,-0.01414122,1.02024007
1591242468.12400842,-0.17838396,-0.02637063,1.03161144
1591242468.13631845,-0.17361045,-0.03278868,1.03843427
1591242468.14783525,-0.16955857,-0.03373625,1.04702604
1591242468.16022754,-0.17423356,-0.03380442,1.04828942
1591242468.17201781,-0.16668184,-0.03861367,1.04323554
1591242468.18437099,-0.16241568,-0.04655182,1.03338039
1591242468.19589806,-0.15527822,-0.05882891,1.03666532
1591242468.20819998,-0.14951007,-0.07157638,1.03969777
1591242468.21996522,-0.14590152,-0.08360127,1.04727864
1591242468.23229218,-0.14258876,-0.08523735,1.05966079
1591242468.24385762,-0.14607020,-0.08533622,1.06597829
1591242468.25640368,-0.15198022,-0.08351952,1.06370389
1591242468.26796579,-0.15103814,-0.08709494,1.06269312
1591242468.28042984,-0.14707381,-0.08614737,1.05410147
1591242468.29207778,-0.14330220,-0.08205043,1.04096127
1591242468.30438805,-0.14136778,-0.08040071,1.02832639
1591242468.31589484,-0.14082956,-0.07371682,1.02554679
1591242468.32827377,-0.13717312,-0.08053706,1.03085339
1591242468.34008265,-0.13989758,-0.08338312,1.04323554
1591242468.35220098,-0.14145890,-0.08474308,1.04601514
1591242468.36399221,-0.14272864,-0.08353995,1.05511224
1591242468.37627935,-0.14466438,-0.08006340,1.06244051
1591242468.38807058,-0.14630175,-0.07543476,1.05738652
1591242468.40037298,-0.14063194,-0.07375099,1.05309069
1591242468.41189218,-0.14060518,-0.07261254,1.04096127
1591242468.42424321,-0.13946867,-0.06801118,1.03641272
1591242468.43603158,-0.14121842,-0.06514812,1.03717077
1591242468.44832492,-0.14026380,-0.06680461,1.04096127
1591242468.45984674,-0.13739425,-0.07526430,1.04525709
1591242468.47241330,-0.13369913,-0.08219361,1.05258524
1591242468.48395300,-0.13682917,-0.08610653,1.07128489
1591242468.49624753,-0.13885629,-0.08771192,1.07861304
1591242468.50802755,-0.13871357,-0.09163199,1.07861304
1591242468.52034044,-0.13512236,-0.09252299,1.07659149
1591242468.53196025,-0.13621724,-0.09210476,1.07810771
1591242468.54427266,-0.13947940,-0.08816522,1.07355917
1591242468.55606961,-0.14684930,-0.08078939,1.06244051
1591242468.56836772,-0.15647091,-0.07004265,1.05612302
1591242468.57988906,-0.15530646,-0.07424525,1.06673634
1591242468.59220433,-0.15022683,-0.09157301,1.06825256
1591242468.60398412,-0.13952728,-0.11555187,1.07709694
1591242468.61627102,-0.13081366,-0.12616168,1.07911849
1591242468.62783313,-0.12539469,-0.13134387,1.07785499
1591242468.64043283,-0.12501901,-0.13252120,1.08114004
1591242468.65197420,-0.12095091,-0.13073017,1.08038199
1591242468.66430497,-0.12391903,-0.13093469,1.08417249
1591242468.67582488,-0.12731034,-0.12523438,1.07583344
1591242468.68837690,-0.12460618,-0.11542931,1.06092429
1591242468.69996953,-0.12288114,-0.10755162,1.04930031
1591242468.71227956,-0.11390879,-0.10657454,1.02655756
1591242468.72386432,-0.10562804,-0.11125226,1.01594424
1591242468.73643112,-0.09623079,-0.11551176,1.00684726
1591242468.74805427,-0.09030967,-0.11382061,1.01720774
1591242468.76040030,-0.09267353,-0.10867931,1.01922929
1591242468.77204609,-0.10338832,-0.10392882,1.03312767
1591242468.78442454,-0.11012575,-0.09668276,1.04247737
1591242468.79596496,-0.11782379,-0.09365971,1.05132174
1591242468.80827570,-0.12241660,-0.09395967,1.05688119
1591242468.82009006,-0.12270521,-0.09919181,1.06117702
1591242468.83223200,-0.12036014,-0.10170577,1.04753137
1591242468.84404039,-0.11665573,-0.10403773,1.04904747
1591242468.85635424,-0.11612274,-0.11037000,1.05056381
1591242468.86790872,-0.11378394,-0.11387023,1.05056381
1591242468.88039899,-0.12087591,-0.11481117,1.05410147
1591242468.89204359,-0.13065937,-0.10777421,1.06269312
1591242468.90441489,-0.13565212,-0.09685065,1.06875789
1591242468.91597462,-0.14589733,-0.08734379,1.07179034
1591242468.92832327,-0.15125336,-0.08401036,1.07280099
1591242468.93998361,-0.15646371,-0.07791953,1.07204294
1591242468.95233154,-0.15403906,-0.07904430,1.06597829
1591242468.96390629,-0.15169209,-0.08125290,1.05309069
1591242468.97626066,-0.14905527,-0.08132786,1.04550982
1591242468.98808885,-0.14459676,-0.08338312,1.04323554
1591242469.00024867,-0.14276740,-0.08712216,1.04525709
1591242469.01195216,-0.14070761,-0.09337783,1.05536497
1591242469.02438569,-0.13829686,-0.09495530,1.04753137
1591242469.03591728,-0.13158479,-0.09876470,1.04399359
1591242469.04823995,-0.12593402,-0.10191965,1.02832639
1591242469.06002378,-0.12338708,-0.09928772,1.02125084
1591242469.07233930,-0.11852695,-0.09873775,1.01569164
1591242469.08386660,-0.11612103,-0.10265163,1.01872396
1591242469.09642315,-0.11480260,-0.10941558,1.03287494
1591242469.10797215,-0.11775905,-0.11312477,1.04601514
1591242469.12028098,-0.12385200,-0.11432017,1.05890274
1591242469.13182592,-0.12654771,-0.11226992,1.06724167
1591242469.14440584,-0.12614760,-0.10914701,1.06496739
1591242469.15596056,-0.12685370,-0.11006083,1.05410147
1591242469.16826129,-0.11593729,-0.11168380,1.04247737
1591242469.17987156,-0.11450222,-0.12001619,1.04399359
1591242469.19244552,-0.11758807,-0.12056172,1.04020309
1591242469.20396233,-0.11607431,-0.11813432,1.03691816
1591242469.21624827,-0.11867101,-0.11692974,1.03312767
1591242469.22803473,-0.12459045,-0.11795263,1.02428329
1591242469.24038506,-0.13794455,-0.12196180,1.04298282
1591242469.25191784,-0.13338116,-0.10980639,1.04475176
1591242469.26424479,-0.13225186,-0.11244734,1.05662847
1591242469.27605462,-0.13375828,-0.11197901,1.06648362
1591242469.28835511,-0.15401581,-0.11276077,1.07633877
1591242469.29988599,-0.15876402,-0.09905516,1.08644664
1591242469.31245637,-0.15665364,-0.09238204,1.07861304
1591242469.32397270,-0.16732457,-0.09101385,1.07179034
1591242469.33632326,-0.16830444,-0.08369336,1.06244051
1591242469.34787440,-0.16642366,-0.07711510,1.05713379
1591242469.36023402,-0.16555807,-0.08025764,1.05258524
1591242469.37203598,-0.16420303,-0.08269809,1.06193507
1591242469.38438439,-0.16497031,-0.08309007,1.06471479
1591242469.39595342,-0.16277976,-0.08585426,1.05763924
1591242469.40824890,-0.16278288,-0.08541118,1.05839729
1591242469.42003441,-0.16249990,-0.08499535,1.05966079
1591242469.43234253,-0.16132031,-0.08607242,1.06168246
1591242469.44391727,-0.15799132,-0.08675750,1.06092429
1591242469.45623016,-0.15213504,-0.09019578,1.05662847
1591242469.46802139,-0.14974646,-0.09518249,1.05637574
1591242469.48039365,-0.14691848,-0.10074662,1.04828942
1591242469.49197841,-0.14548320,-0.10089660,1.05106914
1591242469.50431538,-0.14597201,-0.10444233,1.04727864
1591242469.51622415,-0.14351802,-0.11051093,1.04854214
1591242469.52825046,-0.13672006,-0.11501125,1.04854214
1591242469.54016924,-0.13978741,-0.12020248,1.05207992
1591242469.55230069,-0.14030871,-0.11737493,1.05991352
1591242469.56390214,-0.14596601,-0.11252454,1.06269312
1591242469.57622242,-0.14668521,-0.11093360,1.05637574
1591242469.58801079,-0.14651997,-0.11062001,1.05056381
1591242469.60040236,-0.14720905,-0.10866536,1.04677331
1591242469.61196923,-0.14312588,-0.10669249,1.04727864
1591242469.62427950,-0.14608094,-0.10323775,1.04348826
1591242469.63586974,-0.14433792,-0.10639253,1.04171932
1591242469.64833450,-0.13969302,-0.11285208,1.04096127
1591242469.65992832,-0.13292807,-0.11501583,1.04399359
1591242469.67231703,-0.13457066,-0.11640687,1.04197204
1591242469.68385291,-0.13594224,-0.11800700,1.03919232
1591242469.69639874,-0.13950248,-0.11216117,1.03742349
1591242469.70798683,-0.15116122,-0.09845555,1.04753137
1591242469.72032523,-0.16096941,-0.09157317,1.05435419
1591242469.73184538,-0.17138815,-0.08891163,1.06496739
1591242469.74422741,-0.17198300,-0.08597019,1.06875789
1591242469.75602651,-0.17487323,-0.08748013,1.07431722
1591242469.76833653,-0.17201039,-0.08971263,1.07532799
1591242469.77986407,-0.16759361,-0.09193210,1.07027400
1591242469.79243565,-0.16301951,-0.09516886,1.05612302
1591242469.80402732,-0.15626933,-0.09696004,1.04298282
1591242469.81632590,-0.14971623,-0.10009675,1.03161144
1591242469.82784772,-0.14760864,-0.10305147,1.03540194
1591242469.84021378,-0.15129113,-0.10402870,1.04424632
1591242469.85208201,-0.15464547,-0.10380580,1.05865002
1591242469.86444139,-0.15651871,-0.10442854,1.06092429
1591242469.87585402,-0.15582110,-0.10685594,1.06420934
1591242469.88846397,-0.15047607,-0.10813347,1.05081642
1591242469.89996123,-0.14360590,-0.10869263,1.04727864
1591242469.91230512,-0.13929266,-0.10771079,1.04298282
1591242469.92384052,-0.14039093,-0.11097910,1.05258524
1591242469.93639445,-0.14455007,-0.11026995,1.05334342
1591242469.94798899,-0.14577408,-0.10701972,1.05334342
1591242469.96034074,-0.14675036,-0.10548331,1.04803681
1591242469.97189379,-0.14906783,-0.10316499,1.04677331
1591242469.98422265,-0.15320560,-0.10363774,1.04626787
1591242469.99603176,-0.14680016,-0.10634688,1.05940819
1591242470.00834632,-0.13875437,-0.10855597,1.07254839
1591242470.01987433,-0.13371307,-0.11378351,1.08139277
1591242470.03244138,-0.13428895,-0.11561988,1.09225869
1591242470.04396749,-0.13528551,-0.10864206,1.09731257
1591242470.05630445,-0.14832056,-0.10415095,1.08821559
1591242470.06783342,-0.15578994,-0.09841877,1.08391964
1591242470.08022857,-0.15682454,-0.09257309,1.06825256
1591242470.09197831,-0.15729150,-0.08856392,1.04955292
1591242470.10438132,-0.16641480,-0.07623222,1.02731562
1591242470.11592078,-0.18026504,-0.05861071,1.01468074
1591242470.12823796,-0.20820776,-0.03362026,1.01796579
1591242470.14002347,-0.23609908,0.00112502,1.02883184
1591242470.15237164,-0.25295484,0.02385911,1.02908444
1591242470.16390300,-0.26180553,0.03290502,1.03186417
1591242470.17634201,-0.24867280,0.03992977,1.02276707
1591242470.18804955,-0.23263714,0.04374040,1.01493347
1591242470.20037842,-0.23467793,0.04239066,1.02200902
1591242470.21206975,-0.23582995,0.05515517,1.01417542
1591242470.22440577,-0.23051305,0.05727182,1.00634181
1591242470.23593211,-0.22403808,0.06271505,1.00861609
1591242470.24827766,-0.22301757,0.05618448,1.02200902
1591242470.25998616,-0.21941891,0.04657615,1.03413844
1591242470.27231288,-0.21156368,0.03274820,1.04374087
1591242470.28383493,-0.20016259,0.01501761,1.05839729
1591242470.29641104,-0.19357881,0.00252578,1.06117702
1591242470.30797076,-0.19351333,-0.00734157,1.06016624
1591242470.32038164,-0.18932097,-0.02084565,1.05031097
1591242470.33191490,-0.19631612,-0.02790105,1.04652059
1591242470.34426785,-0.21370618,-0.02666722,1.05056381
1591242470.35584736,-0.23330203,-0.00456374,1.06698906
1591242470.36843991,-0.24490924,0.01674900,1.08012927
1591242470.37997007,-0.24657425,0.01946203,1.10160851
1591242470.39227152,-0.24167523,0.00474447,1.11424339
1591242470.40387177,-0.22444293,-0.01740338,1.12106609
1591242470.41645169,-0.20474264,-0.04818128,1.10843134
1591242470.42804956,-0.17821516,-0.08024412,1.08821559
1591242470.44034505,-0.12987290,-0.12592086,1.07002139
1591242470.45193243,-0.08952861,-0.17587903,1.05991352
1591242470.46430278,-0.06779383,-0.20732670,1.05890274
1591242470.47583771,-0.05939581,-0.20679480,1.06294584
1591242470.48840451,-0.07064285,-0.18722986,1.05713379
1591242470.49992275,-0.08058854,-0.16269627,1.06117702
1591242470.51240969,-0.09117723,-0.13723537,1.06193507
1591242470.52403975,-0.09895902,-0.11648837,1.07128489
1591242470.53640532,-0.10335712,-0.10870580,1.08922637
1591242470.54796553,-0.10226413,-0.09218624,1.10742044
1591242470.56033254,-0.11929920,-0.06211152,1.12889969
1591242470.57186389,-0.13486573,-0.04471169,1.16073954
1591242470.58420968,-0.12088968,-0.03294927,1.16250837
1591242470.59599090,-0.09204634,-0.03417626,1.14936817
1591242470.60836744,-0.06358013,-0.04986848,1.11727571
1591242470.61991429,-0.03662851,-0.06540392,1.09124792
1591242470.63235378,-0.01954770,-0.07430670,1.09478569
1591242470.64388299,-0.01814640,-0.10597336,1.12662554
1591242470.65644646,-0.02019621,-0.14612140,1.14785206
1591242470.66802216,-0.01188771,-0.16221780,1.16351914
1591242470.68032932,-0.00859125,-0.18296006,1.17261624
1591242470.69197512,-0.02101340,-0.18391463,1.17640674
1591242470.70434237,-0.03150998,-0.16882274,1.17008924
1591242470.71590519,-0.02770593,-0.13463439,1.13420641
1591242470.72826743,-0.02439243,-0.11925188,1.09933424
1591242470.73985076,-0.01169036,-0.11678848,1.06294584
1591242470.75246763,-0.00321418,-0.13532196,1.03110611
1591242470.76402736,0.01382548,-0.16248319,1.01089036
1591242470.77637601,0.03358282,-0.18951710,0.99294877
1591242470.78794980,0.04541339,-0.21218690,0.99143267
1591242470.80029559,0.04680759,-0.22436500,0.99471772
1591242470.81185079,0.03250609,-0.20964105,1.00912142
1591242470.82446027,0.00602163,-0.19946279,1.03363299
1591242470.83589792,-0.01806258,-0.20205826,1.04930031
1591242470.84822917,-0.03281056,-0.20503135,1.03489649
1591242470.86009979,-0.03425054,-0.20276313,1.02529407
1591242470.87228942,-0.02629708,-0.20428607,1.01644969
1591242470.88387537,-0.04347740,-0.20667732,1.00052977
1591242470.89623618,-0.04980930,-0.19817656,1.01442814
1591242470.90807271,-0.05198994,-0.19095775,1.02428329
1591242470.92025876,-0.05412421,-0.21880943,1.04930031
1591242470.93209958,-0.04418334,-0.24960694,1.05940819
1591242470.94444895,-0.03186116,-0.25734416,1.03135872
1591242470.95601058,-0.02286268,-0.26136744,1.00861609
1591242470.96835327,-0.02812573,-0.26177233,0.97905052
1591242470.97995710,-0.03974918,-0.25869951,0.96843731
1591242470.99231267,-0.06168679,-0.24301197,0.97424924
1591242471.00387931,-0.07459876,-0.22343770,0.99143267
1591242471.01622224,-0.08440047,-0.20973666,0.99699199
1591242471.02804875,-0.08928059,-0.19577673,0.98385179
1591242471.04039502,-0.08871595,-0.17877094,0.98840034
1591242471.05196452,-0.09350475,-0.17615694,1.00482559
1591242471.06431246,-0.13394541,-0.16437425,1.00886869
1591242471.07586622,-0.14073214,-0.14309089,1.01291192
1591242471.08846831,-0.14201167,-0.13060366,1.01316464
1591242471.09999490,-0.14789069,-0.13723141,1.01089036
1591242471.11235547,-0.15222751,-0.14173633,1.00634181
1591242471.12389278,-0.14523736,-0.13871343,1.00128782
1591242471.13644600,-0.14164659,-0.11931671,0.99395967
1591242471.14797473,-0.15041393,-0.11112970,0.99977171
1591242471.16027856,-0.15355125,-0.11320706,1.00583637
1591242471.17215776,-0.13835175,-0.12126200,1.02074552
1591242471.18439388,-0.12534635,-0.15021853,1.02453601
1591242471.19594049,-0.11170432,-0.16406050,1.01695514
1591242471.20830274,-0.09870846,-0.17012925,1.00432026
1591242471.21984673,-0.10033202,-0.16977920,1.00709987
1591242471.23240924,-0.10242685,-0.16371962,1.01063764
1591242471.24392676,-0.11624039,-0.14647746,1.01543880
1591242471.25623798,-0.13859320,-0.12326199,1.03464389
1591242471.26809597,-0.16234124,-0.09754172,1.05839729
1591242471.28022408,-0.17907085,-0.07895570,1.07330644
1591242471.29204297,-0.19142821,-0.06776593,1.08568859
1591242471.30437350,-0.19637102,-0.06512439,1.07709694
1591242471.31590009,-0.19334033,-0.07673340,1.06799984
1591242471.32846808,-0.18146208,-0.09718263,1.05637574
1591242471.33998561,-0.15797764,-0.13682619,1.06825256
1591242471.35233188,-0.14109865,-0.16859189,1.08240354
1591242471.36385536,-0.14210755,-0.18119265,1.09352219
1591242471.37623262,-0.14971957,-0.15835005,1.10110307
1591242471.38802218,-0.15809001,-0.14019422,1.10287201
1591242471.40031695,-0.16286425,-0.13908507,1.10085034
1591242471.41209579,-0.15619935,-0.14847666,1.09882879
1591242471.42444825,-0.14026344,-0.16434604,1.09175336
1591242471.43598151,-0.13122334,-0.17588791,1.07861304
1591242471.44828105,-0.13839142,-0.18614322,1.07406449
1591242471.46008754,-0.14636557,-0.18256576,1.06799984
1591242471.47246027,-0.15436620,-0.17834719,1.07785499
1591242471.48398542,-0.16093643,-0.17045093,1.09832346
1591242471.49654317,-0.17586210,-0.16384140,1.09630179
1591242471.50806189,-0.18480517,-0.15583180,1.09150052
1591242471.52047181,-0.18535031,-0.15854569,1.08619392
1591242471.53201866,-0.18705873,-0.17756970,1.09124792
1591242471.54435039,-0.19880390,-0.20004845,1.10009229
1591242471.55587220,-0.20080203,-0.20277566,1.12283504
1591242471.56843424,-0.19814713,-0.19214746,1.13900769
1591242471.57985330,-0.19126534,-0.18769723,1.13066864
1591242471.59245205,-0.18635142,-0.18618840,1.09807074
1591242471.60398197,-0.17122275,-0.17780639,1.06319857
1591242471.61633158,-0.15957324,-0.17041984,1.03287494
1591242471.62785459,-0.14657150,-0.16372867,1.01543880
1591242471.64024043,-0.13660270,-0.15975139,0.99269617
1591242471.65202236,-0.13749790,-0.16505629,0.99370694
1591242471.66442180,-0.14788571,-0.14868703,0.98688412
1591242471.67600727,-0.16066211,-0.12968110,0.99143267
1591242471.68832278,-0.16772126,-0.11065251,0.99092734
1591242471.70009851,-0.16814938,-0.09710605,0.99471772
1591242471.71243882,-0.17736635,-0.08853713,1.00735259
1591242471.72401023,-0.18478742,-0.07543464,1.02150357
1591242471.73631954,-0.19468984,-0.07057771,1.03464389
1591242471.74810624,-0.19509718,-0.06173973,1.04576254
1591242471.76040339,-0.19149114,-0.05982082,1.05056381
1591242471.77193189,-0.19857065,-0.06229531,1.05157447
1591242471.78427577,-0.19708015,-0.06030138,1.04601514
1591242471.79608703,-0.19855614,-0.07323293,1.06142962
1591242471.80837631,-0.20466632,-0.06945985,1.06774712
1591242471.81998324,-0.20536415,-0.07994753,1.06926334
1591242471.83236933,-0.21238282,-0.08376831,1.05485952
1591242471.84390879,-0.22819822,-0.08160728,1.02377784
1591242471.85643220,-0.23419246,-0.06983111,0.98941112
1591242471.86798191,-0.23639299,-0.03139779,0.95883477
1591242471.88034821,-0.24551219,-0.00045274,0.92800575
1591242471.89190841,-0.25502089,0.03533212,0.93305969
1591242471.90423799,-0.26674655,0.03822577,0.96464682
1591242471.91610289,-0.27295071,0.02425115,1.00836337
1591242471.92840505,-0.27000046,0.01530735,1.04854214
1591242471.93993282,-0.25794160,0.00848362,1.07633877
1591242471.95225143,-0.25184134,0.00656464,1.08947909
1591242471.96405554,-0.26146257,0.02230466,1.09377491
1591242471.97635913,-0.26511094,0.05784417,1.08543587
1591242471.98806500,-0.26775458,0.08224845,1.06370389
1591242472.00038648,-0.26050714,0.07903774,1.06041896
1591242472.01191759,-0.23706743,0.06265354,1.05460691
1591242472.02427697,-0.20791864,0.02496333,1.06244051
1591242472.03605270,-0.17420642,-0.05171585,1.12460387
1591242472.04834747,-0.12545766,-0.19309172,1.24918330
1591242472.05985355,-0.06941051,-0.35761961,1.41166747
1591242472.07242441,-0.06506273,-0.42810541,1.49935329
1591242472.08404207,-0.08970377,-0.31792977,1.47307277
1591242472.09634852,-0.13212612,-0.12055382,1.33661652
1591242472.10787511,-0.18736050,0.05329711,1.16073954
1591242472.12044477,-0.20845242,0.16136460,1.01468074
1591242472.13196683,-0.20209932,0.20795441,0.93609208
1591242472.14426064,-0.15364532,0.18588504,0.91006434
1591242472.15604687,-0.11910526,0.13299671,0.92598420
1591242472.16854787,-0.10030909,0.06388757,1.00482559
1591242472.18001628,-0.11599107,0.05704659,1.09124792
1591242472.19246674,-0.13082233,0.10453929,1.11702299
1591242472.20401597,-0.15440202,0.15474859,1.10590434
1591242472.21632385,-0.16846693,0.18582657,1.07709694
1591242472.22796893,-0.16182333,0.18931343,1.05283797
1591242472.24032450,-0.15095425,0.18636861,1.03565466
1591242472.25186968,-0.14317632,0.16242456,1.03540194
1591242472.26443672,-0.12889388,0.11726992,1.04702604
1591242472.27598143,-0.11076027,0.08623298,1.03919232
1591242472.28834152,-0.08839158,0.06940562,1.05056381
1591242472.29988456,-0.08046563,0.07673711,1.04475176
1591242472.31245399,-0.07440288,0.10671756,1.02731562
1591242472.32397437,-0.07159020,0.11712690,1.00482559
1591242472.33627033,-0.06203295,0.09067082,1.00179327
1591242472.34804606,-0.03584998,0.07111682,0.99193811
1591242472.36036086,-0.02826793,0.05430653,0.99850821
1591242472.37188125,-0.03535564,0.03940493,1.00558376
1591242472.38423777,-0.05424169,0.04053659,0.98460984
1591242472.39610314,-0.06715037,0.07598765,0.93305969
1591242472.40840578,-0.07137062,0.13922064,0.87342322
1591242472.41993141,-0.06492653,0.16310343,0.84790087
1591242472.43224239,-0.04601564,0.14862801,0.82465279
1591242472.44402575,-0.02451901,0.14156587,0.79407650
1591242472.45631218,-0.01106029,0.09085545,0.82793784
1591242472.46810770,-0.02424099,0.03224430,0.87367600
1591242472.48047543,-0.00366937,-0.00949853,0.88934314
1591242472.49210143,-0.00905278,-0.02603289,0.94013524
1591242472.50432158,-0.02645561,-0.02930174,0.99623394
1591242472.51602793,-0.02882053,-0.03038913,1.02984262
1591242472.52835298,-0.02739843,-0.02064114,1.04652059
1591242472.53998613,-0.02881501,-0.00204143,1.03818166
1591242472.55230737,-0.03141141,0.01733552,0.99749744
1591242472.56410241,-0.02193783,-0.00435214,0.98233557
1591242472.57645106,0.00803144,-0.05497391,1.00558376
1591242472.58807969,0.01811144,-0.08944145,1.03338039
1591242472.60025930,0.02414931,-0.10984252,1.06395662
1591242472.61205745,0.02345131,-0.11639737,1.07886577
1591242472.62436247,0.00701930,-0.11069231,1.08897364
1591242472.63590741,-0.00938538,-0.07893869,1.08644664
1591242472.64847493,-0.03239363,-0.05626599,1.09680724
1591242472.66000319,-0.04909848,-0.04625215,1.11752832
1591242472.67231083,-0.07464518,-0.04720663,1.15315866
1591242472.68388152,-0.08834559,-0.05605493,1.17362714
1591242472.69651723,-0.08719294,-0.06621544,1.18702006
1591242472.70804405,-0.08617101,-0.07305610,1.18373501
1591242472.72034454,-0.07849346,-0.08430041,1.17236364
1591242472.73198748,-0.06936480,-0.10025895,1.15972877
1591242472.74437475,-0.05754696,-0.13999794,1.17337441
1591242472.75589252,-0.05014920,-0.15722649,1.16832042
1591242472.76844907,-0.04792398,-0.13720256,1.14936817
1591242472.77997255,-0.05078928,-0.09995471,1.13092124
1591242472.79227376,-0.05451562,-0.06752405,1.12157154
1591242472.80411386,-0.06219654,-0.04609196,1.11904454
1591242472.81641746,-0.08310051,-0.02395773,1.11247444
1591242472.82810473,-0.09841506,-0.03215158,1.12081349
1591242472.84040809,-0.08817743,-0.05267027,1.14229262
1591242472.85211515,-0.07249954,-0.07064629,1.16149759
1591242472.86442256,-0.07039226,-0.08150551,1.17438507
1591242472.87603068,-0.08322137,-0.07258232,1.17943907
1591242472.88835669,-0.09121539,-0.05979395,1.17564857
1591242472.90002465,-0.09579403,-0.04997766,1.15518022
1591242472.91236615,-0.07920557,-0.06019260,1.13370097
1591242472.92388701,-0.04870481,-0.10286407,1.12460387
1591242472.93646646,-0.02331884,-0.12155198,1.10489357
1591242472.94803405,-0.01424845,-0.12218851,1.09352219
1591242472.96036077,-0.00785832,-0.11487015,1.06446207
1591242472.97186732,0.00382370,-0.11687504,1.04601514
1591242472.98442507,0.01241583,-0.11896618,1.03843427
1591242472.99593496,0.01324446,-0.12141626,1.04677331
1591242473.00835156,0.01542410,-0.10546982,1.03388572
1591242473.01998472,0.03442836,-0.10020615,1.00583637
1591242473.03230238,0.05624998,-0.11938044,0.98587334
1591242473.04410744,0.08468549,-0.16265599,1.00482559
1591242473.05639601,0.09455150,-0.18651198,1.02529407
1591242473.06792259,0.08559008,-0.19190282,1.06496739
1591242473.08046556,0.05703348,-0.15131357,1.06799984
1591242473.09203672,0.03488761,-0.08592580,1.04550982
1591242473.10444427,0.01628053,-0.02093071,1.00255132
1591242473.11602569,-0.00535902,0.04228176,0.97020614
1591242473.12838864,-0.02988005,0.10605323,0.92750037
1591242473.13995266,-0.05074622,0.17693470,0.86963278
1591242473.15229988,-0.04876905,0.17151555,0.79963577
1591242473.16405964,-0.00123950,-0.07305511,0.87872994
1591242473.17639518,0.16244832,-0.39189070,0.96717381
