1591242503.18827820,-0.04145761,-0.14350341,1.11323249
1591242503.20063043,-0.03932718,-0.14895371,1.12157154
1591242503.21222878,-0.03395340,-0.14656277,1.10969472
1591242503.22461748,-0.02289067,-0.13891242,1.09301686
1591242503.23645091,-0.01895805,-0.13088474,1.07861304
1591242503.24884248,-0.00545210,-0.14117637,1.07937121
1591242503.26045132,-0.01642351,-0.15211372,1.05966079
1591242503.27278447,-0.01278123,-0.14248115,1.06648362
1591242503.28436470,0.00320634,-0.13678068,1.07204294
1591242503.29672217,0.00778143,-0.13841714,1.07456994
1591242503.30835652,-0.01227689,-0.15770005,1.09832346
1591242503.32075715,-0.01492757,-0.12750705,1.09478569
1591242503.33230639,-0.02054976,-0.10446453,1.09402752
1591242503.34461689,-0.01557558,-0.10661006,1.10135579
1591242503.35643220,-0.01323780,-0.11668338,1.11196911
1591242503.36874413,-0.03081347,-0.13399784,1.14557779
1591242503.38026619,-0.02725358,-0.13097464,1.16832042
1591242503.39285421,-0.04388775,-0.12626980,1.16452992
1591242503.40445733,-0.02444079,-0.13027468,1.15998137
1591242503.41677618,-0.03477659,-0.13577080,1.13673329
1591242503.42830944,-0.02775767,-0.13583452,1.12864697
1591242503.44086957,-0.02081779,-0.13634835,1.11500144
1591242503.45245695,-0.01624675,-0.14386283,1.08745742
1591242503.46476245,-0.01460199,-0.14884067,1.06850517
1591242503.47626829,-0.00808647,-0.16318710,1.07027400
1591242503.48883009,-0.02237067,-0.15552312,1.05334342
1591242503.50037193,-0.02643522,-0.15269098,1.06572556
1591242503.51281977,-0.02291776,-0.14427677,1.06269312
1591242503.52436447,-0.02557586,-0.14541304,1.07911849
1591242503.53666592,-0.02960867,-0.15601809,1.09958696
1591242503.54845238,-0.03149419,-0.16970976,1.11702299
1591242503.56075859,-0.02296677,-0.16999148,1.12687814
1591242503.57229090,-0.05294569,-0.17687386,1.12005532
1591242503.58466458,-0.06998243,-0.18302411,1.13673329
1591242503.59645557,-0.07310595,-0.16922304,1.14507234
1591242503.60881400,-0.09533681,-0.17169136,1.14911544
1591242503.62036014,-0.12130024,-0.16715473,1.14380884
1591242503.63268447,-0.13125288,-0.15964058,1.14355612
1591242503.64429283,-0.14563853,-0.14997186,1.13117397
1591242503.65685797,-0.16947378,-0.12748851,1.12687814
1591242503.66839242,-0.20185146,-0.09834997,1.13824952
1591242503.68071651,-0.23713157,-0.06723437,1.12965786
1591242503.69236875,-0.25161651,-0.04807905,1.11550677
1591242503.70468974,-0.26381743,-0.03520883,1.09225869
1591242503.71647429,-0.25852382,-0.03224684,1.06875789
1591242503.72863150,-0.25247711,-0.03788425,1.03868699
1591242503.74044991,-0.24581864,-0.04403298,1.02706289
1591242503.75283170,-0.24169540,-0.04613936,1.02125084
1591242503.76446629,-0.24190617,-0.04806171,1.02099824
1591242503.77672315,-0.23807356,-0.04882517,1.01720774
1591242503.78831148,-0.23650406,-0.05031121,1.00886869
1591242503.80063081,-0.23370524,-0.05388321,1.00330949
1591242503.81245375,-0.23729056,-0.05729165,1.01265919
1591242503.82481360,-0.23522016,-0.05454456,1.04247737
1591242503.83633327,-0.24563462,-0.05470824,1.06345129
1591242503.84863162,-0.24109828,-0.04885952,1.09857607
1591242503.86024189,-0.26017678,-0.03742433,1.10640967
1591242503.87282586,-0.26790875,-0.03067563,1.08897364
1591242503.88435650,-0.25563759,-0.03050854,1.06345129
1591242503.89670038,-0.23599179,-0.04511347,1.03363299
1591242503.90862560,-0.20316899,-0.06775206,1.01366997
1591242503.92075157,-0.17377679,-0.09156032,0.98460984
1591242503.93229628,-0.15460688,-0.10327500,0.96540487
1591242503.94486904,-0.15173775,-0.09987479,0.96262527
1591242503.95637655,-0.18182023,-0.06711455,0.97045887
1591242503.96867895,-0.19855516,-0.05674290,1.01594424
1591242503.98044658,-0.26137966,-0.07132092,1.09326947
1591242503.99282122,-0.31105536,-0.07240507,1.17615414
1591242504.00435805,-0.32663414,-0.06764375,1.24488747
1591242504.01673031,-0.32406396,-0.06105540,1.27975965
1591242504.02827096,-0.32449982,-0.04232618,1.27799082
1591242504.04084611,-0.31259447,-0.03573773,1.27698016
1591242504.05237699,-0.31191117,-0.02577158,1.28961492
1591242504.06470156,-0.32347894,-0.02150759,1.26889372
1591242504.07647324,-0.32324523,-0.01227741,1.20546675
1591242504.08877730,-0.30767024,0.00572262,1.13648069
1591242504.10030437,-0.29467833,0.03345707,1.06648362
1591242504.11286616,-0.28347644,0.04563206,1.02024007
1591242504.12437963,-0.28510386,0.03750987,1.00482559
1591242504.13668180,-0.26732641,0.03891416,0.99673927
1591242504.14846301,-0.24915724,0.00821123,0.99168539
1591242504.16075706,-0.22810049,-0.01129166,0.98536789
1591242504.17227030,-0.22115098,-0.03558346,1.00052977
1591242504.18481231,-0.21124068,-0.04515084,0.99395967
1591242504.19633079,-0.19827719,-0.05223687,0.97728169
1591242504.20863843,-0.17670533,-0.05626553,0.95327550
1591242504.22047830,-0.16351983,-0.05494647,0.95125389
1591242504.23279095,-0.14796261,-0.04296590,0.94897962
1591242504.24436879,-0.13293108,-0.02485360,0.94518918
1591242504.25670910,-0.12862119,-0.01038147,0.93710291
1591242504.26848674,-0.13106345,-0.00877271,0.94316757
1591242504.28079200,-0.12298977,-0.00784906,0.94847423
1591242504.29232001,-0.12075343,-0.02285293,0.96641570
1591242504.30486178,-0.11280049,-0.05371612,0.97778702
1591242504.31646419,-0.10588469,-0.09024191,0.99724472
1591242504.32885933,-0.09411447,-0.11310686,1.02251434
1591242504.34046888,-0.08542986,-0.12598491,1.03413844
1591242504.35282207,-0.07492955,-0.12317574,1.02377784
1591242504.36438704,-0.07197875,-0.11784357,1.02226174
1591242504.37670660,-0.08431064,-0.11447491,1.04323554
1591242504.38854861,-0.11467820,-0.10112362,1.07381177
1591242504.40086913,-0.13283372,-0.07981803,1.07583344
1591242504.41244817,-0.14113641,-0.05986178,1.06926334
1591242504.42480040,-0.14489007,-0.05111913,1.04626787
1591242504.43632317,-0.14256084,-0.04620074,1.03135872
1591242504.44888091,-0.13520554,-0.04633024,1.02478862
1591242504.46043420,-0.13676718,-0.03809550,1.01569164
1591242504.47281694,-0.13708344,-0.03894072,0.99547577
1591242504.48434448,-0.12599978,-0.04869898,0.99244344
1591242504.49663353,-0.10500605,-0.07653207,0.99699199
1591242504.50844240,-0.08010708,-0.11364351,1.00002432
1591242504.52074242,-0.03696015,-0.16601086,0.99749744
1591242504.53228927,0.01756018,-0.21003678,0.98865306
1591242504.54466653,0.04179178,-0.21458735,0.96641570
1591242504.55647945,0.02156623,-0.18449455,0.94619995
1591242504.56880116,-0.00486200,-0.11115792,0.91688710
1591242504.58033061,-0.05453169,-0.04441440,0.92648959
1591242504.59263754,-0.09822315,-0.01235162,0.96464682
1591242504.60444880,-0.12214933,-0.00305362,1.00760531
1591242504.61675382,-0.12971981,-0.01073626,1.03338039
1591242504.62826037,-0.11618090,-0.03698449,1.05789185
1591242504.64082646,-0.09580908,-0.07521330,1.08467782
1591242504.65235686,-0.07766894,-0.12366104,1.12081349
1591242504.66465306,-0.06739399,-0.15478116,1.14153457
1591242504.67644572,-0.06845830,-0.15604030,1.14633584
1591242504.68876338,-0.07552443,-0.12357907,1.13319564
1591242504.70035887,-0.09231681,-0.08564655,1.12106609
1591242504.71284294,-0.10585767,-0.05743850,1.10059774
1591242504.72427583,-0.11447708,-0.04500805,1.10792589
1591242504.73686838,-0.11569012,-0.03884226,1.11474872
1591242504.74838614,-0.10644103,-0.03581559,1.11247444
1591242504.76071882,-0.09715568,-0.03962274,1.09781802
1591242504.77232361,-0.08204860,-0.05077160,1.08467782
1591242504.78463030,-0.06510228,-0.06261918,1.07103217
1591242504.79642296,-0.04921087,-0.06702618,1.04955292
1591242504.80872798,-0.02863448,-0.08832785,1.02200902
1591242504.82031298,-0.01489305,-0.10074264,0.99724472
1591242504.83268571,-0.00525516,-0.10842057,0.98663139
1591242504.84449673,-0.01147389,-0.11050236,1.00204599
1591242504.85679770,-0.01090221,-0.11015216,1.01872396
1591242504.86832523,-0.02099574,-0.11711602,1.04121399
1591242504.88088250,-0.04118308,-0.11909777,1.05940819
1591242504.89239383,-0.05392371,-0.11993851,1.07962382
1591242504.90467787,-0.06715558,-0.11821550,1.09402752
1591242504.91644812,-0.06981734,-0.12270662,1.10312462
1591242504.92867804,-0.07291820,-0.12975721,1.09478569
1591242504.94050360,-0.06818403,-0.13365301,1.08821559
1591242504.95280719,-0.07196176,-0.13527583,1.09048986
1591242504.96441960,-0.07722174,-0.13458031,1.09150052
1591242504.97675085,-0.06716135,-0.13491213,1.09301686
1591242504.98827076,-0.05901625,-0.14679027,1.09074247
1591242505.00062871,-0.04547278,-0.16677804,1.09048986
1591242505.01243329,-0.02215546,-0.18546119,1.08922637
1591242505.02483296,0.00203655,-0.20762174,1.09680724
1591242505.03636146,0.00582542,-0.22134069,1.11474872
1591242505.04867029,0.00006595,-0.21456739,1.12359309
1591242505.06045198,-0.01710586,-0.15927276,1.10893667
1591242505.07282567,-0.05279174,-0.10591470,1.08846819
1591242505.08434963,-0.06320794,-0.05577851,1.07431722
1591242505.09662628,-0.06904013,-0.04016115,1.06294584
1591242505.10840011,-0.06667107,-0.04663026,1.04828942
1591242505.12070227,-0.05313141,-0.05370950,1.04045582
1591242505.13230252,-0.03458220,-0.06083985,1.02908444
1591242505.14487982,-0.01450820,-0.07045494,1.01442814
1591242505.15639138,-0.00590426,-0.08225141,1.00432026
1591242505.16869783,0.00271404,-0.08065286,1.00608909
1591242505.18048620,0.00072511,-0.07444274,1.00760531
1591242505.19279242,-0.00195764,-0.06081932,1.00179327
1591242505.20434928,-0.01098794,-0.03701832,0.97778702
1591242505.21666050,-0.01420914,-0.02358571,0.95757133
1591242505.22846174,-0.01360536,-0.01926388,0.96717381
1591242505.24075747,-0.01138735,-0.02565815,0.99598122
1591242505.25227141,-0.00276093,-0.03184448,1.01644969
1591242505.26490378,0.00011500,-0.03868515,1.01316464
1591242505.27638841,0.00765774,-0.03592432,1.00684726
1591242505.28884435,0.01245771,-0.02846325,0.98966384
1591242505.30039382,0.02380816,-0.03544368,0.99345422
1591242505.31287885,0.03286606,-0.05845394,1.02074552
1591242505.32430601,0.04111764,-0.07652882,1.04626787
1591242505.33674669,0.05825698,-0.08954132,1.04449904
1591242505.34830356,0.06904162,-0.09417355,1.03767622
1591242505.36089897,0.08328539,-0.09757391,1.02655756
1591242505.37247634,0.08999126,-0.11027026,1.02554679
1591242505.38479710,0.10203952,-0.12289844,1.02327251
1591242505.39646411,0.10157184,-0.13991755,1.04677331
1591242505.40892625,0.10567975,-0.16749194,1.07128489
1591242505.42039371,0.11966702,-0.18233842,1.07305372
1591242505.43287659,0.11980109,-0.20296241,1.08922637
1591242505.44431853,0.11036062,-0.20189860,1.09731257
1591242505.45663929,0.09220974,-0.17620149,1.08442509
1591242505.46843505,0.06824057,-0.13666701,1.07456994
1591242505.48076844,0.02652045,-0.09280930,1.08189809
1591242505.49230552,-0.00734492,-0.06121849,1.12131882
1591242505.50485539,-0.03509351,-0.03472158,1.14153457
1591242505.51637745,-0.08151521,-0.01714782,1.13875484
1591242505.52876449,-0.05972021,0.00864022,1.13622797
1591242505.54049468,-0.05965203,0.02332035,1.10186124
1591242505.55285501,-0.07543059,0.01562767,1.06951594
1591242505.56439114,-0.06628631,0.03273120,1.03060067
1591242505.57671499,-0.04141550,0.05308634,0.99421227
1591242505.58850527,-0.03507743,0.05650505,0.97121692
1591242505.60080719,-0.04109954,0.05881600,0.95529699
1591242505.61232567,-0.05572863,0.06970243,0.95984560
1591242505.62488985,-0.05008788,0.08209205,0.94999039
1591242505.63646722,-0.04544562,0.07205772,0.93861908
1591242505.64876509,-0.03091493,0.05365916,0.92977470
1591242505.66027069,-0.02080535,0.02474900,0.93634480
1591242505.67283487,-0.01020966,0.00374974,0.95327550
1591242505.68435717,0.01009476,-0.02532402,0.96287793
1591242505.69665384,0.02316868,-0.05483745,0.96717381
1591242505.70844221,0.03302115,-0.09315127,0.99092734
1591242505.72073150,0.04655898,-0.11637531,1.01821852
1591242505.73237562,0.04890007,-0.13043971,1.03792882
1591242505.74475670,0.04266816,-0.14829989,1.05384874
1591242505.75632143,0.04619004,-0.13961728,1.06901062
1591242505.76889277,0.03804572,-0.13463961,1.07406449
1591242505.78048325,0.03324601,-0.13427576,1.09048986
1591242505.79281569,0.02872217,-0.12633432,1.08695209
1591242505.80434036,0.02575131,-0.11879291,1.08619392
1591242505.81690025,0.01934043,-0.11455624,1.08644664
1591242505.82843637,0.01646294,-0.10329641,1.08164549
1591242505.84074473,0.01198009,-0.09838706,1.07406449
1591242505.85229802,0.00021356,-0.08757214,1.07153749
1591242505.86486316,-0.00897934,-0.07883641,1.07558072
1591242505.87638569,-0.00513165,-0.07118452,1.07280099
1591242505.88869786,-0.00902411,-0.06921101,1.05865002
1591242505.90047264,-0.01178302,-0.07591875,1.05738652
1591242505.91277575,-0.00637637,-0.07690038,1.05763924
1591242505.92427015,0.00089498,-0.08827423,1.05763924
1591242505.93681145,0.00397450,-0.10058744,1.05460691
1591242505.94833660,0.00799768,-0.10391948,1.05612302
1591242505.96066022,0.01154944,-0.10984713,1.05940819
1591242505.97245884,0.01166882,-0.11797944,1.06648362
1591242505.98475027,0.01535065,-0.12298438,1.06193507
1591242505.99631763,0.00787666,-0.11423376,1.06193507
1591242506.00888252,-0.00074688,-0.10050103,1.05763924
1591242506.02038980,-0.00569429,-0.09018674,1.05182719
1591242506.03268576,-0.00953168,-0.08249009,1.03565466
1591242506.04432416,-0.00940523,-0.07896579,1.03312767
1591242506.05689645,-0.01107174,-0.07648791,1.04550982
1591242506.06843972,-0.01587405,-0.07962710,1.05435419
1591242506.08074403,-0.01671476,-0.08086434,1.05485952
1591242506.09251714,-0.01523824,-0.07952144,1.05688119
1591242506.10483384,-0.01308933,-0.08360469,1.05182719
1591242506.11634731,-0.00703001,-0.09241866,1.05612302
1591242506.12881637,-0.00424323,-0.10297394,1.05713379
1591242506.14027691,-0.00447513,-0.10181470,1.06345129
1591242506.15266442,-0.01033155,-0.09678708,1.06294584
1591242506.16432095,-0.02213354,-0.08416371,1.06218779
1591242506.17667961,-0.02851874,-0.07363512,1.05991352
1591242506.18851972,-0.02959226,-0.07074137,1.05561769
1591242506.20087934,-0.02919612,-0.06822254,1.04930031
1591242506.21245432,-0.03154719,-0.07070725,1.04601514
1591242506.22479486,-0.02600894,-0.07423156,1.04854214
1591242506.23634052,-0.02264503,-0.07881244,1.04374087
1591242506.24882603,-0.02352923,-0.07992699,1.04197204
1591242506.26043725,-0.02456011,-0.07737067,1.03944504
1591242506.27283549,-0.02168643,-0.07619818,1.03565466
1591242506.28444123,-0.01986375,-0.07629361,1.03742349
1591242506.29677534,-0.01943010,-0.07540059,1.02984262
1591242506.30833697,-0.01951929,-0.07816142,1.03615999
1591242506.32073879,-0.02010225,-0.07971905,1.03363299
1591242506.33232284,-0.02292982,-0.08772543,1.04298282
1591242506.34466171,-0.02221268,-0.08806629,1.04930031
1591242506.35649443,-0.01891218,-0.09254137,1.05839729
1591242506.36885166,-0.02114137,-0.09101860,1.05334342
1591242506.38048148,-0.02092798,-0.08988218,1.05081642
1591242506.39284754,-0.01806144,-0.08910947,1.04576254
1591242506.40443897,-0.01216121,-0.09605542,1.04475176
1591242506.41679835,-0.01181393,-0.10309221,1.05005836
1591242506.42836833,-0.01177356,-0.10253304,1.05359614
1591242506.44071245,-0.02073377,-0.10114202,1.05561769
1591242506.45244026,-0.02344466,-0.09859633,1.05940819
1591242506.46490288,-0.02727662,-0.09518708,1.05182719
1591242506.47644973,-0.02081248,-0.09424615,1.04828942
1591242506.48876119,-0.01975727,-0.09273701,1.04348826
1591242506.50052023,-0.01740226,-0.09310070,1.04096127
1591242506.51282430,-0.01857512,-0.08962329,1.03211689
1591242506.52434158,-0.01709446,-0.09312797,1.04146659
1591242506.53689241,-0.01427552,-0.09530537,1.04475176
1591242506.54846239,-0.01265711,-0.09678723,1.04904747
1591242506.56075978,-0.01330914,-0.09573263,1.04803681
1591242506.57227325,-0.01819009,-0.09138229,1.05081642
1591242506.58484793,-0.01708043,-0.08675402,1.03843427
1591242506.59636831,-0.02203345,-0.08232990,1.03717077
1591242506.60867953,-0.02602063,-0.08329110,1.04601514
1591242506.62046695,-0.02902442,-0.08645754,1.05536497
1591242506.63276243,-0.02934018,-0.08597355,1.05536497
1591242506.64452386,-0.02923672,-0.08821970,1.05662847
1591242506.65688419,-0.03039715,-0.09053220,1.05359614
1591242506.66844320,-0.03271291,-0.09005483,1.05865002
1591242506.68074584,-0.03140602,-0.09105031,1.06319857
1591242506.69252443,-0.03072894,-0.09374596,1.06218779
1591242506.70466065,-0.02921746,-0.09515063,1.06041896
1591242506.71646023,-0.02778484,-0.10031459,1.06345129
1591242506.72881246,-0.02451187,-0.10629678,1.06774712
1591242506.74035263,-0.02668789,-0.10492398,1.06547284
1591242506.75267005,-0.02896887,-0.10078736,1.06294584
1591242506.76445150,-0.03892469,-0.09176405,1.05789185
1591242506.77675915,-0.03804345,-0.08559521,1.05283797
1591242506.78857112,-0.04162997,-0.08535321,1.05283797
1591242506.80067730,-0.03859117,-0.08812083,1.05031097
1591242506.81246781,-0.04179081,-0.08769480,1.05587041
1591242506.82475805,-0.04317746,-0.09019578,1.05662847
1591242506.83651733,-0.04507762,-0.09139577,1.06496739
1591242506.84882116,-0.04964900,-0.09021845,1.06168246
1591242506.86050773,-0.04422866,-0.09395967,1.05688119
1591242506.87285852,-0.04689687,-0.09377784,1.05814469
1591242506.88438869,-0.04664737,-0.09184586,1.05940819
1591242506.89676738,-0.04677846,-0.09170048,1.05207992
1591242506.90833902,-0.04967456,-0.09261414,1.05511224
1591242506.92090631,-0.05087536,-0.09393701,1.05182719
1591242506.93244958,-0.04555941,-0.09469165,1.04727864
1591242506.94475222,-0.04326877,-0.09885554,1.05031097
1591242506.95651793,-0.04175993,-0.10468316,1.05637574
1591242506.96881175,-0.04109540,-0.10465130,1.06041896
1591242506.98034143,-0.04175684,-0.10155104,1.06319857
1591242506.99272037,-0.05021228,-0.09255501,1.05865002
1591242507.00450158,-0.06362302,-0.08142336,1.06522012
1591242507.01678085,-0.07191111,-0.07377495,1.08493042
1591242507.02831411,-0.08390794,-0.07690391,1.09807074
1591242507.04086399,-0.07314086,-0.07820249,1.09074247
1591242507.05245399,-0.06202835,-0.08969564,1.08846819
1591242507.06484151,-0.03920043,-0.09782805,1.06370389
1591242507.07638526,-0.02959727,-0.11297923,1.05258524
1591242507.08867574,-0.01249811,-0.12337105,1.03666532
1591242507.10045719,0.01026197,-0.13863133,1.02756834
1591242507.11282229,0.02902474,-0.14995947,1.01973474
1591242507.12434125,0.04132764,-0.16246495,1.01518619
1591242507.13690114,0.04573923,-0.16521071,1.00583637
1591242507.14845061,0.04519272,-0.16669717,1.00558376
1591242507.16073847,0.04185455,-0.16294232,1.01013219
1591242507.17252064,0.02208403,-0.15168677,1.02857912
1591242507.18481255,0.00788894,-0.14107680,1.04045582
1591242507.19632721,-0.00341978,-0.13485347,1.05485952
1591242507.20889187,-0.01392561,-0.13016671,1.06067157
1591242507.22047400,-0.02221192,-0.12697546,1.07103217
1591242507.23278046,-0.03379306,-0.12065686,1.06976867
1591242507.24431491,-0.04955137,-0.10984237,1.07785499
1591242507.25687504,-0.05254688,-0.09712794,1.06926334
1591242507.26845860,-0.04960576,-0.09235953,1.05966079
1591242507.28076553,-0.04509539,-0.09117778,1.04702604
1591242507.29229569,-0.04132986,-0.09243704,1.03792882
1591242507.30492353,-0.04228456,-0.09316443,1.03287494
1591242507.31645465,-0.04457362,-0.08984588,1.04550982
1591242507.32891417,-0.05009217,-0.08980941,1.05410147
1591242507.34047079,-0.04873776,-0.09318236,1.05637574
1591242507.35277724,-0.04951643,-0.09552795,1.05814469
1591242507.36433911,-0.04954030,-0.09725541,1.05309069
1591242507.37667370,-0.04578111,-0.10247850,1.05258524
1591242507.38847041,-0.04145181,-0.10650605,1.05309069
1591242507.40078235,-0.03567281,-0.11664310,1.05561769
1591242507.41231799,-0.02820592,-0.12627107,1.05334342
1591242507.42487788,-0.02719147,-0.12885305,1.05485952
1591242507.43639278,-0.03051450,-0.11958878,1.05460691
1591242507.44875908,-0.03571519,-0.11607489,1.05435419
1591242507.46030927,-0.04219864,-0.10781972,1.05890274
1591242507.47267246,-0.04807401,-0.09920560,1.04753137
1591242507.48455310,-0.04564529,-0.09400073,1.04374087
1591242507.49686408,-0.04026868,-0.09049605,1.03439116
1591242507.50838685,-0.03176871,-0.09053251,1.02579951
1591242507.52070999,-0.02639074,-0.09370553,1.01973474
1591242507.53232837,-0.02621566,-0.09907845,1.03590727
1591242507.54491234,-0.02884715,-0.10169230,1.03338039
1591242507.55645823,-0.03165189,-0.09776020,1.03464389
1591242507.56882501,-0.03683895,-0.09271434,1.03843427
1591242507.58036542,-0.04120803,-0.08616437,1.04096127
1591242507.59268522,-0.04381569,-0.07945663,1.04222476
1591242507.60452080,-0.04743135,-0.08040762,1.05536497
1591242507.61684728,-0.05212428,-0.08062577,1.05940819
1591242507.62836385,-0.05123297,-0.08018268,1.06016624
1591242507.64073014,-0.05096804,-0.08483858,1.06572556
1591242507.65252566,-0.04636643,-0.09241392,1.07456994
1591242507.66486216,-0.04557015,-0.09993267,1.07027400
1591242507.67646241,-0.04388999,-0.10585128,1.06875789
1591242507.68878889,-0.03936864,-0.10756050,1.06799984
1591242507.70037341,-0.04118876,-0.10836969,1.06446207
1591242507.71269488,-0.03881669,-0.10967891,1.06092429
1591242507.72454619,-0.03358783,-0.11551572,1.05789185
1591242507.73687506,-0.03621358,-0.11057450,1.05435419
1591242507.74839497,-0.04151987,-0.10984713,1.05940819
1591242507.76070046,-0.03924630,-0.11306548,1.06345129
1591242507.77255177,-0.03852942,-0.11542472,1.06547284
1591242507.78488636,-0.03532977,-0.11430193,1.06319857
1591242507.79642320,-0.03633513,-0.11196998,1.06168246
1591242507.80874038,-0.03641949,-0.10730161,1.04930031
1591242507.82055521,-0.04080083,-0.10267858,1.04702604
1591242507.83293772,-0.04268015,-0.09995565,1.04753137
1591242507.84447265,-0.04502491,-0.09939648,1.05106914
1591242507.85678434,-0.04697391,-0.09535530,1.05031097
1591242507.86833858,-0.04769079,-0.09299606,1.04828942
1591242507.88077259,-0.04472034,-0.09010509,1.03641272
1591242507.89232802,-0.03948382,-0.09484179,1.03615999
1591242507.90490913,-0.03336480,-0.10044222,1.03338039
1591242507.91645885,-0.03283627,-0.10557890,1.03590727
1591242507.92883682,-0.02905264,-0.10885181,1.04096127
1591242507.94041109,-0.03031528,-0.11106551,1.04955292
1591242507.95273232,-0.03230189,-0.11179732,1.05384874
1591242507.96452332,-0.03258836,-0.11295196,1.05207992
1591242507.97688031,-0.03015737,-0.10685611,1.05031097
1591242507.98842478,-0.03419193,-0.10416505,1.04677331
1591242508.00074339,-0.03537112,-0.10465145,1.04652059
1591242508.01252627,-0.03192319,-0.10736978,1.05056381
1591242508.02481842,-0.03730456,-0.10553326,1.05359614
1591242508.03634953,-0.04112867,-0.10433310,1.05915534
1591242508.04892468,-0.04341962,-0.09837359,1.05991352
1591242508.06048584,-0.05063618,-0.09752810,1.05814469
1591242508.07279754,-0.05138607,-0.09283230,1.05915534
1591242508.08439183,-0.05637475,-0.08754824,1.05763924
1591242508.09671307,-0.06165859,-0.08151194,1.05789185
1591242508.10852122,-0.05707879,-0.07902038,1.05207992
1591242508.12089753,-0.05544635,-0.07901354,1.04298282
1591242508.13245177,-0.04710663,-0.07985882,1.04070854
1591242508.14475679,-0.04425370,-0.08511458,1.03944504
1591242508.15655875,-0.03758458,-0.08825493,1.03919232
1591242508.16888595,-0.03954301,-0.09130967,1.04020309
1591242508.18049073,-0.04214555,-0.09019133,1.04727864
1591242508.19304991,-0.04556360,-0.08757888,1.04475176
1591242508.20437789,-0.04927134,-0.08588153,1.05814469
1591242508.21682024,-0.04653380,-0.08820606,1.05637574
1591242508.22836399,-0.04447475,-0.09455515,1.05865002
1591242508.24076390,-0.04211296,-0.09224586,1.06218779
1591242508.25231981,-0.04311034,-0.09060940,1.05966079
1591242508.26484609,-0.04024695,-0.08915481,1.05587041
1591242508.27645636,-0.04456408,-0.09138673,1.06016624
1591242508.28878117,-0.03867827,-0.09296420,1.05233264
1591242508.30033255,-0.03269378,-0.09594174,1.04727864
1591242508.31271648,-0.03106283,-0.10015114,1.04652059
1591242508.32450771,-0.02945466,-0.10182849,1.04980564
1591242508.33682227,-0.03828152,-0.09969185,1.06117702
1591242508.34833980,-0.04437977,-0.09549609,1.06218779
1591242508.36089563,-0.05564677,-0.08639964,1.06774712
1591242508.37248111,-0.05656030,-0.08873439,1.06168246
1591242508.38491464,-0.04901086,-0.09482341,1.05435419
1591242508.39645123,-0.04503065,-0.10695155,1.05207992
1591242508.40881443,-0.03891767,-0.11831141,1.05410147
1591242508.42034864,-0.03612361,-0.13129853,1.06774712
1591242508.43271041,-0.04308008,-0.13494401,1.08897364
1591242508.44448853,-0.05694801,-0.12441584,1.10236657
1591242508.45678568,-0.06779486,-0.11405605,1.10034502
1591242508.46836901,-0.07301535,-0.09624122,1.09453297
1591242508.48079753,-0.08045793,-0.08344799,1.07583344
1591242508.49239779,-0.07950481,-0.07702651,1.06446207
1591242508.50470972,-0.07050237,-0.08204022,1.04525709
1591242508.51648998,-0.05930571,-0.09039601,1.03717077
1591242508.52894092,-0.05067524,-0.09994218,1.03338039
1591242508.54049969,-0.04009270,-0.11039741,1.03717077
1591242508.55286217,-0.03941105,-0.11512507,1.03211689
1591242508.56439209,-0.03543531,-0.11075208,1.02984262
1591242508.57670021,-0.03740760,-0.10821559,1.02453601
1591242508.58832479,-0.04259669,-0.11118393,1.02857912
1591242508.60090780,-0.03988697,-0.11036111,1.03186417
1591242508.61244845,-0.03946289,-0.10869724,1.04273009
1591242508.62474418,-0.04237663,-0.10888812,1.04626787
1591242508.63651395,-0.04437140,-0.10561521,1.04121399
1591242508.64881682,-0.04099726,-0.09612374,1.03211689
1591242508.66033816,-0.04362290,-0.08966894,1.01442814
1591242508.67274833,-0.04523322,-0.08558140,0.99876094
1591242508.68432808,-0.04662055,-0.08416347,0.99042189
1591242508.69689727,-0.04624913,-0.08048920,0.98511529
1591242508.70840335,-0.04899042,-0.08032559,0.98208296
1591242508.72071409,-0.05741264,-0.07319516,0.97551274
1591242508.73231554,-0.06476530,-0.06873015,0.97349119
1591242508.74492311,-0.06265789,-0.07095923,0.96995342
1591242508.75645185,-0.06163667,-0.08084363,0.97374392
1591242508.76883078,-0.06165601,-0.08954195,0.98890567
1591242508.78033400,-0.07616177,-0.09075986,1.02074552
1591242508.79281950,-0.08582968,-0.08471924,1.05005836
1591242508.80437064,-0.09456769,-0.07316819,1.06471479
1591242508.81669021,-0.09662043,-0.06293614,1.06345129
1591242508.82849884,-0.10449477,-0.05200537,1.06269312
1591242508.84093523,-0.10743875,-0.04138134,1.05865002
1591242508.85239530,-0.10875167,-0.03819106,1.05334342
1591242508.86489129,-0.10874115,-0.03800360,1.05435419
1591242508.87646794,-0.11386394,-0.03324547,1.05587041
1591242508.88879919,-0.12589328,-0.02871569,1.05713379
1591242508.90035558,-0.14849037,-0.01388913,1.06041896
1591242508.91290998,-0.16869994,0.00699422,1.05460691
1591242508.92449355,-0.18860200,0.01863050,1.06319857
1591242508.93681026,-0.19832718,0.02680723,1.07760227
1591242508.94833589,-0.20205721,0.02454739,1.09705997
1591242508.96088433,-0.20795822,0.02317037,1.10464084
1591242508.97245026,-0.21654254,0.02725026,1.09630179
1591242508.98476338,-0.21703091,0.03527034,1.06875789
1591242508.99637866,-0.20961696,0.03814366,1.05587041
1591242509.00869846,-0.19213599,0.03330721,1.03338039
1591242509.02046871,-0.16688734,0.01541306,1.03312767
1591242509.03277802,-0.14769977,-0.01321761,1.04348826
1591242509.04431534,-0.13232914,-0.03960899,1.06168246
1591242509.05688667,-0.12702756,-0.06002202,1.08568859
1591242509.06842494,-0.12271740,-0.07029504,1.10565162
1591242509.08073258,-0.12036895,-0.07024734,1.11373794
1591242509.09233451,-0.10939371,-0.05707727,1.12081349
1591242509.10491276,-0.09552597,-0.04305508,1.12106609
1591242509.11644840,-0.09158603,-0.03965006,1.11626482
1591242509.12894940,-0.08814561,-0.04247558,1.10135579
1591242509.14051270,-0.08527097,-0.03875019,1.09958696
1591242509.15282059,-0.09031039,-0.03214467,1.09377491
1591242509.16461539,-0.09443606,-0.03732547,1.10009229
1591242509.17686129,-0.08857219,-0.05481407,1.11474872
1591242509.18840837,-0.08337501,-0.07688698,1.12915242
1591242509.20081377,-0.07624557,-0.09888631,1.14355612
1591242509.21234369,-0.08091625,-0.10770494,1.15871787
1591242509.22489691,-0.07404022,-0.10020426,1.17261624
1591242509.23646450,-0.06952175,-0.10172243,1.18221879
1591242509.24877024,-0.06236274,-0.11665072,1.18550384
1591242509.26056004,-0.05035573,-0.15036234,1.17084742
1591242509.27288246,-0.03158310,-0.17697375,1.13117397
1591242509.28440571,-0.01926717,-0.19630279,1.09554374
1591242509.29674053,-0.00656044,-0.21364975,1.06951594
1591242509.30852580,-0.00114881,-0.21360900,1.05485952
1591242509.32089829,0.00391123,-0.20248108,1.04323554
1591242509.33244038,-0.00667427,-0.19465318,1.05106914
1591242509.34474492,-0.02064712,-0.18517518,1.05612302
1591242509.35651422,-0.03243034,-0.17553800,1.06749439
1591242509.36881638,-0.03277625,-0.17517892,1.06547284
1591242509.38035131,-0.02860133,-0.18056579,1.05410147
1591242509.39292693,-0.00919569,-0.18787575,1.02276707
1591242509.40450215,0.00620141,-0.20434535,0.99901354
1591242509.41676474,0.03312653,-0.20870045,0.97778702
1591242509.42841816,0.06444986,-0.20235932,0.95757133
1591242509.44077158,0.08912200,-0.18863593,0.93028003
1591242509.45245934,0.08993317,-0.17056650,0.92901653
1591242509.46491790,0.05521916,-0.14916931,0.94948506
1591242509.47645497,0.02818112,-0.14135487,0.97146964
1591242509.48879337,0.02236457,-0.15276040,0.95580244
1591242509.50063467,-0.00647639,-0.18023981,0.93685013
1591242509.51288915,-0.01303729,-0.18623564,0.94139868
1591242509.52445650,-0.03068797,-0.19711339,0.96692115
1591242509.53682971,-0.04610401,-0.21311879,0.99016917
1591242509.54837537,-0.08686915,-0.22267368,1.01897657
1591242509.56074929,-0.10020458,-0.21698210,1.04323554
1591242509.57255793,-0.10910364,-0.20740850,1.06041896
1591242509.58484077,-0.11119808,-0.22252277,1.09958696
1591242509.59645534,-0.11399896,-0.26724371,1.13142669
1591242509.60891342,-0.10804049,-0.30624202,1.12207687
1591242509.62052512,-0.09665955,-0.32006148,1.09554374
1591242509.63296056,-0.09334148,-0.33542636,1.07911849
1591242509.64433789,-0.08224704,-0.33979493,1.07204294
1591242509.65691996,-0.07513300,-0.32546672,1.06597829
1591242509.66846538,-0.08482008,-0.31925687,1.09453297
1591242509.68078470,-0.09324473,-0.31607467,1.10969472
1591242509.69232512,-0.10044789,-0.31905204,1.11853921
1591242509.70493698,-0.11192994,-0.31201985,1.10868394
1591242509.71647048,-0.10326253,-0.30311021,1.10110307
1591242509.72876930,-0.12084652,-0.30700141,1.09908152
1591242509.74055243,-0.13319245,-0.30827895,1.08568859
1591242509.75283861,-0.14059475,-0.33344892,1.08417249
1591242509.76435781,-0.14300781,-0.36795104,1.11196911
1591242509.77696657,-0.14685176,-0.38672909,1.15416944
1591242509.78834820,-0.15437739,-0.40189329,1.19889677
1591242509.80075550,-0.17423971,-0.39807460,1.22542989
1591242509.81239605,-0.19275694,-0.38496444,1.23730659
1591242509.82481766,-0.20239016,-0.35112122,1.23098922
1591242509.83654761,-0.20787559,-0.31862813,1.22189224
1591242509.84880638,-0.21663114,-0.28873524,1.21001542
1591242509.86050868,-0.21617378,-0.25664246,1.17590129
1591242509.87288070,-0.21060444,-0.23794632,1.12131882
1591242509.88447213,-0.20869513,-0.22096384,1.07532799
1591242509.89685988,-0.19925633,-0.22098255,1.02933717
1591242509.90847707,-0.20459494,-0.22781068,0.99370694
1591242509.92086649,-0.19041809,-0.22445616,0.97323859
1591242509.93239737,-0.18003729,-0.21267822,0.95883477
1591242509.94470382,-0.18137053,-0.20407774,0.94771612
1591242509.95648408,-0.17983322,-0.20282732,0.97551274
1591242509.96877098,-0.16957667,-0.19909514,0.98511529
1591242509.98039246,-0.16117004,-0.19829498,0.99345422
1591242509.99283338,-0.15035689,-0.20118597,1.00533092
1591242510.00447106,-0.14068803,-0.21159585,0.99901354
1591242510.01685882,-0.13250220,-0.22149667,0.98789489
1591242510.02838588,-0.11088894,-0.22770177,0.97778702
1591242510.04096103,-0.08654062,-0.21768300,0.96818459
1591242510.05232143,-0.06780280,-0.17129800,0.96110904
1591242510.06489325,-0.08283766,-0.11722128,0.97829247
1591242510.07639670,-0.13892898,-0.09037366,1.00432026
1591242510.08888030,-0.16702047,-0.08511452,1.02150357
1591242510.10046363,-0.15288153,-0.12215728,1.04197204
1591242510.11272955,-0.11322793,-0.19020724,1.06597829
1591242510.12438011,-0.08401462,-0.25765729,1.07886577
1591242510.13674664,-0.06985993,-0.29671457,1.07987654
1591242510.14859104,-0.06292837,-0.29183263,1.05890274
1591242510.16093826,-0.05704291,-0.25454420,1.01190114
1591242510.17266679,-0.06232969,-0.20995989,0.95479167
1591242510.18491483,-0.06355464,-0.17795826,0.89919835
1591242510.19652724,-0.05755539,-0.15585241,0.87872994
1591242510.20894837,-0.05237824,-0.15374778,0.87215978
1591242510.22051001,-0.03968782,-0.17424446,0.89060664
1591242510.23281598,-0.02893940,-0.20429176,0.91461289
1591242510.24438667,-0.02533210,-0.24021231,0.92699498
1591242510.25671268,-0.01581711,-0.26571396,0.94089335
1591242510.26858044,-0.00779356,-0.26603201,0.95605516
1591242510.28197718,-0.02159493,-0.24699862,0.97399664
1591242510.29264855,-0.05103896,-0.21085960,0.98536789
1591242510.30552888,-0.08786935,-0.17534807,0.98056674
1591242510.31644464,-0.11272611,-0.15422389,0.97829247
1591242510.32891560,-0.11389557,-0.15100981,0.99749744
1591242510.34041810,-0.11536691,-0.16251948,1.01619697
1591242510.35281968,-0.11628772,-0.17110617,1.04096127
1591242510.36441517,-0.11746393,-0.17907916,1.06825256
1591242510.37678814,-0.11700634,-0.18250664,1.07153749
1591242510.38833737,-0.10852646,-0.19313022,1.05991352
1591242510.40071654,-0.10579568,-0.20245841,1.03818166
1591242510.41237712,-0.12465246,-0.21697782,1.01998746
1591242510.42473626,-0.15439074,-0.25149861,1.00179327
1591242510.43656325,-0.19017458,-0.27580029,1.00735259
1591242510.44890761,-0.20108131,-0.25311622,1.06420934
1591242510.46048999,-0.21803141,-0.18590558,1.18550384
1591242510.47294450,-0.24767621,-0.10542150,1.28784597
1591242510.48451400,-0.27404743,-0.02470827,1.32372904
1591242510.49690008,-0.28992528,0.03246785,1.30907249
1591242510.50853229,-0.27630848,0.05387963,1.26207089
1591242510.52080584,-0.25284714,0.04936708,1.20218182
1591242510.53238869,-0.23048675,0.01566492,1.14507234
1591242510.54492331,-0.19928449,-0.01281560,1.09882879
1591242510.55650020,-0.18783009,-0.01385842,1.05536497
1591242510.56886077,-0.18492195,0.01082539,1.01948202
1591242510.58046174,-0.17784709,0.04674324,1.00861609
1591242510.59281015,-0.15765142,0.08924606,1.01922929
1591242510.60435486,-0.14524123,0.10040173,1.04121399
1591242510.61685300,-0.11969045,0.08894941,1.05612302
1591242510.62841058,-0.08963360,0.06475650,1.06496739
1591242510.64074707,-0.07661090,0.05796022,1.03843427
1591242510.65252757,-0.07401553,0.06659383,0.99951899
1591242510.66483974,-0.07971427,0.07526502,0.94645262
1591242510.67638397,-0.08949694,0.06838699,0.90349424
1591242510.68893623,-0.10490254,0.05810050,0.86988556
1591242510.70046115,-0.11331147,0.04622902,0.87013823
1591242510.71283031,-0.11287616,0.03115349,0.91183317
1591242510.72437596,-0.10600347,0.01889327,0.96414143
1591242510.73693776,-0.11200178,-0.02175893,0.99547577
1591242510.74845767,-0.12840639,-0.05452409,1.03312767
1591242510.76078796,-0.13012199,-0.05045446,1.03843427
1591242510.77258015,-0.13218075,-0.03082880,1.02453601
1591242510.78488111,-0.14519013,-0.01575681,1.02327251
1591242510.79640031,-0.15060180,-0.02068546,1.05182719
1591242510.80896378,-0.14159286,-0.04797334,1.10009229
1591242510.82056713,-0.13236275,-0.06594598,1.13269019
1591242510.83277917,-0.13934135,-0.08276998,1.15745449
1591242510.84449697,-0.13956048,-0.07576576,1.17564857
1591242510.85687733,-0.14276320,-0.05047529,1.15543294
1591242510.86845279,-0.15506777,-0.03240721,1.12106609
1591242510.88076901,-0.14095885,-0.01685458,1.10640967
1591242510.89257216,-0.12418797,-0.00899825,1.11778116
1591242510.90489006,-0.11832276,-0.00556596,1.11247444
1591242510.91646266,-0.11358915,-0.01708295,1.10615706
1591242510.92887568,-0.09339291,-0.03584622,1.09958696
1591242510.94042921,-0.08668578,-0.05116357,1.08745742
1591242510.95283198,-0.08714223,-0.05217583,1.07482266
1591242510.96437597,-0.09096955,-0.03071984,1.05839729
1591242510.97694659,-0.11179564,-0.00987398,1.04879487
1591242510.98858166,-0.14865765,0.00898809,1.06698906
1591242511.00090027,-0.17212337,0.01963243,1.10742044
1591242511.01243925,-0.20560923,0.03559389,1.13900769
1591242511.02491856,-0.22958022,0.03724020,1.13092124
1591242511.03646994,-0.22608975,0.04616692,1.09554374
1591242511.04877996,-0.19502512,0.04308583,1.06294584
1591242511.06033564,-0.16912174,0.01643553,1.05005836
1591242511.07272339,-0.18566111,-0.00388869,1.00962687
1591242511.08452082,-0.17495778,-0.00549738,0.98562074
1591242511.09683061,-0.15989438,0.00045374,0.97399664
1591242511.10837698,-0.15517142,-0.01550443,0.97374392
1591242511.12073660,-0.15543583,-0.03742051,0.97627091
1591242511.13255191,-0.13045844,-0.06492300,0.98814762
1591242511.14489341,-0.11228389,-0.09124658,0.99269617
1591242511.15643668,-0.10293212,-0.10747014,1.01998746
1591242511.16887665,-0.10219794,-0.09890120,1.03262222
1591242511.18040085,-0.10996354,-0.07979064,1.03944504
1591242511.19274950,-0.11433118,-0.07100374,1.02908444
1591242511.20456791,-0.11930564,-0.08407499,1.03363299
1591242511.21688175,-0.09545261,-0.08287179,1.02478862
1591242511.22858500,-0.08071268,-0.10417885,1.03312767
1591242511.24075913,-0.08373997,-0.13280371,1.02150357
1591242511.25256157,-0.08261031,-0.17535679,1.01316464
1591242511.26488590,-0.05945388,-0.20079960,1.00280404
1591242511.27644396,-0.07321932,-0.21490507,1.00937414
1591242511.28882051,-0.08451459,-0.20995894,1.03818166
1591242511.30033827,-0.07611044,-0.18627971,1.06269312
1591242511.31292605,-0.09505887,-0.15805517,1.04930031
1591242511.32449079,-0.11392302,-0.14116780,1.03287494
1591242511.33680701,-0.11135161,-0.14039968,1.02327251
1591242511.34839773,-0.09982091,-0.14701380,1.02074552
1591242511.36071801,-0.10501290,-0.14595476,1.01038492
1591242511.37257981,-0.10113399,-0.13387671,1.00432026
1591242511.38489532,-0.09041873,-0.15656488,0.98460984
1591242511.39640474,-0.07952253,-0.19321299,0.97803974
1591242511.40896177,-0.06812120,-0.21105967,0.97980869
1591242511.42049718,-0.06319392,-0.21441898,0.98183012
1591242511.43286610,-0.06003578,-0.21430086,0.97500741
1591242511.44439721,-0.05889682,-0.21386886,0.99016917
1591242511.45694971,-0.04739721,-0.21541414,1.01417542
1591242511.46848750,-0.05710060,-0.18887597,1.00886869
1591242511.48080420,-0.05279697,-0.16456529,0.99850821
1591242511.49250555,-0.04047602,-0.14302288,0.99775004
1591242511.50491500,-0.03534731,-0.13315392,1.00482559
1591242511.51659632,-0.05003682,-0.13859026,1.04070854
1591242511.52891135,-0.06692420,-0.14651743,1.09958696
1591242511.54052377,-0.07328173,-0.16558646,1.14254534
1591242511.55288863,-0.08558507,-0.22404078,1.12308776
1591242511.56444407,-0.07958388,-0.28560519,1.03615999
1591242511.57681346,-0.01489274,-0.30623534,0.90880084
1591242511.58836627,0.04917243,-0.27102947,0.80772209
1591242511.60077119,0.11510995,-0.24093667,0.78750640
1591242511.61257005,0.13287890,-0.23964553,0.80064660
1591242511.62487125,0.15128091,-0.23683129,0.83652955
1591242511.63650632,0.15773219,-0.21942043,0.88454193
1591242511.64882851,0.17617401,-0.22541133,0.92143565
1591242511.66037226,0.20667934,-0.26011339,0.95757133
1591242511.67296767,0.23312458,-0.29833403,0.97551274
1591242511.68451428,0.25880641,-0.31409892,0.96186709
1591242511.69681311,0.28941789,-0.32167700,0.94013524
1591242511.70871782,0.30846420,-0.31137189,0.92522609
1591242511.72089505,0.31950825,-0.29379788,0.92851120
1591242511.73248482,0.32874545,-0.29350221,0.94619995
1591242511.74480343,0.34055051,-0.31424892,0.96464682
1591242511.75659132,0.33827540,-0.30104363,0.94695801
1591242511.76890445,0.34207428,-0.29448834,0.97374392
1591242511.78045630,0.33609146,-0.27788699,0.99042189
1591242511.79282689,0.32492778,-0.28502825,1.00229859
1591242511.80435491,0.32264453,-0.29193297,1.02832639
1591242511.81692553,0.31674373,-0.28520977,1.02883184
1591242511.82844043,0.32081220,-0.28648272,1.01998746
1591242511.84087324,0.32021552,-0.27605030,1.00735259
