1591242503.18827820,6.09039973,0.12410687,-0.06715154
1591242503.20063043,6.09196703,0.12050975,-0.07146600
1591242503.21222878,6.09346104,0.11674856,-0.07496713
1591242503.22461748,6.09490617,0.11289837,-0.07758163
1591242503.23645091,6.09628672,0.10922270,-0.07935838
1591242503.24884248,6.09748577,0.10565874,-0.08072671
1591242503.26045132,6.09820135,0.10258347,-0.08176868
1591242503.27278447,6.09821182,0.10003355,-0.08232718
1591242503.28436470,6.09777025,0.09796533,-0.08221723
1591242503.29672217,6.09695693,0.09625665,-0.08167443
1591242503.30835652,6.09540184,0.09522865,-0.08158716
1591242503.32075715,6.09294791,0.09435948,-0.08106880
1591242503.33230639,6.09001227,0.09378003,-0.08044048
1591242503.34461689,6.08681133,0.09337511,-0.08004778
1591242503.35643220,6.08325959,0.09315171,-0.08006698
1591242503.36874413,6.07939019,0.09329134,-0.08088205
1591242503.38026619,6.07516824,0.09293704,-0.08167966
1591242503.39285421,6.07040873,0.09201201,-0.08309513
1591242503.40445733,6.06516052,0.08976577,-0.08572708
1591242503.41677618,6.05919150,0.08688074,-0.08950921
1591242503.42830944,6.05252259,0.08328188,-0.09414131
1591242503.44086957,6.04531089,0.07915068,-0.09925862
1591242503.45245695,6.03765588,0.07473849,-0.10480179
1591242503.46476245,6.02965878,0.07036469,-0.11048458
1591242503.47626829,6.02126200,0.06604326,-0.11628954
1591242503.48883009,6.01221247,0.06216688,-0.12183445
1591242503.50037193,6.00279642,0.05888392,-0.12723974
1591242503.51281977,5.99332277,0.05622753,-0.13196609
1591242503.52436447,5.98392766,0.05427799,-0.13619153
1591242503.53666592,5.97441736,0.05291140,-0.14021626
1591242503.54845238,5.96487041,0.05195496,-0.14396523
1591242503.56075859,5.95526587,0.05127777,-0.14688866
1591242503.57229090,5.94561245,0.05166524,-0.14923263
1591242503.58466458,5.93601838,0.05307546,-0.15110712
1591242503.59645557,5.92653426,0.05510004,-0.15185063
1591242503.60881400,5.91678136,0.05773026,-0.15201469
1591242503.62036014,5.90674571,0.06068684,-0.15177383
1591242503.63268447,5.89636275,0.06353173,-0.15130608
1591242503.64429283,5.88566563,0.06610609,-0.15087499
1591242503.65685797,5.87451472,0.06842738,-0.15045087
1591242503.66839242,5.86292399,0.07054446,-0.15000058
1591242503.68071651,5.85108891,0.07246782,-0.14945953
1591242503.69236875,5.83960988,0.07394436,-0.14890626
1591242503.70468974,5.82901922,0.07519577,-0.14831983
1591242503.71647429,5.81941642,0.07622202,-0.14784684
1591242503.72863150,5.81030580,0.07738964,-0.14756061
1591242503.74044991,5.80162279,0.07898662,-0.14733371
1591242503.75283170,5.79325568,0.08119795,-0.14698988
1591242503.76446629,5.78516608,0.08407426,-0.14644360
1591242503.77672315,5.77719341,0.08750906,-0.14566169
1591242503.78831148,5.76932896,0.09157568,-0.14468605
1591242503.80063081,5.76189735,0.09638581,-0.14357951
1591242503.81245375,5.75476419,0.10203893,-0.14226702
1591242503.82481360,5.74763277,0.10824008,-0.14051820
1591242503.83633327,5.74054324,0.11494215,-0.13843952
1591242503.84863162,5.73336296,0.12142430,-0.13592275
1591242503.86024189,5.72609890,0.12771621,-0.13284050
1591242503.87282586,5.71894654,0.13350373,-0.12968844
1591242503.88435650,5.71212056,0.13853551,-0.12686100
1591242503.89670038,5.70564713,0.14295817,-0.12490100
1591242503.90862560,5.69939711,0.14676997,-0.12439660
1591242503.92075157,5.69283292,0.15021525,-0.12562007
1591242503.93229628,5.68550080,0.15374954,-0.12844227
1591242503.94486904,5.67736582,0.15814254,-0.13215808
1591242503.95637655,5.66847162,0.16455662,-0.13550562
1591242503.96867895,5.65949539,0.17277189,-0.13842206
1591242503.98044658,5.65075827,0.18309377,-0.14038381
1591242503.99282122,5.64259886,0.19426213,-0.14028782
1591242504.00435805,5.63551282,0.20483882,-0.13769601
1591242504.01673031,5.62961710,0.21388835,-0.13277243
1591242504.02827096,5.62475112,0.22124143,-0.12609655
1591242504.04084611,5.62071592,0.22664846,-0.11867890
1591242504.05237699,5.61727762,0.23007977,-0.11074463
1591242504.06470156,5.61433150,0.23145684,-0.10267772
1591242504.07647324,5.61188106,0.23082852,-0.09448689
1591242504.08877730,5.60978318,0.22843742,-0.08627337
1591242504.10030437,5.60802214,0.22474605,-0.07826056
1591242504.11286616,5.60677248,0.22018201,-0.07152883
1591242504.12437963,5.60601327,0.21514848,-0.06654242
1591242504.13668180,5.60584222,0.20938191,-0.06275157
1591242504.14846301,5.60645658,0.20298005,-0.06049311
1591242504.16075706,5.60759977,0.19604934,-0.05922600
1591242504.17227030,5.60893495,0.18884113,-0.05904623
1591242504.18481231,5.61038182,0.18124895,-0.05932374
1591242504.19633079,5.61188979,0.17329549,-0.05986654
1591242504.20863843,5.61336285,0.16524428,-0.06053675
1591242504.22047830,5.61472420,0.15760498,-0.06106907
1591242504.23279095,5.61604018,0.15041073,-0.06101846
1591242504.24436879,5.61737536,0.14366329,-0.06025400
1591242504.25670910,5.61885365,0.13763492,-0.05884727
1591242504.26848674,5.62074559,0.13248096,-0.05711765
1591242504.28079200,5.62340024,0.12800070,-0.05512622
1591242504.29232001,5.62683679,0.12416796,-0.05342278
1591242504.30486178,5.63067477,0.12056909,-0.05266531
1591242504.31646419,5.63458780,0.11687248,-0.05325349
1591242504.32885933,5.63839959,0.11264879,-0.05505816
1591242504.34046888,5.64176634,0.10778106,-0.05792748
1591242504.35282207,5.64447858,0.10239323,-0.06146177
1591242504.36438704,5.64653457,0.09705601,-0.06545508
1591242504.37670660,5.64789942,0.09237330,-0.06955137
1591242504.38854861,5.64869180,0.08859989,-0.07308217
1591242504.40086913,5.64942135,0.08521919,-0.07566526
1591242504.41244817,5.65032019,0.08192750,-0.07739139
1591242504.42480040,5.65160650,0.07884350,-0.07858170
1591242504.43632317,5.65339023,0.07615046,-0.07928158
1591242504.44888091,5.65553524,0.07393215,-0.07940899
1591242504.46043420,5.65795950,0.07246607,-0.07863406
1591242504.47281694,5.66090213,0.07178365,-0.07721860
1591242504.48434448,5.66437358,0.07168242,-0.07564955
1591242504.49663353,5.66816095,0.07187091,-0.07467042
1591242504.50844240,5.67202511,0.07194247,-0.07483623
1591242504.52074242,5.67563619,0.07109948,-0.07695331
1591242504.53228927,5.67829433,0.06863158,-0.08114734
1591242504.54466653,5.67907624,0.06492974,-0.08666258
1591242504.55647945,5.67757875,0.06121568,-0.09256179
1591242504.56880116,5.67432022,0.05817182,-0.09717121
1591242504.58033061,5.67021346,0.05702689,-0.10027440
1591242504.59263754,5.66627250,0.05772327,-0.10252762
1591242504.60444880,5.66337875,0.05951398,-0.10395879
1591242504.61675382,5.66203310,0.06178989,-0.10473197
1591242504.62826037,5.66224254,0.06404137,-0.10525208
1591242504.64082646,5.66353932,0.06612703,-0.10558893
1591242504.65235686,5.66547663,0.06798756,-0.10581582
1591242504.66465306,5.66746805,0.06954090,-0.10552784
1591242504.67644572,5.66887130,0.07072772,-0.10433055
1591242504.68876338,5.66934079,0.07150265,-0.10202846
1591242504.70035887,5.66910517,0.07202625,-0.09900555
1591242504.71284294,5.66874913,0.07244338,-0.09578367
1591242504.72427583,5.66868629,0.07275405,-0.09278519
1591242504.73686838,5.66906328,0.07280990,-0.09005899
1591242504.74838614,5.67009826,0.07232819,-0.08751081
1591242504.76071882,5.67178251,0.07133684,-0.08519825
1591242504.77232361,5.67404271,0.06983062,-0.08333598
1591242504.78463030,5.67666419,0.06783571,-0.08201826
1591242504.79642296,5.67948465,0.06538876,-0.08106182
1591242504.80872798,5.68267511,0.06247755,-0.08108800
1591242504.82031298,5.68589524,0.05938134,-0.08197462
1591242504.83268571,5.68875060,0.05640730,-0.08376708
1591242504.84449673,5.69113297,0.05397082,-0.08618261
1591242504.85679770,5.69325878,0.05193925,-0.08883900
1591242504.86832523,5.69518912,0.05039464,-0.09161059
1591242504.88088250,5.69697284,0.04938933,-0.09421636
1591242504.89239383,5.69873912,0.04868247,-0.09639453
1591242504.90467787,5.70064851,0.04826010,-0.09789377
1591242504.91644812,5.70288253,0.04783598,-0.09884672
1591242504.92867804,5.70540278,0.04738743,-0.09940174
1591242504.94050360,5.70802776,0.04671199,-0.09973859
1591242504.95280719,5.71052533,0.04593707,-0.10007020
1591242504.96441960,5.71278378,0.04501553,-0.10048035
1591242504.97675085,5.71511729,0.04367163,-0.10099348
1591242504.98827076,5.71763056,0.04205196,-0.10163227
1591242505.00062871,5.72031488,0.04020191,-0.10220474
1591242505.01243329,5.72293636,0.03813893,-0.10256078
1591242505.02483296,5.72535190,0.03590317,-0.10271961
1591242505.03636146,5.72706581,0.03383670,-0.10255555
1591242505.04867029,5.72740441,0.03182608,-0.10191850
1591242505.06045198,5.72625423,0.02981895,-0.09965306
1591242505.07282567,5.72405512,0.02830575,-0.09605943
1591242505.08434963,5.72175477,0.02705958,-0.09130865
1591242505.09662628,5.72023634,0.02609791,-0.08620356
1591242505.10840011,5.71971274,0.02521652,-0.08122239
1591242505.12070227,5.71988553,0.02409252,-0.07653443
1591242505.13230252,5.72049814,0.02253569,-0.07227408
1591242505.14487982,5.72155406,0.02050936,-0.06862111
1591242505.15639138,5.72273740,0.01830676,-0.06570292
1591242505.16869783,5.72378285,0.01600292,-0.06316347
1591242505.18048620,5.72454556,0.01391900,-0.06085265
1591242505.19279242,5.72488415,0.01211084,-0.05852438
1591242505.20434928,5.72497665,0.01076519,-0.05582785
1591242505.21666050,5.72533270,0.00996758,-0.05292187
1591242505.22846174,5.72623503,0.00975290,-0.05019741
1591242505.24075747,5.72772206,0.00995361,-0.04814665
1591242505.25227141,5.72969777,0.01004437,-0.04681497
1591242505.26490378,5.73189339,0.00986111,-0.04614127
1591242505.27638841,5.73422166,0.00929388,-0.04582013
1591242505.28884435,5.73693216,0.00851895,-0.04577999
1591242505.30039382,5.74015229,0.00760789,-0.04644845
1591242505.31287885,5.74385239,0.00666018,-0.04806986
1591242505.32430601,5.74771306,0.00541052,-0.05031435
1591242505.33674669,5.75151962,0.00350811,-0.05293933
1591242505.34830356,5.75511674,0.00115192,-0.05561492
1591242505.36089897,5.75846254,-0.00147829,-0.05829225
1591242505.37247634,5.76159366,-0.00403695,-0.06111619
1591242505.38479710,5.76440888,-0.00649612,-0.06404311
1591242505.39646411,5.76674238,-0.00859749,-0.06713758
1591242505.40892625,5.76856276,-0.01066047,-0.07057937
1591242505.42039371,5.76966232,-0.01315106,-0.07396182
1591242505.43287659,5.76964312,-0.01566608,-0.07767064
1591242505.44431853,5.76822766,-0.01789835,-0.08098502
1591242505.45663929,5.76550669,-0.01940457,-0.08288394
1591242505.46843505,5.76189735,-0.01936443,-0.08247204
1591242505.48076844,5.75776790,-0.01688432,-0.07938979
1591242505.49230552,5.75387232,-0.01228712,-0.07386582
1591242505.50485539,5.75072724,-0.00650833,-0.06623699
1591242505.51637745,5.74826982,0.00002793,-0.05741086
1591242505.52876449,5.74661699,0.00558156,-0.04781155
1591242505.54049468,5.74558725,0.00997456,-0.03815813
1591242505.55285501,5.74477218,0.01335526,-0.02979801
1591242505.56439114,5.74396758,0.01522451,-0.02271721
1591242505.57671499,5.74332355,0.01541824,-0.01715833
1591242505.58850527,5.74267778,0.01441642,-0.01378461
1591242505.60080719,5.74184351,0.01276359,-0.01248085
1591242505.61232567,5.74099878,0.01097114,-0.01252623
1591242505.62488985,5.74074047,0.00882089,-0.01328894
1591242505.63646722,5.74140893,0.00660607,-0.01492780
1591242505.64876509,5.74318393,0.00431096,-0.01755278
1591242505.66027069,5.74591188,0.00212058,-0.02127207
1591242505.67283487,5.74923498,0.00007156,-0.02580120
1591242505.68435717,5.75308518,-0.00204902,-0.03110177
1591242505.69665384,5.75724430,-0.00396364,-0.03698702
1591242505.70844221,5.76146451,-0.00542099,-0.04371701
1591242505.72073150,5.76557127,-0.00662003,-0.05055346
1591242505.73237562,5.76924867,-0.00743336,-0.05719269
1591242505.74475670,5.77220526,-0.00775799,-0.06362423
1591242505.75632143,5.77438692,-0.00783129,-0.06903650
1591242505.76889277,5.77603626,-0.00746128,-0.07343647
1591242505.78048325,5.77734002,-0.00669334,-0.07690095
1591242505.79281569,5.77849368,-0.00558156,-0.07919082
1591242505.80434036,5.77952692,-0.00419752,-0.08031656
1591242505.81690025,5.78055317,-0.00250280,-0.08055742
1591242505.82843637,5.78153754,-0.00059690,-0.07994830
1591242505.84074473,5.78256379,0.00140674,-0.07884001
1591242505.85229802,5.78355514,0.00345052,-0.07732681
1591242505.86486316,5.78451681,0.00535816,-0.07587644
1591242505.87638569,5.78557274,0.00673523,-0.07468787
1591242505.88869786,5.78655187,0.00768119,-0.07394087
1591242505.90047264,5.78752925,0.00822050,-0.07384488
1591242505.91277575,5.78858867,0.00832871,-0.07421838
1591242505.92427015,5.78976677,0.00815941,-0.07516260
1591242505.93681145,5.79107925,0.00789063,-0.07648556
1591242505.94833660,5.79235683,0.00767421,-0.07776664
1591242505.96066022,5.79358380,0.00756426,-0.07893252
1591242505.97245884,5.79476015,0.00764454,-0.07994306
1591242505.98475027,5.79574452,0.00778417,-0.08068483
1591242505.99631763,5.79635364,0.00816989,-0.08094313
1591242506.00888252,5.79654039,0.00869174,-0.08085238
1591242506.02038980,5.79650897,0.00918218,-0.08055393
1591242506.03268576,5.79644090,0.00963945,-0.08027293
1591242506.04432416,5.79635364,0.01010720,-0.08022930
1591242506.05689645,5.79639203,0.01063778,-0.08042128
1591242506.06843972,5.79658402,0.01121025,-0.08083143
1591242506.08074403,5.79691738,0.01174258,-0.08131314
1591242506.09251714,5.79739560,0.01219985,-0.08167792
1591242506.10483384,5.79799774,0.01261000,-0.08198859
1591242506.11634731,5.79867842,0.01293638,-0.08236732
1591242506.12881637,5.79928579,0.01317549,-0.08288045
1591242506.14027691,5.79957901,0.01331686,-0.08334122
1591242506.15266442,5.79955981,0.01337620,-0.08368505
1591242506.16432095,5.79924216,0.01351234,-0.08377231
1591242506.17667961,5.79882677,0.01370258,-0.08361872
1591242506.18851972,5.79854228,0.01390678,-0.08330282
1591242506.20087934,5.79838346,0.01420349,-0.08280191
1591242506.21245432,5.79836949,0.01465204,-0.08222246
1591242506.22479486,5.79859639,0.01510059,-0.08166745
1591242506.23634052,5.79899083,0.01551423,-0.08122762
1591242506.24882603,5.79918805,0.01593137,-0.08090474
1591242506.26043725,5.79917933,0.01634501,-0.08061152
1591242506.27283549,5.79918456,0.01668535,-0.08033925
1591242506.28444123,5.79924739,0.01702045,-0.08011585
1591242506.29677534,5.79925263,0.01740268,-0.07992910
1591242506.30833697,5.79923169,0.01786868,-0.07984532
1591242506.32073879,5.79930499,0.01841846,-0.07986627
1591242506.33232284,5.79951443,0.01911834,-0.08005302
1591242506.34466171,5.79976401,0.01978854,-0.08025897
1591242506.35649443,5.80006595,0.02027898,-0.08056265
1591242506.36885166,5.80042724,0.02061234,-0.08087158
1591242506.38048148,5.80083390,0.02077116,-0.08121366
1591242506.39284754,5.80136099,0.02080083,-0.08165348
1591242506.40443897,5.80201723,0.02070135,-0.08229227
1591242506.41679835,5.80272234,0.02066819,-0.08308465
1591242506.42836833,5.80336637,0.02071531,-0.08380198
1591242506.44071245,5.80387426,0.02095442,-0.08439714
1591242506.45244026,5.80431059,0.02125462,-0.08480729
1591242506.46490288,5.80466140,0.02161939,-0.08505688
1591242506.47644973,5.80497905,0.02183232,-0.08521221
1591242506.48876119,5.80522340,0.02200337,-0.08536231
1591242506.50052023,5.80539968,0.02212205,-0.08557873
1591242506.51282430,5.80557945,0.02233323,-0.08584053
1591242506.52434158,5.80579238,0.02259503,-0.08622276
1591242506.53689241,5.80602276,0.02282891,-0.08671145
1591242506.54846239,5.80621126,0.02301566,-0.08723679
1591242506.56075978,5.80625838,0.02321288,-0.08771676
1591242506.57227325,5.80615366,0.02351657,-0.08798903
1591242506.58484793,5.80616064,0.02382723,-0.08811993
1591242506.59636831,5.80630376,0.02439621,-0.08812691
1591242506.60867953,5.80648004,0.02523746,-0.08815658
1591242506.62046695,5.80671391,0.02615725,-0.08824385
1591242506.63276243,5.80692684,0.02700548,-0.08836253
1591242506.64452386,5.80714152,0.02771059,-0.08858593
1591242506.65688419,5.80732129,0.02831797,-0.08896118
1591242506.66844320,5.80743299,0.02881888,-0.08941845
1591242506.68074584,5.80746964,0.02918365,-0.09001012
1591242506.69252443,5.80746964,0.02948210,-0.09069254
1591242506.70466065,5.80763719,0.02974390,-0.09137497
1591242506.71646023,5.80791470,0.03005282,-0.09207135
1591242506.72881246,5.80812763,0.03037920,-0.09268746
1591242506.74035263,5.80818872,0.03081379,-0.09304176
1591242506.75267005,5.80818348,0.03131819,-0.09310459
1591242506.76445150,5.80813112,0.03197618,-0.09287770
1591242506.77675915,5.80814159,0.03257832,-0.09252688
1591242506.78857112,5.80825329,0.03320838,-0.09225287
1591242506.80067730,5.80844877,0.03374420,-0.09220225
1591242506.81246781,5.80867217,0.03431492,-0.09222320
1591242506.82475805,5.80876816,0.03484899,-0.09235235
1591242506.83651733,5.80877689,0.03532721,-0.09252514
1591242506.84882116,5.80879784,0.03579321,-0.09260542
1591242506.86050773,5.80893921,0.03610214,-0.09274156
1591242506.87285852,5.80919228,0.03647215,-0.09287944
1591242506.88438869,5.80954658,0.03685786,-0.09295798
1591242506.89676738,5.80999339,0.03729594,-0.09299638
1591242506.90833902,5.81053618,0.03784223,-0.09302256
1591242506.92090631,5.81109643,0.03845309,-0.09304001
1591242506.93244958,5.81172475,0.03893306,-0.09309935
1591242506.94475222,5.81245430,0.03932227,-0.09330879
1591242506.95651793,5.81320479,0.03965737,-0.09371371
1591242506.96881175,5.81384707,0.03992266,-0.09421287
1591242506.98034143,5.81437067,0.04013210,-0.09465793
1591242506.99272037,5.81489252,0.04039914,-0.09489006
1591242507.00450158,5.81544579,0.04078834,-0.09500874
1591242507.01678085,5.81603397,0.04107632,-0.09537526
1591242507.02831411,5.81683508,0.04099953,-0.09631599
1591242507.04086399,5.81772170,0.03992964,-0.09796184
1591242507.05245399,5.81864498,0.03776194,-0.10067583
1591242507.06484151,5.81979865,0.03451912,-0.10421012
1591242507.07638526,5.82111113,0.03094469,-0.10835702
1591242507.08867574,5.82269938,0.02736851,-0.11240619
1591242507.10045719,5.82454420,0.02398431,-0.11598411
1591242507.11282229,5.82647278,0.02113768,-0.11870333
1591242507.12434125,5.82834029,0.01911485,-0.12044343
1591242507.13690114,5.82986745,0.01809557,-0.12100542
1591242507.14845061,5.83100890,0.01805718,-0.12056560
1591242507.16073847,5.83174019,0.01876403,-0.11938401
1591242507.17252064,5.83189901,0.02017426,-0.11767359
1591242507.18481255,5.83152377,0.02177647,-0.11583576
1591242507.19632721,5.83081342,0.02331236,-0.11411137
1591242507.20889187,5.82999137,0.02471561,-0.11246204
1591242507.22047400,5.82912568,0.02602984,-0.11073416
1591242507.23278046,5.82836123,0.02744530,-0.10870958
1591242507.24431491,5.82768404,0.02904926,-0.10627833
1591242507.25687504,5.82704700,0.03052930,-0.10356260
1591242507.26845860,5.82654783,0.03174754,-0.10094286
1591242507.28076553,5.82627207,0.03271794,-0.09866172
1591242507.29229569,5.82608183,0.03351556,-0.09685530
1591242507.30492353,5.82600678,0.03429397,-0.09553583
1591242507.31645465,5.82600155,0.03507065,-0.09455496
1591242507.32891417,5.82595617,0.03582637,-0.09390919
1591242507.34047079,5.82592475,0.03637964,-0.09363691
1591242507.35277724,5.82598235,0.03674616,-0.09365262
1591242507.36433911,5.82607310,0.03697480,-0.09387253
1591242507.37667370,5.82634363,0.03710745,-0.09424603
1591242507.38847041,5.82676600,0.03720518,-0.09465444
1591242507.40078235,5.82711158,0.03725580,-0.09513615
1591242507.41231799,5.82730007,0.03721740,-0.09570862
1591242507.42487788,5.82742573,0.03721391,-0.09622000
1591242507.43639278,5.82737687,0.03729769,-0.09642421
1591242507.44875908,5.82705922,0.03747746,-0.09646609
1591242507.46030927,5.82657227,0.03773925,-0.09627585
1591242507.47267246,5.82597886,0.03802898,-0.09595297
1591242507.48455310,5.82539592,0.03813195,-0.09561088
1591242507.49686408,5.82482519,0.03805341,-0.09528451
1591242507.50838685,5.82428589,0.03780558,-0.09506110
1591242507.52070999,5.82381116,0.03762755,-0.09503841
1591242507.53232837,5.82335912,0.03760486,-0.09519724
1591242507.54491234,5.82298562,0.03767817,-0.09541017
1591242507.55645823,5.82253707,0.03787015,-0.09559168
1591242507.56882501,5.82200474,0.03824540,-0.09569989
1591242507.58036542,5.82149161,0.03883532,-0.09567197
1591242507.59268522,5.82110764,0.03962246,-0.09548696
1591242507.60452080,5.82095056,0.04057541,-0.09527229
1591242507.61684728,5.82083537,0.04164705,-0.09499827
1591242507.62836385,5.82081617,0.04264537,-0.09464746
1591242507.64073014,5.82083537,0.04352851,-0.09440137
1591242507.65252566,5.82092089,0.04416905,-0.09435075
1591242507.66486216,5.82117047,0.04457222,-0.09452703
1591242507.67646241,5.82149161,0.04473977,-0.09492671
1591242507.68878889,5.82187733,0.04464029,-0.09541191
1591242507.70037341,5.82228225,0.04448844,-0.09593726
1591242507.71269488,5.82260513,0.04426853,-0.09644166
1591242507.72454619,5.82286170,0.04400673,-0.09691464
1591242507.73687506,5.82300656,0.04392819,-0.09708918
1591242507.74839497,5.82310081,0.04409749,-0.09704380
1591242507.76070046,5.82321251,0.04429297,-0.09690766
1591242507.77255177,5.82329279,0.04441339,-0.09678200
1591242507.78488636,5.82330676,0.04434183,-0.09673138
1591242507.79642320,5.82320902,0.04412541,-0.09672964
1591242507.80874038,5.82290010,0.04378158,-0.09675058
1591242507.82055521,5.82243409,0.04350059,-0.09672789
1591242507.83293772,5.82198903,0.04332605,-0.09667728
1591242507.84447265,5.82161553,0.04327544,-0.09660397
1591242507.85678434,5.82128392,0.04331558,-0.09638406
1591242507.86833858,5.82105354,0.04339063,-0.09602627
1591242507.88077259,5.82081268,0.04343426,-0.09559866
1591242507.89232802,5.82063466,0.04340459,-0.09539621
1591242507.90490913,5.82064338,0.04331733,-0.09546951
1591242507.91645885,5.82073240,0.04326497,-0.09578716
1591242507.92883682,5.82080046,0.04312883,-0.09628981
1591242507.94041109,5.82081094,0.04301364,-0.09691290
1591242507.95273232,5.82080046,0.04289147,-0.09757612
1591242507.96452332,5.82079348,0.04270297,-0.09826727
1591242507.97688031,5.82080570,0.04243943,-0.09880134
1591242507.98842478,5.82083188,0.04229980,-0.09925164
1591242508.00074339,5.82078127,0.04229456,-0.09965306
1591242508.01252627,5.82069051,0.04233296,-0.09999864
1591242508.02481842,5.82064513,0.04254066,-0.10020633
1591242508.03634953,5.82060673,0.04277453,-0.10022902
1591242508.04892468,5.82050201,0.04301364,-0.10003878
1591242508.06048584,5.82037809,0.04339587,-0.09975429
1591242508.07279754,5.82009884,0.04376413,-0.09924640
1591242508.08439183,5.81971661,0.04424933,-0.09851860
1591242508.09671307,5.81939198,0.04488114,-0.09760579
1591242508.10852122,5.81921221,0.04543965,-0.09664935
1591242508.12089753,5.81935533,0.04595801,-0.09578192
1591242508.13245177,5.81979515,0.04627391,-0.09507332
1591242508.14475679,5.82015120,0.04651302,-0.09466317
1591242508.15655875,5.82037635,0.04657760,-0.09455496
1591242508.16888595,5.82068004,0.04663171,-0.09468586
1591242508.18049073,5.82098198,0.04669628,-0.09492322
1591242508.19304991,5.82106401,0.04678879,-0.09521993
1591242508.20437789,5.82102910,0.04693365,-0.09550093
1591242508.21682024,5.82121236,0.04703662,-0.09573480
1591242508.22836399,5.82161204,0.04713960,-0.09597391
1591242508.24076390,5.82209201,0.04719894,-0.09605594
1591242508.25231981,5.82261561,0.04725828,-0.09604721
1591242508.26484609,5.82312175,0.04722337,-0.09598089
1591242508.27645636,5.82358252,0.04726352,-0.09597566
1591242508.28878117,5.82403456,0.04712214,-0.09610132
1591242508.30033255,5.82446740,0.04686035,-0.09637708
1591242508.31271648,5.82483741,0.04661949,-0.09675407
1591242508.32450771,5.82510794,0.04646241,-0.09708568
1591242508.33682227,5.82541861,0.04655666,-0.09724626
1591242508.34833980,5.82577465,0.04681846,-0.09719739
1591242508.36089563,5.82603645,0.04724257,-0.09688148
1591242508.37248111,5.82640646,0.04758117,-0.09659350
1591242508.38491464,5.82701733,0.04765622,-0.09649576
1591242508.39645123,5.82776956,0.04758291,-0.09683087
1591242508.40881443,5.82850609,0.04736649,-0.09762674
1591242508.42034864,5.82905238,0.04705582,-0.09885719
1591242508.43271041,5.82928800,0.04683067,-0.10020982
1591242508.44448853,5.82919724,0.04676959,-0.10120466
1591242508.45678568,5.82887785,0.04674515,-0.10170906
1591242508.46836901,5.82853227,0.04665614,-0.10148566
1591242508.48079753,5.82836123,0.04666312,-0.10071422
1591242508.49239779,5.82854798,0.04669977,-0.09962688
1591242508.50470972,5.82909252,0.04660902,-0.09864601
1591242508.51648998,5.82990410,0.04637689,-0.09790075
1591242508.52894092,5.83090243,0.04607495,-0.09750805
1591242508.54049969,5.83192519,0.04558625,-0.09748711
1591242508.55286217,5.83267568,0.04506091,-0.09771575
1591242508.56439209,5.83313471,0.04442212,-0.09799500
1591242508.57670021,5.83343839,0.04386711,-0.09836850
1591242508.58832479,5.83365481,0.04349884,-0.09889036
1591242508.60090780,5.83383633,0.04318468,-0.09947679
1591242508.61244845,5.83399690,0.04295604,-0.10000562
1591242508.62474418,5.83429360,0.04286529,-0.10038261
1591242508.63651395,5.83472819,0.04286354,-0.10042974
1591242508.64881682,5.83512438,0.04284434,-0.10001086
1591242508.66033816,5.83548916,0.04297524,-0.09926560
1591242508.67274833,5.83596039,0.04326846,-0.09838421
1591242508.68432808,5.83653810,0.04371352,-0.09756565
1591242508.69689727,5.83721005,0.04421792,-0.09685007
1591242508.70840335,5.83793436,0.04482529,-0.09638755
1591242508.72071409,5.83834626,0.04565781,-0.09609085
1591242508.73231554,5.83854697,0.04667883,-0.09601580
1591242508.74492311,5.83888557,0.04777839,-0.09629854
1591242508.75645185,5.83933237,0.04911007,-0.09707172
1591242508.76883078,5.83972507,0.05074545,-0.09822015
1591242508.78033400,5.83983852,0.05291664,-0.09944013
1591242508.79281950,5.83975998,0.05533915,-0.10042625
1591242508.80437064,5.83962733,0.05783498,-0.10083814
1591242508.81669021,5.83963606,0.06030985,-0.10063743
1591242508.82849884,5.83974950,0.06298544,-0.09979967
1591242508.84093523,5.83966747,0.06584080,-0.09836501
1591242508.85239530,5.83953832,0.06886371,-0.09652543
1591242508.86489129,5.83941266,0.07208559,-0.09441184
1591242508.87646794,5.83913166,0.07566700,-0.09191951
1591242508.88879919,5.83869533,0.07969173,-0.08911128
1591242508.90035558,5.83799719,0.08423483,-0.08592605
1591242508.91290998,5.83708788,0.08918807,-0.08245634
1591242508.92449355,5.83620300,0.09453401,-0.07920479
1591242508.93681026,5.83556944,0.09991312,-0.07631452
1591242508.94833589,5.83534429,0.10496934,-0.07400720
1591242508.96088433,5.83552581,0.10954035,-0.07209955
1591242508.97245026,5.83603893,0.11361395,-0.07024078
1591242508.98476338,5.83673008,0.11724598,-0.06828601
1591242508.99637866,5.83797276,0.12053767,-0.06616020
1591242509.00869846,5.84004446,0.12369847,-0.06383891
1591242509.02046871,5.84303770,0.12682435,-0.06163107
1591242509.03277802,5.84688441,0.13009335,-0.05977753
1591242509.04431534,5.85118665,0.13340424,-0.05824687
1591242509.05688667,5.85567389,0.13670466,-0.05700769
1591242509.06842494,5.86010004,0.13979040,-0.05585403
1591242509.08073258,5.86439355,0.14259689,-0.05459041
1591242509.09233451,5.86857536,0.14490247,-0.05295154
1591242509.10491276,5.87283920,0.14668620,-0.05098107
1591242509.11644840,5.87728281,0.14816100,-0.04884828
1591242509.12894940,5.88201091,0.14953806,-0.04667534
1591242509.14051270,5.88694670,0.15096225,-0.04432787
1591242509.15282059,5.89187202,0.15266046,-0.04182682
1591242509.16461539,5.89692824,0.15458730,-0.03954916
1591242509.17686129,5.90227243,0.15637103,-0.03789982
1591242509.18840837,5.90776848,0.15780918,-0.03713188
1591242509.20081377,5.91330291,0.15855967,-0.03729769
1591242509.21234369,5.91864537,0.15859807,-0.03813195
1591242509.22489691,5.92391975,0.15754040,-0.03916519
1591242509.23646450,5.92950655,0.15546520,-0.04046022
1591242509.24877024,5.93562219,0.15232012,-0.04215494
1591242509.26056004,5.94214448,0.14800043,-0.04463854
1591242509.27288246,5.94879768,0.14238047,-0.04802099
1591242509.28440571,5.95510181,0.13577440,-0.05246460
1591242509.29674053,5.96074445,0.12856270,-0.05816135
1591242509.30852580,5.96553538,0.12123057,-0.06457020
1591242509.32089829,5.96995281,0.11412883,-0.07100872
1591242509.33244038,5.97407353,0.10784215,-0.07725351
1591242509.34474492,5.97787486,0.10248922,-0.08299041
1591242509.35651422,5.98155052,0.09793741,-0.08791747
1591242509.36881638,5.98533265,0.09372593,-0.09213070
1591242509.38035131,5.98921077,0.08964709,-0.09571386
1591242509.39292693,5.99302257,0.08544783,-0.09877167
1591242509.40450215,5.99659352,0.08139343,-0.10171430
1591242509.41676474,5.99960072,0.07737045,-0.10439338
1591242509.42841816,6.00174398,0.07328812,-0.10663264
1591242509.44077158,6.00294303,0.06923896,-0.10840415
1591242509.45245934,6.00316992,0.06575877,-0.10955083
1591242509.46491790,6.00260618,0.06340956,-0.10997843
1591242509.47645497,6.00169861,0.06148969,-0.11003428
1591242509.48879337,6.00075613,0.05908114,-0.11035891
1591242509.50063467,5.99972464,0.05682618,-0.11181103
1591242509.51288915,5.99832663,0.05460088,-0.11418293
1591242509.52445650,5.99667031,0.05276130,-0.11731056
1591242509.53682971,5.99497909,0.05127777,-0.12109967
1591242509.54837537,5.99309937,0.05058139,-0.12530766
1591242509.56074929,5.99112016,0.05003510,-0.12943187
1591242509.57255793,5.98932422,0.04951325,-0.13330127
1591242509.58484077,5.98809900,0.04880813,-0.13751624
1591242509.59645534,5.98760158,0.04738220,-0.14271732
1591242509.60891342,5.98739040,0.04455477,-0.14927103
1591242509.62052512,5.98683015,0.04023682,-0.15712152
1591242509.63296056,5.98595748,0.03495894,-0.16649743
1591242509.64433789,5.98467990,0.02919587,-0.17668492
1591242509.65691996,5.98272513,0.02383247,-0.18651287
1591242509.66846538,5.98026771,0.01979727,-0.19541928
1591242509.68078470,5.97767938,0.01728050,-0.20278282
1591242509.69232512,5.97528654,0.01636421,-0.20833821
1591242509.70493698,5.97297223,0.01724036,-0.21202609
1591242509.71647048,5.97079232,0.01969604,-0.21386043
1591242509.72876930,5.96855829,0.02428451,-0.21426360
1591242509.74055243,5.96631205,0.03083299,-0.21342759
1591242509.75283861,5.96430144,0.03914774,-0.21231581
1591242509.76435781,5.96227336,0.04887969,-0.21126512
1591242509.77696657,5.95969028,0.05942846,-0.21028774
1591242509.78834820,5.95628514,0.06977477,-0.20979730
1591242509.80075550,5.95205795,0.07905643,-0.20992471
1591242509.81239605,5.94701919,0.08668701,-0.21069440
1591242509.82481766,5.94111299,0.09258623,-0.21148329
1591242509.83654761,5.93476872,0.09696875,-0.21194755
1591242509.84880638,5.92840001,0.10010161,-0.21165433
1591242509.86050868,5.92234547,0.10203718,-0.21025981
1591242509.87288070,5.91697334,0.10310882,-0.20813924
1591242509.88447213,5.91224001,0.10375284,-0.20542874
1591242509.89685988,5.90814896,0.10413856,-0.20266938
1591242509.90847707,5.90455358,0.10464820,-0.20022592
1591242509.92086649,5.90094947,0.10490301,-0.19821006
1591242509.93239737,5.89728952,0.10485764,-0.19669686
1591242509.94470382,5.89357895,0.10468310,-0.19604062
1591242509.95648408,5.88985791,0.10411413,-0.19631987
1591242509.96877098,5.88622937,0.10280164,-0.19713494
1591242509.98039246,5.88283121,0.10088876,-0.19820832
1591242509.99283338,5.87965122,0.09836152,-0.19939514
1591242510.00447106,5.87673827,0.09530894,-0.20071810
1591242510.01685882,5.87386895,0.09180432,-0.20225748
1591242510.02838588,5.87095948,0.08763647,-0.20408484
1591242510.04096103,5.86813554,0.08273384,-0.20594187
1591242510.05232143,5.86497824,0.07719068,-0.20731021
1591242510.06489325,5.86128687,0.07175572,-0.20829457
1591242510.07639670,5.85768800,0.06729466,-0.20947267
1591242510.08888030,5.85493561,0.06343225,-0.21087243
1591242510.10046363,5.85379068,0.05969724,-0.21293715
1591242510.11272955,5.85422526,0.05559397,-0.21591643
1591242510.12438011,5.85540511,0.05102296,-0.21957115
1591242510.13674664,5.85619400,0.04597197,-0.22322936
1591242510.14859104,5.85606310,0.04044451,-0.22616326
1591242510.16093826,5.85492689,0.03458894,-0.22791731
1591242510.17266679,5.85300179,0.02895327,-0.22866431
1591242510.18491483,5.85046583,0.02394068,-0.22896451
1591242510.19652724,5.84766981,0.01976760,-0.22908145
1591242510.20894837,5.84524555,0.01667488,-0.22954919
1591242510.22051001,5.84317384,0.01440595,-0.23079361
1591242510.23281598,5.84104105,0.01286657,-0.23255291
1591242510.24438667,5.83865693,0.01217018,-0.23451466
1591242510.25671268,5.83581553,0.01220683,-0.23608894
1591242510.26858044,5.83211369,0.01297303,-0.23652527
1591242510.28197718,5.82732276,0.01468345,-0.23551473
1591242510.29264855,5.82153699,0.01726654,-0.23299273
1591242510.30552888,5.81499201,0.02061583,-0.22942353
1591242510.31644464,5.80829693,0.02438749,-0.22562918
1591242510.32891560,5.80184444,0.02781880,-0.22244396
1591242510.34041810,5.79572532,0.03063053,-0.22049094
1591242510.35281968,5.78974059,0.03246487,-0.21981375
1591242510.36441517,5.78375934,0.03312111,-0.22031466
1591242510.37678814,5.77764196,0.03259053,-0.22161144
1591242510.38833737,5.77159789,0.03113493,-0.22339167
1591242510.40071654,5.76548400,0.02944196,-0.22532201
1591242510.41237712,5.75905246,0.02845410,-0.22740593
1591242510.42473626,5.75202926,0.02899166,-0.22995411
1591242510.43656325,5.74399201,0.03183830,-0.23239234
1591242510.44890761,5.73455153,0.03713013,-0.23322486
1591242510.46048999,5.72369558,0.04483053,-0.23096466
1591242510.47294450,5.71231952,0.05419247,-0.22487869
1591242510.48451400,5.70165905,0.06419845,-0.21492508
1591242510.49690008,5.69262174,0.07412762,-0.20183511
1591242510.50853229,5.68593189,0.08334994,-0.18678165
1591242510.52080584,5.68150050,0.09159662,-0.17116269
1591242510.53238869,5.67886854,0.09845402,-0.15658745
1591242510.54492331,5.67706562,0.10328509,-0.14417990
1591242510.55650020,5.67499915,0.10625041,-0.13424549
1591242510.56886077,5.67227120,0.10770252,-0.12660618
1591242510.58046174,5.66912437,0.10802541,-0.12089023
1591242510.59281015,5.66614160,0.10739884,-0.11634190
1591242510.60435486,5.66384475,0.10627310,-0.11287917
1591242510.61685300,5.66261255,0.10458013,-0.11007268
1591242510.62841058,5.66250434,0.10231644,-0.10755242
1591242510.64074707,5.66314313,0.09966877,-0.10473372
1591242510.65252757,5.66418160,0.09667553,-0.10173175
1591242510.66483974,5.66565640,0.09360375,-0.09903522
1591242510.67638397,5.66774731,0.09083392,-0.09733352
1591242510.68893623,5.67027280,0.08899085,-0.09698446
1591242510.70046115,5.67317528,0.08824036,-0.09822015
1591242510.71283031,5.67661881,0.08895769,-0.10059554
1591242510.72437596,5.68097341,0.09153205,-0.10258347
1591242510.73693776,5.68664573,0.09653765,-0.10358878
1591242510.74845767,5.69329718,0.10397799,-0.10306867
1591242510.76078796,5.70050714,0.11311479,-0.10026393
1591242510.77258015,5.70787766,0.12324992,-0.09571386
1591242510.78488111,5.71501606,0.13383010,-0.09087057
1591242510.79640031,5.72199388,0.14405075,-0.08717047
1591242510.80896378,5.72902756,0.15312646,-0.08527330
1591242510.82056713,5.73589718,0.16084605,-0.08449313
1591242510.83277917,5.74241075,0.16748703,-0.08436747
1591242510.84449697,5.74834138,0.17288708,-0.08412836
1591242510.85687733,5.75375190,0.17721201,-0.08302182
1591242510.86845279,5.75889364,0.18095574,-0.08123984
1591242510.88076901,5.76407552,0.18406591,-0.07886794
1591242510.89257216,5.76945811,0.18669612,-0.07598116
1591242510.90489006,5.77492099,0.18893713,-0.07253763
1591242510.91646266,5.78045369,0.19070340,-0.06898588
1591242510.92887568,5.78635988,0.19167904,-0.06561391
1591242510.94042921,5.79213518,0.19195306,-0.06259449
1591242510.95283198,5.79732404,0.19155512,-0.05999395
1591242510.96437597,5.80179034,0.19069991,-0.05734628
1591242510.97694659,5.80556898,0.19005065,-0.05455725
1591242510.98858166,5.80891652,0.19018504,-0.05135457
1591242511.00090027,5.81218901,0.19072085,-0.04750088
1591242511.01243925,5.81540391,0.19139455,-0.04280420
1591242511.02491856,5.81885093,0.19152021,-0.03771482
1591242511.03646994,5.82266622,0.19054283,-0.03253643
1591242511.04877996,5.82691610,0.18821805,-0.02771234
1591242511.06033564,5.83140858,0.18475532,-0.02404366
1591242511.07272339,5.83579982,0.18108140,-0.02132443
1591242511.08452082,5.84007414,0.17707587,-0.01919688
1591242511.09683061,5.84452647,0.17299704,-0.01736952
1591242511.10837698,5.84931914,0.16911368,-0.01622284
1591242511.12073660,5.85433173,0.16539613,-0.01621062
1591242511.13255191,5.85941762,0.16110785,-0.01761910
1591242511.14489341,5.86444068,0.15625409,-0.02023535
1591242511.15643668,5.86899948,0.15100240,-0.02367016
1591242511.16887665,5.87276764,0.14541385,-0.02710147
1591242511.18040085,5.87594414,0.13959143,-0.03029717
1591242511.19274950,5.87907352,0.13345137,-0.03358712
1591242511.20456791,5.88253276,0.12710360,-0.03771482
1591242511.21688175,5.88654178,0.12014847,-0.04198739
1591242511.22858500,5.89114421,0.11287917,-0.04684813
1591242511.24075913,5.89629294,0.10565700,-0.05237908
1591242511.25256157,5.90183610,0.09854129,-0.05891010
1591242511.26488590,5.90742639,0.09134355,-0.06590014
1591242511.27644396,5.91265889,0.08505513,-0.07296349
1591242511.28882051,5.91742713,0.07986801,-0.07918559
1591242511.30033827,5.92194404,0.07543313,-0.08337438
1591242511.31292605,5.92652727,0.07213446,-0.08530122
1591242511.32449079,5.93153986,0.07004181,-0.08550368
1591242511.33680701,5.93747572,0.06864904,-0.08484220
1591242511.34839773,5.94424062,0.06733131,-0.08387878
1591242511.36071801,5.95124463,0.06588792,-0.08312654
1591242511.37257981,5.95825038,0.06368881,-0.08284903
1591242511.38489532,5.96574657,0.06045821,-0.08402713
1591242511.39640474,5.97356390,0.05641602,-0.08692612
1591242511.40896177,5.98111768,0.05187642,-0.09066811
1591242511.42049718,5.98812867,0.04725304,-0.09453576
1591242511.43286610,5.99466144,0.04288099,-0.09806307
1591242511.44439721,6.00069679,0.03897146,-0.10106329
1591242511.45694971,6.00636911,0.03507239,-0.10339854
1591242511.46848750,6.01145849,0.03116809,-0.10487509
1591242511.48080420,6.01646933,0.02672274,-0.10597465
1591242511.49250555,6.02155696,0.02148151,-0.10683509
1591242511.50491500,6.02662889,0.01544442,-0.10755242
1591242511.51659632,6.03180554,0.00885231,-0.10867467
1591242511.52891135,6.03705549,0.00128282,-0.10999938
1591242511.54052377,6.04255502,-0.00819083,-0.11140437
1591242511.55288863,6.04854324,-0.02044304,-0.11422831
1591242511.56444407,6.05457685,-0.03651578,-0.12027238
1591242511.57681346,6.05994373,-0.05680872,-0.12956975
1591242511.58836627,6.06363510,-0.07909134,-0.14037160
1591242511.60077119,6.06612569,-0.10082069,-0.15071442
1591242511.61257005,6.06818343,-0.11913268,-0.15939045
1591242511.62487125,6.06998985,-0.13336235,-0.16554273
1591242511.63650632,6.07181895,-0.14340323,-0.16823752
1591242511.64882851,6.07422576,-0.15032521,-0.16852376
1591242511.66037226,6.07731150,-0.15561181,-0.16804554
1591242511.67296767,6.08057527,-0.16064360,-0.16793907
1591242511.68451428,6.08333464,-0.16657771,-0.16882221
1591242511.69681311,6.08518119,-0.17374927,-0.17128138
1591242511.70871782,6.08577461,-0.18144094,-0.17486803
1591242511.72089505,6.08514803,-0.18859330,-0.17871648
1591242511.73248482,6.08382682,-0.19440175,-0.18227346
1591242511.74480343,6.08238867,-0.19849804,-0.18514627
1591242511.75659132,6.08056131,-0.20080362,-0.18628597
1591242511.76890445,6.07834299,-0.20107066,-0.18597007
1591242511.78045630,6.07596062,-0.19958538,-0.18399959
1591242511.79282689,6.07368646,-0.19684521,-0.18144268
1591242511.80435491,6.07132503,-0.19349069,-0.17869903
1591242511.81692553,6.06872972,-0.19020947,-0.17595188
1591242511.82844043,6.06594068,-0.18761417,-0.17373880
1591242511.84087324,6.06269263,-0.18567511,-0.17189224
